1.000000e-03 9.992595e-01
1.068725e-03 9.992063e-01
1.142173e-03 9.991313e-01
1.220669e-03 9.990880e-01
1.304560e-03 9.990502e-01
1.394215e-03 9.989507e-01
1.490033e-03 9.988610e-01
1.592435e-03 9.988658e-01
1.701875e-03 9.987133e-01
1.818837e-03 9.986523e-01
1.943836e-03 9.985860e-01
2.077427e-03 9.984975e-01
2.220198e-03 9.984112e-01
2.372781e-03 9.982183e-01
2.535850e-03 9.981403e-01
2.710127e-03 9.979913e-01
2.896380e-03 9.978517e-01
3.095434e-03 9.977197e-01
3.308168e-03 9.975532e-01
3.535522e-03 9.974325e-01
3.778500e-03 9.971528e-01
4.038178e-03 9.969815e-01
4.315702e-03 9.967601e-01
4.612298e-03 9.966138e-01
4.929278e-03 9.963587e-01
5.268043e-03 9.961252e-01
5.630090e-03 9.958157e-01
6.017017e-03 9.956318e-01
6.430537e-03 9.952206e-01
6.872476e-03 9.948736e-01
7.344787e-03 9.945400e-01
7.849557e-03 9.941953e-01
8.389018e-03 9.938129e-01
8.965554e-03 9.933999e-01
9.581711e-03 9.930446e-01
1.024021e-02 9.924083e-01
1.094397e-02 9.920002e-01
1.169610e-02 9.914194e-01
1.249991e-02 9.908282e-01
1.335897e-02 9.901763e-01
1.427706e-02 9.895258e-01
1.525826e-02 9.888559e-01
1.630688e-02 9.879430e-01
1.742757e-02 9.870978e-01
1.862528e-02 9.862225e-01
1.990530e-02 9.850996e-01
2.127330e-02 9.842028e-01
2.273530e-02 9.831303e-01
2.429779e-02 9.819740e-01
2.596765e-02 9.806533e-01
2.775228e-02 9.794176e-01
2.965955e-02 9.780384e-01
3.169791e-02 9.766452e-01
3.387635e-02 9.749358e-01
3.620450e-02 9.731994e-01
3.869265e-02 9.714421e-01
4.135181e-02 9.695095e-01
4.419371e-02 9.672934e-01
4.723092e-02 9.650639e-01
5.047687e-02 9.625659e-01
5.394589e-02 9.600817e-01
5.765333e-02 9.573657e-01
6.161555e-02 9.544675e-01
6.585008e-02 9.512710e-01
7.037563e-02 9.477789e-01
7.521219e-02 9.445468e-01
8.038115e-02 9.407228e-01
8.590535e-02 9.369776e-01
9.180919e-02 9.323789e-01
9.811878e-02 9.283404e-01
1.048620e-01 9.236110e-01
1.120686e-01 9.187014e-01
1.197706e-01 9.134817e-01
1.280018e-01 9.082377e-01
1.367987e-01 9.024582e-01
1.462002e-01 8.972019e-01
1.562478e-01 8.911959e-01
1.669859e-01 8.853108e-01
1.784621e-01 8.802641e-01
1.907269e-01 8.750518e-01
2.038346e-01 8.721094e-01
2.178431e-01 8.710747e-01
2.328144e-01 8.742886e-01
2.488145e-01 8.920059e-01
2.659143e-01 9.019690e-01
2.841893e-01 9.005696e-01
3.037202e-01 8.990426e-01
3.245934e-01 8.974774e-01
3.469011e-01 8.971842e-01
3.707418e-01 8.954068e-01
3.962211e-01 8.944136e-01
4.234514e-01 8.941287e-01
4.525531e-01 8.934037e-01
4.836548e-01 8.928637e-01
5.168940e-01 8.923884e-01
5.524175e-01 8.922982e-01
5.903824e-01 8.920412e-01
6.309565e-01 8.912710e-01
6.743190e-01 8.908683e-01
7.206615e-01 8.910212e-01
7.701890e-01 8.904444e-01
8.231202e-01 8.905959e-01
8.796892e-01 8.896366e-01
9.401458e-01 8.903738e-01
1.004757e+00 8.895466e-01
1.073809e+00 8.895908e-01
1.147607e+00 8.898559e-01
1.226476e+00 8.891790e-01
1.310766e+00 8.895582e-01
1.400848e+00 8.892065e-01
1.497121e+00 8.896591e-01
1.600011e+00 8.889007e-01
1.709972e+00 8.897975e-01
1.827490e+00 8.898299e-01
1.953084e+00 8.897832e-01
2.087310e+00 8.905052e-01
2.230760e+00 8.901343e-01
2.384069e+00 8.908514e-01
2.547914e+00 8.910844e-01
2.723020e+00 8.921804e-01
2.910159e+00 8.925615e-01
3.110160e+00 8.930777e-01
3.323906e+00 8.941567e-01
3.552341e+00 8.954207e-01
3.796476e+00 8.960439e-01
4.057389e+00 8.971006e-01
4.336233e+00 8.987667e-01
4.634241e+00 9.001199e-01
4.952729e+00 9.021617e-01
5.293105e+00 9.041969e-01
5.656874e+00 9.058167e-01
6.045643e+00 9.080666e-01
6.461130e+00 9.106695e-01
6.905171e+00 9.135868e-01
7.379729e+00 9.162221e-01
7.886901e+00 9.196664e-01
8.428928e+00 9.232702e-01
9.008206e+00 9.268935e-01
9.627295e+00 9.314022e-01
1.028893e+01 9.351882e-01
1.099604e+01 9.404205e-01
1.175174e+01 9.454457e-01
1.255938e+01 9.511267e-01
1.342252e+01 9.568647e-01
1.434499e+01 9.630529e-01
1.533085e+01 9.696244e-01
1.638446e+01 9.768057e-01
1.751048e+01 9.842142e-01
1.871389e+01 9.919750e-01
2.000000e+01 1.000000e+00
