1.000000e-03 7.257173e-01
1.068725e-03 7.292928e-01
1.142173e-03 7.333837e-01
1.220669e-03 7.369123e-01
1.304560e-03 7.401014e-01
1.394215e-03 7.445778e-01
1.490033e-03 7.487572e-01
1.592435e-03 7.524812e-01
1.701875e-03 7.570269e-01
1.818837e-03 7.609808e-01
1.943836e-03 7.659397e-01
2.077427e-03 7.693651e-01
2.220198e-03 7.732648e-01
2.372781e-03 7.772815e-01
2.535850e-03 7.811325e-01
2.710127e-03 7.841571e-01
2.896380e-03 7.880121e-01
3.095434e-03 7.908847e-01
3.308168e-03 7.937241e-01
3.535522e-03 7.957780e-01
3.778500e-03 7.979692e-01
4.038178e-03 8.001272e-01
4.315702e-03 8.020434e-01
4.612298e-03 8.031211e-01
4.929278e-03 8.044212e-01
5.268043e-03 8.052175e-01
5.630090e-03 8.067937e-01
6.017017e-03 8.074518e-01
6.430537e-03 8.086382e-01
6.872476e-03 8.101907e-01
7.344787e-03 8.108716e-01
7.849557e-03 8.133189e-01
8.389018e-03 8.152957e-01
8.965554e-03 8.190357e-01
9.581711e-03 8.215448e-01
1.024021e-02 8.249344e-01
1.094397e-02 8.293847e-01
1.169610e-02 8.331450e-01
1.249991e-02 8.362737e-01
1.335897e-02 8.391400e-01
1.427706e-02 8.416174e-01
1.525826e-02 8.439397e-01
1.630688e-02 8.462592e-01
1.742757e-02 8.477238e-01
1.862528e-02 8.497210e-01
1.990530e-02 8.505093e-01
2.127330e-02 8.528719e-01
2.273530e-02 8.539915e-01
2.429779e-02 8.558024e-01
2.596765e-02 8.570447e-01
2.775228e-02 8.590094e-01
2.965955e-02 8.615475e-01
3.169791e-02 8.639817e-01
3.387635e-02 8.663144e-01
3.620450e-02 8.691522e-01
3.869265e-02 8.708910e-01
4.135181e-02 8.737490e-01
4.419371e-02 8.756957e-01
4.723092e-02 8.772424e-01
5.047687e-02 8.794663e-01
5.394589e-02 8.805830e-01
5.765333e-02 8.810195e-01
6.161555e-02 8.820147e-01
6.585008e-02 8.824448e-01
7.037563e-02 8.830702e-01
7.521219e-02 8.835711e-01
8.038115e-02 8.836306e-01
8.590535e-02 8.834417e-01
9.180919e-02 8.834422e-01
9.811878e-02 8.829549e-01
1.048620e-01 8.812654e-01
1.120686e-01 8.799489e-01
1.197706e-01 8.785747e-01
1.280018e-01 8.760394e-01
1.367987e-01 8.737460e-01
1.462002e-01 8.712529e-01
1.562478e-01 8.686622e-01
1.669859e-01 8.656580e-01
1.784621e-01 8.627507e-01
1.907269e-01 8.609668e-01
2.038346e-01 8.598839e-01
2.178431e-01 8.610980e-01
2.328144e-01 8.668187e-01
2.488145e-01 8.871629e-01
2.659143e-01 8.981370e-01
2.841893e-01 8.964084e-01
3.037202e-01 8.952787e-01
3.245934e-01 8.941379e-01
3.469011e-01 8.932528e-01
3.707418e-01 8.924352e-01
3.962211e-01 8.914298e-01
4.234514e-01 8.908534e-01
4.525531e-01 8.907041e-01
4.836548e-01 8.899028e-01
5.168940e-01 8.895362e-01
5.524175e-01 8.895509e-01
5.903824e-01 8.891064e-01
6.309565e-01 8.889914e-01
6.743190e-01 8.884540e-01
7.206615e-01 8.878970e-01
7.701890e-01 8.886560e-01
8.231202e-01 8.883287e-01
8.796892e-01 8.879478e-01
9.401458e-01 8.878690e-01
1.004757e+00 8.880636e-01
1.073809e+00 8.877497e-01
1.147607e+00 8.879203e-01
1.226476e+00 8.875586e-01
1.310766e+00 8.876967e-01
1.400848e+00 8.881209e-01
1.497121e+00 8.880916e-01
1.600011e+00 8.882866e-01
1.709972e+00 8.884905e-01
1.827490e+00 8.884945e-01
1.953084e+00 8.888681e-01
2.087310e+00 8.888208e-01
2.230760e+00 8.897203e-01
2.384069e+00 8.896040e-01
2.547914e+00 8.900693e-01
2.723020e+00 8.902523e-01
2.910159e+00 8.914680e-01
3.110160e+00 8.923121e-01
3.323906e+00 8.931237e-01
3.552341e+00 8.940271e-01
3.796476e+00 8.950791e-01
4.057389e+00 8.962700e-01
4.336233e+00 8.974842e-01
4.634241e+00 8.992609e-01
4.952729e+00 9.012461e-01
5.293105e+00 9.033357e-01
5.656874e+00 9.053495e-01
6.045643e+00 9.074067e-01
6.461130e+00 9.101235e-01
6.905171e+00 9.129900e-01
7.379729e+00 9.156616e-01
7.886901e+00 9.187391e-01
8.428928e+00 9.221858e-01
9.008206e+00 9.263547e-01
9.627295e+00 9.304684e-01
1.028893e+01 9.347356e-01
1.099604e+01 9.395885e-01
1.175174e+01 9.446476e-01
1.255938e+01 9.500975e-01
1.342252e+01 9.561186e-01
1.434499e+01 9.619354e-01
1.533085e+01 9.684353e-01
1.638446e+01 9.754372e-01
1.751048e+01 9.821128e-01
1.871389e+01 9.885503e-01
2.000000e+01 1.000000e+00
