1.000000e-03 6.464444e-01
1.068725e-03 7.138141e-01
1.142173e-03 7.860919e-01
1.220669e-03 8.627409e-01
1.304560e-03 9.435912e-01
1.394215e-03 1.028041e+00
1.490033e-03 1.116112e+00
1.592435e-03 1.207198e+00
1.701875e-03 1.300856e+00
1.818837e-03 1.396363e+00
1.943836e-03 1.493834e+00
2.077427e-03 1.592825e+00
2.220198e-03 1.693087e+00
2.372781e-03 1.794180e+00
2.535850e-03 1.896856e+00
2.710127e-03 2.001274e+00
2.896380e-03 2.107869e+00
3.095434e-03 2.216975e+00
3.308168e-03 2.329733e+00
3.535522e-03 2.446679e+00
3.778500e-03 2.568518e+00
4.038178e-03 2.696199e+00
4.315702e-03 2.830104e+00
4.612298e-03 2.970746e+00
4.929278e-03 3.118336e+00
5.268043e-03 3.273004e+00
5.630090e-03 3.434754e+00
6.017017e-03 3.603516e+00
6.430537e-03 3.778908e+00
6.872476e-03 3.960156e+00
7.344787e-03 4.146710e+00
7.849557e-03 4.337434e+00
8.389018e-03 4.531332e+00
8.965554e-03 4.726161e+00
9.581711e-03 4.921589e+00
1.024021e-02 5.115451e+00
1.094397e-02 5.306800e+00
1.169610e-02 5.492963e+00
1.249991e-02 5.674109e+00
1.335897e-02 5.849180e+00
1.427706e-02 6.017439e+00
1.525826e-02 6.178352e+00
1.630688e-02 6.332209e+00
1.742757e-02 6.479582e+00
1.862528e-02 6.620545e+00
1.990530e-02 6.755467e+00
2.127330e-02 6.885654e+00
2.273530e-02 7.011926e+00
2.429779e-02 7.134144e+00
2.596765e-02 7.251965e+00
2.775228e-02 7.365996e+00
2.965955e-02 7.475919e+00
3.169791e-02 7.581649e+00
3.387635e-02 7.682666e+00
3.620450e-02 7.778834e+00
3.869265e-02 7.870872e+00
4.135181e-02 7.958295e+00
4.419371e-02 8.041067e+00
4.723092e-02 8.119389e+00
5.047687e-02 8.193955e+00
5.394589e-02 8.265356e+00
5.765333e-02 8.334178e+00
6.161555e-02 8.401214e+00
6.585008e-02 8.467471e+00
7.037563e-02 8.533991e+00
7.521219e-02 8.601959e+00
8.038115e-02 8.672687e+00
8.590535e-02 8.747693e+00
9.180919e-02 8.828705e+00
9.811878e-02 8.918121e+00
1.048620e-01 9.018586e+00
1.120686e-01 9.133202e+00
1.197706e-01 9.266077e+00
1.280018e-01 9.423374e+00
1.367987e-01 9.612511e+00
1.462002e-01 9.843065e+00
1.562478e-01 1.012915e+01
1.669859e-01 1.049401e+01
1.784621e-01 1.097154e+01
1.907269e-01 1.161539e+01
2.038346e-01 1.252551e+01
2.178431e-01 1.393001e+01
2.328144e-01 1.646309e+01
2.488145e-01 2.390733e+01
2.659143e-01 2.572147e+01
2.841893e-01 2.352671e+01
3.037202e-01 2.156782e+01
3.245934e-01 1.980927e+01
3.469011e-01 1.822309e+01
3.707418e-01 1.678664e+01
3.962211e-01 1.548041e+01
4.234514e-01 1.428805e+01
4.525531e-01 1.319630e+01
4.836548e-01 1.219416e+01
5.168940e-01 1.127207e+01
5.524175e-01 1.042191e+01
5.903824e-01 9.636827e+00
6.309565e-01 8.910880e+00
6.743190e-01 8.238870e+00
7.206615e-01 7.616292e+00
7.701890e-01 7.039159e+00
8.231202e-01 6.503867e+00
8.796892e-01 6.007212e+00
9.401458e-01 5.546380e+00
1.004757e+00 5.118764e+00
1.073809e+00 4.721938e+00
1.147607e+00 4.353707e+00
1.226476e+00 4.012132e+00
1.310766e+00 3.695361e+00
1.400848e+00 3.401636e+00
1.497121e+00 3.129351e+00
1.600011e+00 2.877086e+00
1.709972e+00 2.643459e+00
1.827490e+00 2.427150e+00
1.953084e+00 2.226943e+00
2.087310e+00 2.041767e+00
2.230760e+00 1.870571e+00
2.384069e+00 1.712350e+00
2.547914e+00 1.566168e+00
2.723020e+00 1.431215e+00
2.910159e+00 1.306687e+00
3.110160e+00 1.191816e+00
3.323906e+00 1.085882e+00
3.552341e+00 9.882740e-01
3.796476e+00 8.983798e-01
4.057389e+00 8.156125e-01
4.336233e+00 7.394207e-01
4.634241e+00 6.693474e-01
4.952729e+00 6.049300e-01
5.293105e+00 5.457226e-01
5.656874e+00 4.913017e-01
6.045643e+00 4.413325e-01
6.461130e+00 3.954672e-01
6.905171e+00 3.533680e-01
7.379729e+00 3.147079e-01
7.886901e+00 2.792480e-01
8.428928e+00 2.467290e-01
9.008206e+00 2.168948e-01
9.627295e+00 1.894866e-01
1.028893e+01 1.643441e-01
1.099604e+01 1.412753e-01
1.175174e+01 1.200842e-01
1.255938e+01 1.005530e-01
1.342252e+01 8.259139e-02
1.434499e+01 6.606059e-02
1.533085e+01 5.080752e-02
1.638446e+01 3.660163e-02
1.751048e+01 2.356263e-02
1.871389e+01 1.135292e-02
2.000000e+01 0.000000e+00
