1.000000e-03 6.464444e-01
1.063765e-03 7.089459e-01
1.131596e-03 7.757438e-01
1.203752e-03 8.462753e-01
1.280509e-03 9.205060e-01
1.362160e-03 9.980416e-01
1.449018e-03 1.078715e+00
1.541415e-03 1.162247e+00
1.639703e-03 1.248056e+00
1.744258e-03 1.335932e+00
1.855480e-03 1.425522e+00
1.973795e-03 1.516596e+00
2.099654e-03 1.608839e+00
2.233538e-03 1.702092e+00
2.375959e-03 1.796222e+00
2.527462e-03 1.891706e+00
2.688625e-03 1.988643e+00
2.860065e-03 2.087391e+00
3.042436e-03 2.188307e+00
3.236437e-03 2.292092e+00
3.442808e-03 2.399421e+00
3.662338e-03 2.510588e+00
3.895866e-03 2.626543e+00
4.144285e-03 2.747664e+00
4.408545e-03 2.874397e+00
4.689655e-03 3.007020e+00
4.988691e-03 3.145682e+00
5.306794e-03 3.290493e+00
5.645181e-03 3.441417e+00
6.005145e-03 3.598399e+00
6.388062e-03 3.761106e+00
6.795396e-03 3.928997e+00
7.228703e-03 4.101658e+00
7.689641e-03 4.278064e+00
8.179969e-03 4.457437e+00
8.701564e-03 4.638485e+00
9.256418e-03 4.820019e+00
9.846652e-03 5.001454e+00
1.047452e-02 5.180886e+00
1.114243e-02 5.357397e+00
1.185292e-02 5.529717e+00
1.260872e-02 5.697344e+00
1.341272e-02 5.859625e+00
1.426798e-02 6.015841e+00
1.517777e-02 6.165955e+00
1.614558e-02 6.309768e+00
1.717510e-02 6.447827e+00
1.827027e-02 6.580301e+00
1.943527e-02 6.707461e+00
2.067456e-02 6.830232e+00
2.199287e-02 6.949312e+00
2.339524e-02 7.065029e+00
2.488703e-02 7.177020e+00
2.647395e-02 7.285508e+00
2.816206e-02 7.390710e+00
2.995781e-02 7.492213e+00
3.186807e-02 7.589951e+00
3.390013e-02 7.683696e+00
3.606177e-02 7.773250e+00
3.836124e-02 7.859219e+00
4.080734e-02 7.941140e+00
4.340941e-02 8.019148e+00
4.617741e-02 8.093275e+00
4.912190e-02 8.163843e+00
5.225415e-02 8.231506e+00
5.558613e-02 8.296644e+00
5.913057e-02 8.359898e+00
6.290102e-02 8.421842e+00
6.691190e-02 8.483421e+00
7.117853e-02 8.545472e+00
7.571721e-02 8.608951e+00
8.054531e-02 8.674919e+00
8.568127e-02 8.744655e+00
9.114473e-02 8.819582e+00
9.695656e-02 8.901423e+00
1.031390e-01 8.992240e+00
1.097156e-01 9.094564e+00
1.167116e-01 9.211626e+00
1.241537e-01 9.347707e+00
1.320704e-01 9.507870e+00
1.404918e-01 9.699109e+00
1.494502e-01 9.930948e+00
1.589799e-01 1.021677e+01
1.691173e-01 1.057608e+01
1.799010e-01 1.103870e+01
1.913724e-01 1.165316e+01
2.035752e-01 1.250554e+01
2.165561e-01 1.376934e+01
2.303648e-01 1.588812e+01
2.450540e-01 2.073847e+01
2.606798e-01 2.203440e+01
2.773020e-01 2.019298e+01
2.949841e-01 1.854861e+01
3.137938e-01 1.707270e+01
3.338028e-01 1.574159e+01
3.550877e-01 1.453566e+01
3.777298e-01 1.343861e+01
4.018156e-01 1.243683e+01
4.274374e-01 1.151895e+01
4.546928e-01 1.067542e+01
4.836863e-01 9.898170e+00
5.145285e-01 9.180267e+00
5.473373e-01 8.515888e+00
5.822382e-01 7.900029e+00
6.193645e-01 7.328362e+00
6.588582e-01 6.797121e+00
7.008702e-01 6.303004e+00
7.455611e-01 5.843097e+00
7.931017e-01 5.414808e+00
8.436737e-01 5.015815e+00
8.974704e-01 4.644008e+00
9.546975e-01 4.297481e+00
1.015574e+00 3.974536e+00
1.080332e+00 3.673590e+00
1.149219e+00 3.393185e+00
1.222498e+00 3.131973e+00
1.300451e+00 2.888703e+00
1.383374e+00 2.662210e+00
1.471585e+00 2.451409e+00
1.565420e+00 2.255282e+00
1.665239e+00 2.072880e+00
1.771422e+00 1.903293e+00
1.884377e+00 1.745678e+00
2.004534e+00 1.599275e+00
2.132353e+00 1.463342e+00
2.268322e+00 1.337187e+00
2.412961e+00 1.220153e+00
2.566823e+00 1.111628e+00
2.730496e+00 1.011031e+00
2.904606e+00 9.178195e-01
3.089818e+00 8.314818e-01
3.286840e+00 7.515372e-01
3.496425e+00 6.775147e-01
3.719374e+00 6.089863e-01
3.956539e+00 5.455741e-01
4.208827e+00 4.869034e-01
4.477202e+00 4.326219e-01
4.762690e+00 3.823992e-01
5.066383e+00 3.359253e-01
5.389440e+00 2.929092e-01
5.733097e+00 2.530782e-01
6.098667e+00 2.161767e-01
6.487547e+00 1.819657e-01
6.901225e+00 1.501798e-01
7.341280e+00 1.205948e-01
7.809396e+00 9.304290e-02
8.307361e+00 6.732607e-02
8.837079e+00 4.352396e-02
9.400574e+00 2.101983e-02
1.000000e+01 0.000000e+00
