1.000000e-03 9.474866e-01
1.068725e-03 9.411558e-01
1.142173e-03 9.340422e-01
1.220669e-03 9.269219e-01
1.304560e-03 9.189593e-01
1.394215e-03 9.103154e-01
1.490033e-03 9.007035e-01
1.592435e-03 8.904965e-01
1.701875e-03 8.798184e-01
1.818837e-03 8.686876e-01
1.943836e-03 8.574001e-01
2.077427e-03 8.452101e-01
2.220198e-03 8.323083e-01
2.372781e-03 8.191855e-01
2.535850e-03 8.058941e-01
2.710127e-03 7.922382e-01
2.896380e-03 7.785687e-01
3.095434e-03 7.635119e-01
3.308168e-03 7.488756e-01
3.535522e-03 7.341046e-01
3.778500e-03 7.188960e-01
4.038178e-03 7.027870e-01
4.315702e-03 6.860739e-01
4.612298e-03 6.696663e-01
4.929278e-03 6.521624e-01
5.268043e-03 6.343504e-01
5.630090e-03 6.151184e-01
6.017017e-03 5.955227e-01
6.430537e-03 5.747111e-01
6.872476e-03 5.534858e-01
7.344787e-03 5.314900e-01
7.849557e-03 5.096104e-01
8.389018e-03 4.868830e-01
8.965554e-03 4.639879e-01
9.581711e-03 4.410606e-01
1.024021e-02 4.182149e-01
1.094397e-02 3.951701e-01
1.169610e-02 3.730241e-01
1.249991e-02 3.519176e-01
1.335897e-02 3.312030e-01
1.427706e-02 3.109226e-01
1.525826e-02 2.913241e-01
1.630688e-02 2.732506e-01
1.742757e-02 2.560768e-01
1.862528e-02 2.384626e-01
1.990530e-02 2.229162e-01
2.127330e-02 2.081762e-01
2.273530e-02 1.936783e-01
2.429779e-02 1.831462e-01
2.596765e-02 1.649293e-01
2.775228e-02 1.560961e-01
2.965955e-02 1.465790e-01
3.169791e-02 1.361447e-01
3.387635e-02 1.256347e-01
3.620450e-02 1.149487e-01
3.869265e-02 1.039815e-01
4.135181e-02 9.733356e-02
4.419371e-02 8.612556e-02
4.723092e-02 8.306327e-02
5.047687e-02 7.474642e-02
5.394589e-02 6.924981e-02
5.765333e-02 6.282812e-02
6.161555e-02 5.514019e-02
6.585008e-02 5.266574e-02
7.037563e-02 4.796361e-02
7.521219e-02 4.368787e-02
8.038115e-02 3.739887e-02
8.590535e-02 3.512025e-02
9.180919e-02 3.173632e-02
9.811878e-02 2.735354e-02
1.048620e-01 2.685192e-02
1.120686e-01 2.367130e-02
1.197706e-01 2.022232e-02
1.280018e-01 1.942716e-02
1.367987e-01 1.684825e-02
1.462002e-01 1.520754e-02
1.562478e-01 1.354945e-02
1.669859e-01 1.295351e-02
1.784621e-01 1.168950e-02
1.907269e-01 9.543641e-03
2.038346e-01 7.467741e-03
2.178431e-01 9.676888e-03
2.328144e-01 1.714461e-02
2.488145e-01 6.538629e-03
2.659143e-01 3.861714e-03
2.841893e-01 2.165530e-03
3.037202e-01 3.352740e-03
3.245934e-01 1.948309e-03
3.469011e-01 1.999025e-03
3.707418e-01 2.451805e-03
3.962211e-01 2.053902e-03
4.234514e-01 6.472813e-03
4.525531e-01 8.989530e-04
4.836548e-01 3.604745e-04
5.168940e-01 6.479144e-04
5.524175e-01 1.682410e-03
5.903824e-01 1.440371e-03
6.309565e-01 4.952856e-04
6.743190e-01 4.397429e-04
7.206615e-01 4.427270e-04
7.701890e-01 4.208562e-04
8.231202e-01 2.101163e-04
8.796892e-01 7.866950e-05
9.401458e-01 2.593728e-04
1.004757e+00 5.645383e-04
1.073809e+00 5.903092e-04
1.147607e+00 3.717262e-04
1.226476e+00 8.202948e-05
1.310766e+00 5.074544e-05
1.400848e+00 1.461280e-04
1.497121e+00 3.172983e-05
1.600011e+00 2.993276e-05
1.709972e+00 8.030269e-05
1.827490e+00 1.003700e-04
1.953084e+00 2.798203e-04
2.087310e+00 2.176125e-05
2.230760e+00 1.028461e-04
2.384069e+00 1.487176e-05
2.547914e+00 1.899781e-05
2.723020e+00 9.311719e-06
2.910159e+00 2.156606e-05
3.110160e+00 1.769093e-05
3.323906e+00 1.723259e-05
3.552341e+00 5.559246e-05
3.796476e+00 7.282560e-06
4.057389e+00 1.617072e-05
4.336233e+00 1.867494e-05
4.634241e+00 2.481330e-05
4.952729e+00 4.867904e-06
5.293105e+00 5.417429e-05
5.656874e+00 5.511903e-06
6.045643e+00 3.203216e-06
6.461130e+00 5.932840e-06
6.905171e+00 2.025834e-06
7.379729e+00 3.466082e-06
7.886901e+00 5.007701e-06
8.428928e+00 9.714176e-07
9.008206e+00 1.105704e-06
9.627295e+00 1.586391e-06
1.028893e+01 1.279318e-05
1.099604e+01 1.534124e-06
1.175174e+01 2.392449e-06
1.255938e+01 1.508681e-06
1.342252e+01 9.841830e-06
1.434499e+01 1.332267e-06
1.533085e+01 1.008061e-06
1.638446e+01 2.705888e-06
1.751048e+01 6.777233e-07
1.871389e+01 5.253451e-07
2.000000e+01 6.449582e-07
