1.000000e-03 5.386733e-01
1.159261e-03 5.459276e-01
1.343887e-03 5.519877e-01
1.557916e-03 5.589027e-01
1.806032e-03 5.666419e-01
2.093663e-03 5.741754e-01
2.427102e-03 5.810142e-01
2.813645e-03 5.883760e-01
3.261750e-03 5.933693e-01
3.781221e-03 5.981672e-01
4.383423e-03 6.010035e-01
5.081532e-03 6.045991e-01
5.890824e-03 6.066333e-01
6.829004e-03 6.091587e-01
7.916600e-03 6.122075e-01
9.177408e-03 6.171354e-01
1.063901e-02 6.229930e-01
1.233340e-02 6.305503e-01
1.429763e-02 6.377811e-01
1.657469e-02 6.426927e-01
1.921439e-02 6.467786e-01
2.227450e-02 6.506611e-01
2.582197e-02 6.549893e-01
2.993441e-02 6.593326e-01
3.470180e-02 6.646712e-01
4.022846e-02 6.714134e-01
4.663529e-02 6.784575e-01
5.406249e-02 6.849211e-01
6.267255e-02 6.912876e-01
7.265386e-02 6.961822e-01
8.422481e-02 7.015743e-01
9.763856e-02 7.069018e-01
1.131886e-01 7.132835e-01
1.312152e-01 7.195863e-01
1.521127e-01 7.254394e-01
1.763383e-01 7.319399e-01
2.044222e-01 7.375432e-01
2.369787e-01 7.438871e-01
2.747203e-01 7.490553e-01
3.184726e-01 7.557537e-01
3.691930e-01 7.621035e-01
4.279911e-01 7.678779e-01
4.961535e-01 7.742708e-01
5.751716e-01 7.797843e-01
6.667741e-01 7.844938e-01
7.729654e-01 7.881494e-01
8.960689e-01 7.913417e-01
1.038778e+00 7.923487e-01
1.204215e+00 7.922468e-01
1.396000e+00 7.899596e-01
1.397000e+00 9.972497e-01
1.435065e+00 9.973155e-01
1.474167e+00 9.975048e-01
1.514334e+00 9.974972e-01
1.555596e+00 9.976550e-01
1.597982e+00 9.977482e-01
1.641523e+00 9.977712e-01
1.686250e+00 9.979192e-01
1.732196e+00 9.978845e-01
1.779394e+00 9.980143e-01
1.827878e+00 9.981122e-01
1.877683e+00 9.981503e-01
1.928846e+00 9.981947e-01
1.981402e+00 9.983057e-01
2.035390e+00 9.983588e-01
2.090849e+00 9.984332e-01
2.147820e+00 9.984900e-01
2.206342e+00 9.984647e-01
2.266460e+00 9.985908e-01
2.328215e+00 9.986577e-01
2.391653e+00 9.987453e-01
2.456819e+00 9.987158e-01
2.523762e+00 9.987510e-01
2.592528e+00 9.988552e-01
2.663168e+00 9.988438e-01
2.735732e+00 9.989090e-01
2.810274e+00 9.989835e-01
2.886847e+00 9.989788e-01
2.965506e+00 9.990093e-01
3.046309e+00 9.990562e-01
3.129313e+00 9.991087e-01
3.214579e+00 9.991503e-01
3.302168e+00 9.991198e-01
3.392144e+00 9.991528e-01
3.484571e+00 9.991557e-01
3.579517e+00 9.992102e-01
3.677050e+00 9.992503e-01
3.777240e+00 9.992758e-01
3.880161e+00 9.992725e-01
3.985885e+00 9.993287e-01
4.094491e+00 9.993468e-01
4.206055e+00 9.993882e-01
4.320660e+00 9.993842e-01
4.438387e+00 9.994238e-01
4.559322e+00 9.994172e-01
4.683552e+00 9.994285e-01
4.811167e+00 9.994620e-01
4.942259e+00 9.995138e-01
5.076923e+00 9.995210e-01
5.215256e+00 9.995117e-01
5.357359e+00 9.995503e-01
5.503333e+00 9.995713e-01
5.653285e+00 9.995783e-01
5.807323e+00 9.995695e-01
5.965558e+00 9.996060e-01
6.128105e+00 9.996223e-01
6.295080e+00 9.996258e-01
6.466605e+00 9.996230e-01
6.642804e+00 9.996465e-01
6.823804e+00 9.996725e-01
7.009735e+00 9.996818e-01
7.200733e+00 9.996803e-01
7.396935e+00 9.996980e-01
7.598483e+00 9.996745e-01
7.805522e+00 9.997125e-01
8.018203e+00 9.997450e-01
8.236679e+00 9.997330e-01
8.461108e+00 9.997510e-01
8.691652e+00 9.997420e-01
8.928477e+00 9.997600e-01
9.171756e+00 9.997780e-01
9.421663e+00 9.997665e-01
9.678380e+00 9.998005e-01
9.942091e+00 9.997955e-01
1.021299e+01 9.997880e-01
1.049127e+01 9.998063e-01
1.077713e+01 9.998275e-01
1.107078e+01 9.998165e-01
1.137243e+01 9.998190e-01
1.168230e+01 9.998400e-01
1.200061e+01 9.998480e-01
1.232760e+01 9.998485e-01
1.266349e+01 9.998425e-01
1.300854e+01 9.998435e-01
1.336299e+01 9.998570e-01
1.372710e+01 9.998610e-01
1.410113e+01 9.998675e-01
1.448535e+01 9.998615e-01
1.488004e+01 9.998560e-01
1.528548e+01 9.998665e-01
1.570197e+01 9.998800e-01
1.612981e+01 9.998935e-01
1.656931e+01 9.998880e-01
1.702078e+01 9.998860e-01
1.748455e+01 9.998965e-01
1.796096e+01 9.999100e-01
1.845036e+01 9.999032e-01
1.895308e+01 9.999075e-01
1.946950e+01 9.998920e-01
2.000000e+01 9.999130e-01
