1.000000e-03 5.465910e-01
1.159261e-03 5.566426e-01
1.343887e-03 5.663347e-01
1.557916e-03 5.776635e-01
1.806032e-03 5.906641e-01
2.093663e-03 6.036687e-01
2.427102e-03 6.148743e-01
2.813645e-03 6.249180e-01
3.261750e-03 6.305013e-01
3.781221e-03 6.337103e-01
4.383423e-03 6.347440e-01
5.081532e-03 6.343020e-01
5.890824e-03 6.354510e-01
6.829004e-03 6.370120e-01
7.916600e-03 6.404293e-01
9.177408e-03 6.453907e-01
1.063901e-02 6.530892e-01
1.233340e-02 6.616757e-01
1.429763e-02 6.726415e-01
1.657469e-02 6.828004e-01
1.921439e-02 6.922987e-01
2.227450e-02 6.990864e-01
2.582197e-02 7.052930e-01
2.993441e-02 7.105321e-01
3.470180e-02 7.152535e-01
4.022846e-02 7.195129e-01
4.663529e-02 7.244756e-01
5.406249e-02 7.279403e-01
6.267255e-02 7.323006e-01
7.265386e-02 7.371941e-01
8.422481e-02 7.403947e-01
9.763856e-02 7.446551e-01
1.131886e-01 7.470179e-01
1.312152e-01 7.494751e-01
1.521127e-01 7.524184e-01
1.763383e-01 7.547007e-01
2.044222e-01 7.585746e-01
2.369787e-01 7.621374e-01
2.747203e-01 7.648550e-01
3.184726e-01 7.696895e-01
3.691930e-01 7.738257e-01
4.279911e-01 7.781208e-01
4.961535e-01 7.825438e-01
5.751716e-01 7.869888e-01
6.667741e-01 7.908102e-01
7.729654e-01 7.935000e-01
8.960689e-01 7.948549e-01
1.038778e+00 7.957895e-01
1.204215e+00 7.950266e-01
1.396000e+00 7.924217e-01
1.397000e+00 9.997645e-01
1.435065e+00 9.997760e-01
1.474167e+00 9.997803e-01
1.514334e+00 9.997830e-01
1.555596e+00 9.997965e-01
1.597982e+00 9.997905e-01
1.641523e+00 9.997990e-01
1.686250e+00 9.998080e-01
1.732196e+00 9.998270e-01
1.779394e+00 9.998425e-01
1.827878e+00 9.998425e-01
1.877683e+00 9.998300e-01
1.928846e+00 9.998370e-01
1.981402e+00 9.998478e-01
2.035390e+00 9.998655e-01
2.090849e+00 9.998635e-01
2.147820e+00 9.998740e-01
2.206342e+00 9.998805e-01
2.266460e+00 9.998775e-01
2.328215e+00 9.998868e-01
2.391653e+00 9.998825e-01
2.456819e+00 9.998900e-01
2.523762e+00 9.998985e-01
2.592528e+00 9.998935e-01
2.663168e+00 9.999105e-01
2.735732e+00 9.999075e-01
2.810274e+00 9.999138e-01
2.886847e+00 9.999170e-01
2.965506e+00 9.999165e-01
3.046309e+00 9.999180e-01
3.129313e+00 9.999170e-01
3.214579e+00 9.999120e-01
3.302168e+00 9.999240e-01
3.392144e+00 9.999290e-01
3.484571e+00 9.999380e-01
3.579517e+00 9.999350e-01
3.677050e+00 9.999335e-01
3.777240e+00 9.999425e-01
3.880161e+00 9.999410e-01
3.985885e+00 9.999535e-01
4.094491e+00 9.999455e-01
4.206055e+00 9.999495e-01
4.320660e+00 9.999470e-01
4.438387e+00 9.999495e-01
4.559322e+00 9.999605e-01
4.683552e+00 9.999605e-01
4.811167e+00 9.999620e-01
4.942259e+00 9.999590e-01
5.076923e+00 9.999635e-01
5.215256e+00 9.999750e-01
5.357359e+00 9.999640e-01
5.503333e+00 9.999670e-01
5.653285e+00 9.999595e-01
5.807323e+00 9.999665e-01
5.965558e+00 9.999660e-01
6.128105e+00 9.999600e-01
6.295080e+00 9.999730e-01
6.466605e+00 9.999650e-01
6.642804e+00 9.999740e-01
6.823804e+00 9.999750e-01
7.009735e+00 9.999750e-01
7.200733e+00 9.999680e-01
7.396935e+00 9.999735e-01
7.598483e+00 9.999740e-01
7.805522e+00 9.999770e-01
8.018203e+00 9.999740e-01
8.236679e+00 9.999785e-01
8.461108e+00 9.999745e-01
8.691652e+00 9.999840e-01
8.928477e+00 9.999790e-01
9.171756e+00 9.999790e-01
9.421663e+00 9.999805e-01
9.678380e+00 9.999855e-01
9.942091e+00 9.999830e-01
1.021299e+01 9.999870e-01
1.049127e+01 9.999870e-01
1.077713e+01 9.999805e-01
1.107078e+01 9.999850e-01
1.137243e+01 9.999865e-01
1.168230e+01 9.999860e-01
1.200061e+01 9.999850e-01
1.232760e+01 9.999825e-01
1.266349e+01 9.999820e-01
1.300854e+01 9.999895e-01
1.336299e+01 9.999820e-01
1.372710e+01 9.999940e-01
1.410113e+01 9.999945e-01
1.448535e+01 9.999885e-01
1.488004e+01 9.999945e-01
1.528548e+01 9.999930e-01
1.570197e+01 9.999925e-01
1.612981e+01 9.999925e-01
1.656931e+01 9.999910e-01
1.702078e+01 9.999915e-01
1.748455e+01 9.999900e-01
1.796096e+01 9.999915e-01
1.845036e+01 9.999910e-01
1.895308e+01 9.999935e-01
1.946950e+01 9.999925e-01
2.000000e+01 9.999910e-01
