1.000000e-03 8.114767e-01
1.068725e-03 8.114471e-01
1.142173e-03 8.112306e-01
1.220669e-03 8.117564e-01
1.304560e-03 8.117314e-01
1.394215e-03 8.127070e-01
1.490033e-03 8.128641e-01
1.592435e-03 8.122096e-01
1.701875e-03 8.128602e-01
1.818837e-03 8.132490e-01
1.943836e-03 8.141260e-01
2.077427e-03 8.147568e-01
2.220198e-03 8.150979e-01
2.372781e-03 8.161851e-01
2.535850e-03 8.165577e-01
2.710127e-03 8.171995e-01
2.896380e-03 8.181726e-01
3.095434e-03 8.189886e-01
3.308168e-03 8.196448e-01
3.535522e-03 8.205637e-01
3.778500e-03 8.208255e-01
4.038178e-03 8.212978e-01
4.315702e-03 8.222274e-01
4.612298e-03 8.230062e-01
4.929278e-03 8.234332e-01
5.268043e-03 8.245165e-01
5.630090e-03 8.250740e-01
6.017017e-03 8.259286e-01
6.430537e-03 8.271169e-01
6.872476e-03 8.277539e-01
7.344787e-03 8.293944e-01
7.849557e-03 8.311286e-01
8.389018e-03 8.334686e-01
8.965554e-03 8.361649e-01
9.581711e-03 8.394057e-01
1.024021e-02 8.422369e-01
1.094397e-02 8.467726e-01
1.169610e-02 8.511088e-01
1.249991e-02 8.556144e-01
1.335897e-02 8.612634e-01
1.427706e-02 8.662633e-01
1.525826e-02 8.716149e-01
1.630688e-02 8.771948e-01
1.742757e-02 8.824998e-01
1.862528e-02 8.877980e-01
1.990530e-02 8.921185e-01
2.127330e-02 8.971715e-01
2.273530e-02 9.009871e-01
2.429779e-02 9.045976e-01
2.596765e-02 9.077368e-01
2.775228e-02 9.103122e-01
2.965955e-02 9.127904e-01
3.169791e-02 9.150653e-01
3.387635e-02 9.165456e-01
3.620450e-02 9.180158e-01
3.869265e-02 9.199365e-01
4.135181e-02 9.214189e-01
4.419371e-02 9.233225e-01
4.723092e-02 9.252351e-01
5.047687e-02 9.272473e-01
5.394589e-02 9.291768e-01
5.765333e-02 9.316480e-01
6.161555e-02 9.344875e-01
6.585008e-02 9.374213e-01
7.037563e-02 9.410482e-01
7.521219e-02 9.443422e-01
8.038115e-02 9.480774e-01
8.590535e-02 9.513418e-01
9.180919e-02 9.553768e-01
9.811878e-02 9.588918e-01
1.048620e-01 9.622782e-01
1.120686e-01 9.654909e-01
1.197706e-01 9.688108e-01
1.280018e-01 9.714221e-01
1.367987e-01 9.743968e-01
1.462002e-01 9.770752e-01
1.562478e-01 9.793103e-01
1.669859e-01 9.816308e-01
1.784621e-01 9.835365e-01
1.907269e-01 9.852495e-01
2.038346e-01 9.870830e-01
2.178431e-01 9.884076e-01
2.328144e-01 9.897766e-01
2.488145e-01 9.909866e-01
2.659143e-01 9.921443e-01
2.841893e-01 9.930086e-01
3.037202e-01 9.939115e-01
3.245934e-01 9.946114e-01
3.469011e-01 9.952767e-01
3.707418e-01 9.957766e-01
3.962211e-01 9.963017e-01
4.234514e-01 9.966975e-01
4.525531e-01 9.971223e-01
4.836548e-01 9.975153e-01
5.168940e-01 9.977872e-01
5.524175e-01 9.980238e-01
5.903824e-01 9.983317e-01
6.309565e-01 9.985702e-01
6.743190e-01 9.986762e-01
7.206615e-01 9.988793e-01
7.701890e-01 9.989733e-01
8.231202e-01 9.991183e-01
8.796892e-01 9.992125e-01
9.401458e-01 9.993273e-01
1.004757e+00 9.994327e-01
1.073809e+00 9.994933e-01
1.147607e+00 9.995413e-01
1.226476e+00 9.995985e-01
1.310766e+00 9.996498e-01
1.400848e+00 9.996745e-01
1.497121e+00 9.997285e-01
1.600011e+00 9.997660e-01
1.709972e+00 9.997905e-01
1.827490e+00 9.998190e-01
1.953084e+00 9.998425e-01
2.087310e+00 9.998725e-01
2.230760e+00 9.998825e-01
2.384069e+00 9.999035e-01
2.547914e+00 9.999015e-01
2.723020e+00 9.999243e-01
2.910159e+00 9.999365e-01
3.110160e+00 9.999415e-01
3.323906e+00 9.999420e-01
3.552341e+00 9.999545e-01
3.796476e+00 9.999550e-01
4.057389e+00 9.999560e-01
4.336233e+00 9.999695e-01
4.634241e+00 9.999745e-01
4.952729e+00 9.999775e-01
5.293105e+00 9.999810e-01
5.656874e+00 9.999810e-01
6.045643e+00 9.999845e-01
6.461130e+00 9.999865e-01
6.905171e+00 9.999855e-01
7.379729e+00 9.999900e-01
7.886901e+00 9.999885e-01
8.428928e+00 9.999920e-01
9.008206e+00 9.999865e-01
9.627295e+00 9.999950e-01
1.028893e+01 9.999925e-01
1.099604e+01 9.999950e-01
1.175174e+01 9.999935e-01
1.255938e+01 9.999985e-01
1.342252e+01 9.999975e-01
1.434499e+01 9.999960e-01
1.533085e+01 9.999985e-01
1.638446e+01 9.999975e-01
1.751048e+01 9.999970e-01
1.871389e+01 9.999955e-01
2.000000e+01 9.999985e-01
