0.000000 0.000000e+00
1.000000 0.000000e+00
1.000000 0.000000e+00
3.000000 0.000000e+00
3.000000 0.000000e+00
5.000000 0.000000e+00
5.000000 0.000000e+00
7.000000 0.000000e+00
7.000000 0.000000e+00
9.000000 0.000000e+00
9.000000 0.000000e+00
11.000000 0.000000e+00
11.000000 0.000000e+00
13.000000 0.000000e+00
13.000000 0.000000e+00
15.000000 0.000000e+00
15.000000 0.000000e+00
17.000000 0.000000e+00
17.000000 0.000000e+00
19.000000 0.000000e+00
19.000000 0.000000e+00
21.000000 0.000000e+00
21.000000 0.000000e+00
23.000000 0.000000e+00
23.000000 0.000000e+00
25.000000 0.000000e+00
25.000000 0.000000e+00
27.000000 0.000000e+00
27.000000 0.000000e+00
29.000000 0.000000e+00
29.000000 0.000000e+00
31.000000 0.000000e+00
31.000000 0.000000e+00
33.000000 0.000000e+00
33.000000 0.000000e+00
35.000000 0.000000e+00
35.000000 0.000000e+00
37.000000 0.000000e+00
37.000000 0.000000e+00
39.000000 0.000000e+00
39.000000 0.000000e+00
41.000000 0.000000e+00
41.000000 0.000000e+00
43.000000 0.000000e+00
43.000000 0.000000e+00
45.000000 0.000000e+00
45.000000 0.000000e+00
47.000000 0.000000e+00
47.000000 0.000000e+00
49.000000 0.000000e+00
49.000000 0.000000e+00
51.000000 0.000000e+00
51.000000 0.000000e+00
53.000000 0.000000e+00
53.000000 0.000000e+00
55.000000 0.000000e+00
55.000000 4.867040e-12
57.000000 4.867040e-12
57.000000 1.612150e-12
59.000000 1.612150e-12
59.000000 0.000000e+00
61.000000 0.000000e+00
61.000000 8.956710e-13
63.000000 8.956710e-13
63.000000 8.300830e-13
65.000000 8.300830e-13
65.000000 6.330910e-12
67.000000 6.330910e-12
67.000000 3.619320e-12
69.000000 3.619320e-12
69.000000 8.845350e-12
71.000000 8.845350e-12
71.000000 1.339140e-11
73.000000 1.339140e-11
73.000000 4.508210e-11
75.000000 4.508210e-11
75.000000 4.030430e-11
77.000000 4.030430e-11
77.000000 4.653950e-12
79.000000 4.653950e-12
79.000000 7.337590e-11
81.000000 7.337590e-11
81.000000 1.168310e-10
83.000000 1.168310e-10
83.000000 8.529740e-11
85.000000 8.529740e-11
85.000000 1.719100e-10
87.000000 1.719100e-10
87.000000 1.221590e-10
89.000000 1.221590e-10
89.000000 1.153040e-10
91.000000 1.153040e-10
91.000000 1.229250e-10
93.000000 1.229250e-10
93.000000 1.739520e-10
95.000000 1.739520e-10
95.000000 1.750950e-10
97.000000 1.750950e-10
97.000000 2.494450e-10
99.000000 2.494450e-10
99.000000 2.025940e-10
101.000000 2.025940e-10
101.000000 4.630380e-10
103.000000 4.630380e-10
103.000000 3.381970e-10
105.000000 3.381970e-10
105.000000 3.251800e-10
107.000000 3.251800e-10
107.000000 5.992140e-10
109.000000 5.992140e-10
109.000000 7.669370e-10
111.000000 7.669370e-10
111.000000 7.613890e-10
113.000000 7.613890e-10
113.000000 8.539630e-10
115.000000 8.539630e-10
115.000000 1.018160e-09
117.000000 1.018160e-09
117.000000 1.390720e-09
119.000000 1.390720e-09
119.000000 1.247200e-09
121.000000 1.247200e-09
121.000000 1.228530e-09
123.000000 1.228530e-09
123.000000 1.016190e-09
125.000000 1.016190e-09
125.000000 9.914770e-10
127.000000 9.914770e-10
127.000000 1.827790e-09
129.000000 1.827790e-09
129.000000 1.556440e-09
131.000000 1.556440e-09
131.000000 1.427280e-09
133.000000 1.427280e-09
133.000000 1.814140e-09
135.000000 1.814140e-09
135.000000 1.526400e-09
137.000000 1.526400e-09
137.000000 1.980380e-09
139.000000 1.980380e-09
139.000000 2.643400e-09
141.000000 2.643400e-09
141.000000 2.034000e-09
143.000000 2.034000e-09
143.000000 2.343890e-09
145.000000 2.343890e-09
145.000000 2.633050e-09
147.000000 2.633050e-09
147.000000 2.753900e-09
149.000000 2.753900e-09
149.000000 2.360630e-09
151.000000 2.360630e-09
151.000000 3.337710e-09
153.000000 3.337710e-09
153.000000 3.036080e-09
155.000000 3.036080e-09
155.000000 2.897630e-09
157.000000 2.897630e-09
157.000000 3.375000e-09
159.000000 3.375000e-09
159.000000 3.511300e-09
161.000000 3.511300e-09
161.000000 4.085210e-09
163.000000 4.085210e-09
163.000000 4.062560e-09
165.000000 4.062560e-09
165.000000 4.027670e-09
167.000000 4.027670e-09
167.000000 3.328510e-09
169.000000 3.328510e-09
169.000000 3.900220e-09
171.000000 3.900220e-09
171.000000 4.381180e-09
173.000000 4.381180e-09
173.000000 4.415120e-09
175.000000 4.415120e-09
175.000000 4.737870e-09
177.000000 4.737870e-09
177.000000 4.351920e-09
179.000000 4.351920e-09
179.000000 5.248420e-09
181.000000 5.248420e-09
181.000000 5.631450e-09
183.000000 5.631450e-09
183.000000 9.511500e-09
185.000000 9.511500e-09
185.000000 1.245920e-08
187.000000 1.245920e-08
187.000000 1.311190e-08
189.000000 1.311190e-08
189.000000 1.294200e-08
191.000000 1.294200e-08
191.000000 1.281470e-08
193.000000 1.281470e-08
193.000000 1.466960e-08
195.000000 1.466960e-08
195.000000 1.293830e-08
197.000000 1.293830e-08
197.000000 1.240590e-08
199.000000 1.240590e-08
199.000000 1.158920e-08
201.000000 1.158920e-08
201.000000 1.075250e-08
203.000000 1.075250e-08
203.000000 1.234330e-08
205.000000 1.234330e-08
205.000000 1.066380e-08
207.000000 1.066380e-08
207.000000 1.129510e-08
209.000000 1.129510e-08
209.000000 1.183470e-08
211.000000 1.183470e-08
211.000000 1.166410e-08
213.000000 1.166410e-08
213.000000 1.199600e-08
215.000000 1.199600e-08
215.000000 1.206350e-08
217.000000 1.206350e-08
217.000000 1.283080e-08
219.000000 1.283080e-08
219.000000 1.252350e-08
221.000000 1.252350e-08
221.000000 1.179670e-08
223.000000 1.179670e-08
223.000000 1.234400e-08
225.000000 1.234400e-08
225.000000 1.295190e-08
227.000000 1.295190e-08
227.000000 1.260810e-08
229.000000 1.260810e-08
229.000000 1.311550e-08
231.000000 1.311550e-08
231.000000 1.383300e-08
233.000000 1.383300e-08
233.000000 1.291400e-08
235.000000 1.291400e-08
235.000000 1.333050e-08
237.000000 1.333050e-08
237.000000 1.235360e-08
239.000000 1.235360e-08
239.000000 1.318810e-08
241.000000 1.318810e-08
241.000000 1.095150e-08
243.000000 1.095150e-08
243.000000 1.325170e-08
245.000000 1.325170e-08
245.000000 1.314780e-08
247.000000 1.314780e-08
247.000000 1.177750e-08
249.000000 1.177750e-08
249.000000 1.412770e-08
251.000000 1.412770e-08
251.000000 1.331090e-08
253.000000 1.331090e-08
253.000000 1.339320e-08
255.000000 1.339320e-08
255.000000 1.348510e-08
257.000000 1.348510e-08
257.000000 1.304390e-08
259.000000 1.304390e-08
259.000000 1.391390e-08
261.000000 1.391390e-08
261.000000 1.336460e-08
263.000000 1.336460e-08
263.000000 1.282590e-08
265.000000 1.282590e-08
265.000000 1.413520e-08
267.000000 1.413520e-08
267.000000 1.560380e-08
269.000000 1.560380e-08
269.000000 1.395530e-08
271.000000 1.395530e-08
271.000000 1.334240e-08
273.000000 1.334240e-08
273.000000 1.238280e-08
275.000000 1.238280e-08
275.000000 1.257790e-08
277.000000 1.257790e-08
277.000000 1.280210e-08
279.000000 1.280210e-08
279.000000 1.367110e-08
281.000000 1.367110e-08
281.000000 1.315700e-08
283.000000 1.315700e-08
283.000000 1.179780e-08
285.000000 1.179780e-08
285.000000 1.405900e-08
287.000000 1.405900e-08
287.000000 1.242710e-08
289.000000 1.242710e-08
289.000000 1.453460e-08
291.000000 1.453460e-08
291.000000 1.364940e-08
293.000000 1.364940e-08
293.000000 1.382070e-08
295.000000 1.382070e-08
295.000000 1.436290e-08
297.000000 1.436290e-08
297.000000 1.485570e-08
299.000000 1.485570e-08
299.000000 1.375910e-08
301.000000 1.375910e-08
301.000000 1.338180e-08
303.000000 1.338180e-08
303.000000 1.290400e-08
305.000000 1.290400e-08
305.000000 1.203370e-08
307.000000 1.203370e-08
307.000000 1.221210e-08
309.000000 1.221210e-08
309.000000 1.361060e-08
311.000000 1.361060e-08
311.000000 1.364700e-08
313.000000 1.364700e-08
313.000000 1.498530e-08
315.000000 1.498530e-08
315.000000 1.342880e-08
317.000000 1.342880e-08
317.000000 1.362150e-08
319.000000 1.362150e-08
319.000000 1.375160e-08
321.000000 1.375160e-08
321.000000 1.402330e-08
323.000000 1.402330e-08
323.000000 1.464780e-08
325.000000 1.464780e-08
325.000000 1.383820e-08
327.000000 1.383820e-08
327.000000 1.371810e-08
329.000000 1.371810e-08
329.000000 1.474610e-08
331.000000 1.474610e-08
331.000000 1.435680e-08
333.000000 1.435680e-08
333.000000 1.340120e-08
335.000000 1.340120e-08
335.000000 1.473750e-08
337.000000 1.473750e-08
337.000000 1.540550e-08
339.000000 1.540550e-08
339.000000 1.315580e-08
341.000000 1.315580e-08
341.000000 1.516980e-08
343.000000 1.516980e-08
343.000000 1.423700e-08
345.000000 1.423700e-08
345.000000 1.387160e-08
347.000000 1.387160e-08
347.000000 1.305820e-08
349.000000 1.305820e-08
349.000000 1.393260e-08
351.000000 1.393260e-08
351.000000 1.299750e-08
353.000000 1.299750e-08
353.000000 1.352620e-08
355.000000 1.352620e-08
355.000000 1.554800e-08
357.000000 1.554800e-08
357.000000 1.489850e-08
359.000000 1.489850e-08
359.000000 1.317810e-08
361.000000 1.317810e-08
361.000000 1.508830e-08
363.000000 1.508830e-08
363.000000 1.301730e-08
365.000000 1.301730e-08
365.000000 1.351620e-08
367.000000 1.351620e-08
367.000000 1.294080e-08
369.000000 1.294080e-08
369.000000 1.518280e-08
371.000000 1.518280e-08
371.000000 1.211210e-08
373.000000 1.211210e-08
373.000000 1.421340e-08
375.000000 1.421340e-08
375.000000 1.351300e-08
377.000000 1.351300e-08
377.000000 1.362940e-08
379.000000 1.362940e-08
379.000000 1.626190e-08
381.000000 1.626190e-08
381.000000 1.383460e-08
383.000000 1.383460e-08
383.000000 1.565590e-08
385.000000 1.565590e-08
385.000000 1.408450e-08
387.000000 1.408450e-08
387.000000 1.325520e-08
389.000000 1.325520e-08
389.000000 1.245790e-08
391.000000 1.245790e-08
391.000000 1.524200e-08
393.000000 1.524200e-08
393.000000 1.459920e-08
395.000000 1.459920e-08
395.000000 1.416440e-08
397.000000 1.416440e-08
397.000000 1.532160e-08
399.000000 1.532160e-08
399.000000 1.465140e-08
401.000000 1.465140e-08
401.000000 1.512610e-08
403.000000 1.512610e-08
403.000000 1.387210e-08
405.000000 1.387210e-08
405.000000 1.525930e-08
407.000000 1.525930e-08
407.000000 1.388840e-08
409.000000 1.388840e-08
409.000000 1.377160e-08
411.000000 1.377160e-08
411.000000 1.485980e-08
413.000000 1.485980e-08
413.000000 1.299090e-08
415.000000 1.299090e-08
415.000000 1.475130e-08
417.000000 1.475130e-08
417.000000 1.355750e-08
419.000000 1.355750e-08
419.000000 1.355790e-08
421.000000 1.355790e-08
421.000000 1.292010e-08
423.000000 1.292010e-08
423.000000 1.509820e-08
425.000000 1.509820e-08
425.000000 1.486590e-08
427.000000 1.486590e-08
427.000000 1.279310e-08
429.000000 1.279310e-08
429.000000 1.366490e-08
431.000000 1.366490e-08
431.000000 1.495370e-08
433.000000 1.495370e-08
433.000000 1.544260e-08
435.000000 1.544260e-08
435.000000 1.583580e-08
437.000000 1.583580e-08
437.000000 1.492630e-08
439.000000 1.492630e-08
439.000000 1.409480e-08
441.000000 1.409480e-08
441.000000 1.337340e-08
443.000000 1.337340e-08
443.000000 1.463610e-08
445.000000 1.463610e-08
445.000000 1.225270e-08
447.000000 1.225270e-08
447.000000 1.224240e-08
449.000000 1.224240e-08
449.000000 1.488870e-08
451.000000 1.488870e-08
451.000000 1.474790e-08
453.000000 1.474790e-08
453.000000 1.408920e-08
455.000000 1.408920e-08
455.000000 1.547660e-08
457.000000 1.547660e-08
457.000000 1.388380e-08
459.000000 1.388380e-08
459.000000 1.502350e-08
461.000000 1.502350e-08
461.000000 1.591380e-08
463.000000 1.591380e-08
463.000000 1.413320e-08
465.000000 1.413320e-08
465.000000 1.430730e-08
467.000000 1.430730e-08
467.000000 1.510320e-08
469.000000 1.510320e-08
469.000000 1.329460e-08
471.000000 1.329460e-08
471.000000 1.758060e-08
473.000000 1.758060e-08
473.000000 1.539670e-08
475.000000 1.539670e-08
475.000000 1.586080e-08
477.000000 1.586080e-08
477.000000 1.441250e-08
479.000000 1.441250e-08
479.000000 1.437720e-08
481.000000 1.437720e-08
481.000000 1.556140e-08
483.000000 1.556140e-08
483.000000 1.481870e-08
485.000000 1.481870e-08
485.000000 1.582560e-08
487.000000 1.582560e-08
487.000000 1.475510e-08
489.000000 1.475510e-08
489.000000 1.734400e-08
491.000000 1.734400e-08
491.000000 1.283600e-08
493.000000 1.283600e-08
493.000000 1.446880e-08
495.000000 1.446880e-08
495.000000 1.634320e-08
497.000000 1.634320e-08
497.000000 1.465510e-08
499.000000 1.465510e-08
499.000000 1.610560e-08
501.000000 1.610560e-08
501.000000 1.569550e-08
503.000000 1.569550e-08
503.000000 1.807710e-08
505.000000 1.807710e-08
505.000000 1.564930e-08
507.000000 1.564930e-08
507.000000 1.623110e-08
509.000000 1.623110e-08
509.000000 1.732140e-08
511.000000 1.732140e-08
511.000000 1.592510e-08
513.000000 1.592510e-08
513.000000 1.561990e-08
515.000000 1.561990e-08
515.000000 1.676770e-08
517.000000 1.676770e-08
517.000000 1.724870e-08
519.000000 1.724870e-08
519.000000 1.822730e-08
521.000000 1.822730e-08
521.000000 1.787220e-08
523.000000 1.787220e-08
523.000000 1.603990e-08
525.000000 1.603990e-08
525.000000 1.751590e-08
527.000000 1.751590e-08
527.000000 1.787850e-08
529.000000 1.787850e-08
529.000000 1.789680e-08
531.000000 1.789680e-08
531.000000 1.660970e-08
533.000000 1.660970e-08
533.000000 1.547180e-08
535.000000 1.547180e-08
535.000000 1.702300e-08
537.000000 1.702300e-08
537.000000 1.653180e-08
539.000000 1.653180e-08
539.000000 1.875420e-08
541.000000 1.875420e-08
541.000000 1.552330e-08
543.000000 1.552330e-08
543.000000 1.908740e-08
545.000000 1.908740e-08
545.000000 1.661580e-08
547.000000 1.661580e-08
547.000000 1.564800e-08
549.000000 1.564800e-08
549.000000 1.707300e-08
551.000000 1.707300e-08
551.000000 1.727770e-08
553.000000 1.727770e-08
553.000000 1.807680e-08
555.000000 1.807680e-08
555.000000 1.699730e-08
557.000000 1.699730e-08
557.000000 1.804110e-08
559.000000 1.804110e-08
559.000000 1.936080e-08
561.000000 1.936080e-08
561.000000 1.974370e-08
563.000000 1.974370e-08
563.000000 1.868360e-08
565.000000 1.868360e-08
565.000000 1.664720e-08
567.000000 1.664720e-08
567.000000 2.045010e-08
569.000000 2.045010e-08
569.000000 1.811910e-08
571.000000 1.811910e-08
571.000000 1.989160e-08
573.000000 1.989160e-08
573.000000 2.072640e-08
575.000000 2.072640e-08
575.000000 1.990830e-08
577.000000 1.990830e-08
577.000000 1.924910e-08
579.000000 1.924910e-08
579.000000 1.939480e-08
581.000000 1.939480e-08
581.000000 1.760570e-08
583.000000 1.760570e-08
583.000000 2.320070e-08
585.000000 2.320070e-08
585.000000 2.020450e-08
587.000000 2.020450e-08
587.000000 2.013520e-08
589.000000 2.013520e-08
589.000000 2.008400e-08
591.000000 2.008400e-08
591.000000 1.949690e-08
593.000000 1.949690e-08
593.000000 2.153760e-08
595.000000 2.153760e-08
595.000000 1.909200e-08
597.000000 1.909200e-08
597.000000 2.162490e-08
599.000000 2.162490e-08
599.000000 2.156150e-08
601.000000 2.156150e-08
601.000000 1.892450e-08
603.000000 1.892450e-08
603.000000 2.122540e-08
605.000000 2.122540e-08
605.000000 2.245240e-08
607.000000 2.245240e-08
607.000000 2.144800e-08
609.000000 2.144800e-08
609.000000 2.411770e-08
611.000000 2.411770e-08
611.000000 2.230910e-08
613.000000 2.230910e-08
613.000000 2.197390e-08
615.000000 2.197390e-08
615.000000 2.616610e-08
617.000000 2.616610e-08
617.000000 2.477180e-08
619.000000 2.477180e-08
619.000000 2.616120e-08
621.000000 2.616120e-08
621.000000 2.772310e-08
623.000000 2.772310e-08
623.000000 2.667140e-08
625.000000 2.667140e-08
625.000000 2.614730e-08
627.000000 2.614730e-08
627.000000 2.712750e-08
629.000000 2.712750e-08
629.000000 2.689880e-08
631.000000 2.689880e-08
631.000000 2.563100e-08
633.000000 2.563100e-08
633.000000 2.477640e-08
635.000000 2.477640e-08
635.000000 2.508800e-08
637.000000 2.508800e-08
637.000000 1.916300e-08
639.000000 1.916300e-08
639.000000 2.079450e-08
641.000000 2.079450e-08
641.000000 1.937970e-08
643.000000 1.937970e-08
643.000000 1.636620e-08
645.000000 1.636620e-08
645.000000 1.616270e-08
647.000000 1.616270e-08
647.000000 1.299700e-08
649.000000 1.299700e-08
649.000000 1.402910e-08
651.000000 1.402910e-08
651.000000 1.517050e-08
653.000000 1.517050e-08
653.000000 1.245070e-08
655.000000 1.245070e-08
655.000000 1.177760e-08
657.000000 1.177760e-08
657.000000 8.759420e-09
659.000000 8.759420e-09
659.000000 9.466180e-06
661.000000 9.466180e-06
661.000000 9.466180e-06
663.000000 9.466180e-06
663.000000 4.038340e-32
665.000000 4.038340e-32
