0.000000 0.000000e+00
0.001000 0.000000e+00
0.001000 0.000000e+00
0.003000 0.000000e+00
0.003000 0.000000e+00
0.005000 0.000000e+00
0.005000 0.000000e+00
0.007000 0.000000e+00
0.007000 0.000000e+00
0.009000 0.000000e+00
0.009000 0.000000e+00
0.011000 0.000000e+00
0.011000 0.000000e+00
0.013000 0.000000e+00
0.013000 0.000000e+00
0.015000 0.000000e+00
0.015000 0.000000e+00
0.017000 0.000000e+00
0.017000 0.000000e+00
0.019000 0.000000e+00
0.019000 0.000000e+00
0.021000 0.000000e+00
0.021000 0.000000e+00
0.023000 0.000000e+00
0.023000 0.000000e+00
0.025000 0.000000e+00
0.025000 0.000000e+00
0.027000 0.000000e+00
0.027000 0.000000e+00
0.029000 0.000000e+00
0.029000 0.000000e+00
0.031000 0.000000e+00
0.031000 0.000000e+00
0.033000 0.000000e+00
0.033000 0.000000e+00
0.035000 0.000000e+00
0.035000 0.000000e+00
0.037000 0.000000e+00
0.037000 0.000000e+00
0.039000 0.000000e+00
0.039000 0.000000e+00
0.041000 0.000000e+00
0.041000 0.000000e+00
0.043000 0.000000e+00
0.043000 0.000000e+00
0.045000 0.000000e+00
0.045000 0.000000e+00
0.047000 0.000000e+00
0.047000 0.000000e+00
0.049000 0.000000e+00
0.049000 0.000000e+00
0.051000 0.000000e+00
0.051000 0.000000e+00
0.053000 0.000000e+00
0.053000 0.000000e+00
0.055000 0.000000e+00
0.055000 0.000000e+00
0.057000 0.000000e+00
0.057000 0.000000e+00
0.059000 0.000000e+00
0.059000 0.000000e+00
0.061000 0.000000e+00
0.061000 0.000000e+00
0.063000 0.000000e+00
0.063000 0.000000e+00
0.065000 0.000000e+00
0.065000 5.107185e-11
0.067000 5.107185e-11
0.067000 2.547769e-11
0.069000 2.547769e-11
0.069000 0.000000e+00
0.071000 0.000000e+00
0.071000 0.000000e+00
0.073000 0.000000e+00
0.073000 5.098999e-11
0.075000 5.098999e-11
0.075000 1.131127e-10
0.077000 1.131127e-10
0.077000 3.928283e-11
0.079000 3.928283e-11
0.079000 7.474732e-11
0.081000 7.474732e-11
0.081000 4.991437e-11
0.083000 4.991437e-11
0.083000 1.533269e-10
0.085000 1.533269e-10
0.085000 7.669440e-11
0.087000 7.669440e-11
0.087000 2.140990e-10
0.089000 2.140990e-10
0.089000 2.472058e-10
0.091000 2.472058e-10
0.091000 3.006929e-10
0.093000 3.006929e-10
0.093000 3.895988e-10
0.095000 3.895988e-10
0.095000 5.287996e-10
0.097000 5.287996e-10
0.097000 6.154760e-10
0.099000 6.154760e-10
0.099000 3.803584e-10
0.101000 3.803584e-10
0.101000 6.002469e-10
0.103000 6.002469e-10
0.103000 8.759685e-10
0.105000 8.759685e-10
0.105000 6.275424e-10
0.107000 6.275424e-10
0.107000 1.033647e-09
0.109000 1.033647e-09
0.109000 1.344730e-09
0.111000 1.344730e-09
0.111000 1.722582e-09
0.113000 1.722582e-09
0.113000 1.730810e-09
0.115000 1.730810e-09
0.115000 2.262558e-09
0.117000 2.262558e-09
0.117000 2.332770e-09
0.119000 2.332770e-09
0.119000 2.157474e-09
0.121000 2.157474e-09
0.121000 2.701818e-09
0.123000 2.701818e-09
0.123000 2.579786e-09
0.125000 2.579786e-09
0.125000 2.819137e-09
0.127000 2.819137e-09
0.127000 2.886066e-09
0.129000 2.886066e-09
0.129000 3.477587e-09
0.131000 3.477587e-09
0.131000 3.208303e-09
0.133000 3.208303e-09
0.133000 3.594111e-09
0.135000 3.594111e-09
0.135000 3.401918e-09
0.137000 3.401918e-09
0.137000 4.730994e-09
0.139000 4.730994e-09
0.139000 3.887351e-09
0.141000 3.887351e-09
0.141000 4.587984e-09
0.143000 4.587984e-09
0.143000 5.312227e-09
0.145000 5.312227e-09
0.145000 5.007759e-09
0.147000 5.007759e-09
0.147000 4.833328e-09
0.149000 4.833328e-09
0.149000 5.981769e-09
0.151000 5.981769e-09
0.151000 5.804730e-09
0.153000 5.804730e-09
0.153000 6.105806e-09
0.155000 6.105806e-09
0.155000 6.927736e-09
0.157000 6.927736e-09
0.157000 6.082150e-09
0.159000 6.082150e-09
0.159000 7.001450e-09
0.161000 7.001450e-09
0.161000 6.672758e-09
0.163000 6.672758e-09
0.163000 8.316007e-09
0.165000 8.316007e-09
0.165000 7.988313e-09
0.167000 7.988313e-09
0.167000 8.628122e-09
0.169000 8.628122e-09
0.169000 9.288027e-09
0.171000 9.288027e-09
0.171000 7.994292e-09
0.173000 7.994292e-09
0.173000 8.410650e-09
0.175000 8.410650e-09
0.175000 9.370034e-09
0.177000 9.370034e-09
0.177000 1.039426e-08
0.179000 1.039426e-08
0.179000 1.064505e-08
0.181000 1.064505e-08
0.181000 1.056062e-08
0.183000 1.056062e-08
0.183000 1.422592e-08
0.185000 1.422592e-08
0.185000 2.375726e-08
0.187000 2.375726e-08
0.187000 2.598873e-08
0.189000 2.598873e-08
0.189000 2.688441e-08
0.191000 2.688441e-08
0.191000 2.814224e-08
0.193000 2.814224e-08
0.193000 2.572438e-08
0.195000 2.572438e-08
0.195000 2.429969e-08
0.197000 2.429969e-08
0.197000 2.589774e-08
0.199000 2.589774e-08
0.199000 2.499227e-08
0.201000 2.499227e-08
0.201000 2.537709e-08
0.203000 2.537709e-08
0.203000 2.516348e-08
0.205000 2.516348e-08
0.205000 2.323300e-08
0.207000 2.323300e-08
0.207000 2.354764e-08
0.209000 2.354764e-08
0.209000 2.601066e-08
0.211000 2.601066e-08
0.211000 2.703196e-08
0.213000 2.703196e-08
0.213000 2.541985e-08
0.215000 2.541985e-08
0.215000 2.420919e-08
0.217000 2.420919e-08
0.217000 2.529893e-08
0.219000 2.529893e-08
0.219000 2.505762e-08
0.221000 2.505762e-08
0.221000 2.473984e-08
0.223000 2.473984e-08
0.223000 2.520050e-08
0.225000 2.520050e-08
0.225000 2.600226e-08
0.227000 2.600226e-08
0.227000 2.615267e-08
0.229000 2.615267e-08
0.229000 2.635454e-08
0.231000 2.635454e-08
0.231000 2.643255e-08
0.233000 2.643255e-08
0.233000 2.760230e-08
0.235000 2.760230e-08
0.235000 2.600703e-08
0.237000 2.600703e-08
0.237000 2.574344e-08
0.239000 2.574344e-08
0.239000 2.626326e-08
0.241000 2.626326e-08
0.241000 2.696329e-08
0.243000 2.696329e-08
0.243000 2.585217e-08
0.245000 2.585217e-08
0.245000 2.782315e-08
0.247000 2.782315e-08
0.247000 2.763247e-08
0.249000 2.763247e-08
0.249000 2.610056e-08
0.251000 2.610056e-08
0.251000 2.790070e-08
0.253000 2.790070e-08
0.253000 2.604094e-08
0.255000 2.604094e-08
0.255000 2.749754e-08
0.257000 2.749754e-08
0.257000 2.657132e-08
0.259000 2.657132e-08
0.259000 2.765242e-08
0.261000 2.765242e-08
0.261000 2.953929e-08
0.263000 2.953929e-08
0.263000 2.888233e-08
0.265000 2.888233e-08
0.265000 2.762747e-08
0.267000 2.762747e-08
0.267000 2.795603e-08
0.269000 2.795603e-08
0.269000 2.561411e-08
0.271000 2.561411e-08
0.271000 2.896400e-08
0.273000 2.896400e-08
0.273000 2.906905e-08
0.275000 2.906905e-08
0.275000 2.820777e-08
0.277000 2.820777e-08
0.277000 2.719923e-08
0.279000 2.719923e-08
0.279000 3.000145e-08
0.281000 3.000145e-08
0.281000 2.965157e-08
0.283000 2.965157e-08
0.283000 2.903484e-08
0.285000 2.903484e-08
0.285000 3.029644e-08
0.287000 3.029644e-08
0.287000 2.737926e-08
0.289000 2.737926e-08
0.289000 2.858265e-08
0.291000 2.858265e-08
0.291000 2.944715e-08
0.293000 2.944715e-08
0.293000 2.915309e-08
0.295000 2.915309e-08
0.295000 2.854671e-08
0.297000 2.854671e-08
0.297000 2.779353e-08
0.299000 2.779353e-08
0.299000 3.047999e-08
0.301000 3.047999e-08
0.301000 3.020766e-08
0.303000 3.020766e-08
0.303000 3.206465e-08
0.305000 3.206465e-08
0.305000 3.064478e-08
0.307000 3.064478e-08
0.307000 3.014230e-08
0.309000 3.014230e-08
0.309000 2.897357e-08
0.311000 2.897357e-08
0.311000 3.134296e-08
0.313000 3.134296e-08
0.313000 2.847252e-08
0.315000 2.847252e-08
0.315000 2.971433e-08
0.317000 2.971433e-08
0.317000 2.850083e-08
0.319000 2.850083e-08
0.319000 2.887238e-08
0.321000 2.887238e-08
0.321000 2.926939e-08
0.323000 2.926939e-08
0.323000 2.872487e-08
0.325000 2.872487e-08
0.325000 2.823465e-08
0.327000 2.823465e-08
0.327000 3.109997e-08
0.329000 3.109997e-08
0.329000 2.977977e-08
0.331000 2.977977e-08
0.331000 3.150412e-08
0.333000 3.150412e-08
0.333000 3.072331e-08
0.335000 3.072331e-08
0.335000 3.102107e-08
0.337000 3.102107e-08
0.337000 2.960869e-08
0.339000 2.960869e-08
0.339000 2.959250e-08
0.341000 2.959250e-08
0.341000 2.825173e-08
0.343000 2.825173e-08
0.343000 2.900076e-08
0.345000 2.900076e-08
0.345000 2.836778e-08
0.347000 2.836778e-08
0.347000 2.777641e-08
0.349000 2.777641e-08
0.349000 2.844011e-08
0.351000 2.844011e-08
0.351000 2.979784e-08
0.353000 2.979784e-08
0.353000 2.916299e-08
0.355000 2.916299e-08
0.355000 3.082979e-08
0.357000 3.082979e-08
0.357000 3.012170e-08
0.359000 3.012170e-08
0.359000 3.119323e-08
0.361000 3.119323e-08
0.361000 2.919368e-08
0.363000 2.919368e-08
0.363000 2.948785e-08
0.365000 2.948785e-08
0.365000 2.922412e-08
0.367000 2.922412e-08
0.367000 2.881960e-08
0.369000 2.881960e-08
0.369000 2.930946e-08
0.371000 2.930946e-08
0.371000 2.851861e-08
0.373000 2.851861e-08
0.373000 2.936577e-08
0.375000 2.936577e-08
0.375000 2.747642e-08
0.377000 2.747642e-08
0.377000 2.882501e-08
0.379000 2.882501e-08
0.379000 2.895652e-08
0.381000 2.895652e-08
0.381000 2.852063e-08
0.383000 2.852063e-08
0.383000 2.986166e-08
0.385000 2.986166e-08
0.385000 3.125313e-08
0.387000 3.125313e-08
0.387000 3.044794e-08
0.389000 3.044794e-08
0.389000 2.908518e-08
0.391000 2.908518e-08
0.391000 3.006983e-08
0.393000 3.006983e-08
0.393000 2.860185e-08
0.395000 2.860185e-08
0.395000 2.893301e-08
0.397000 2.893301e-08
0.397000 3.066319e-08
0.399000 3.066319e-08
0.399000 2.912555e-08
0.401000 2.912555e-08
0.401000 3.014386e-08
0.403000 3.014386e-08
0.403000 2.927565e-08
0.405000 2.927565e-08
0.405000 3.013411e-08
0.407000 3.013411e-08
0.407000 3.139462e-08
0.409000 3.139462e-08
0.409000 2.946657e-08
0.411000 2.946657e-08
0.411000 2.903807e-08
0.413000 2.903807e-08
0.413000 3.269195e-08
0.415000 3.269195e-08
0.415000 3.100707e-08
0.417000 3.100707e-08
0.417000 3.038975e-08
0.419000 3.038975e-08
0.419000 3.099037e-08
0.421000 3.099037e-08
0.421000 3.120780e-08
0.423000 3.120780e-08
0.423000 3.095302e-08
0.425000 3.095302e-08
0.425000 3.167765e-08
0.427000 3.167765e-08
0.427000 3.295307e-08
0.429000 3.295307e-08
0.429000 3.122636e-08
0.431000 3.122636e-08
0.431000 2.960396e-08
0.433000 2.960396e-08
0.433000 3.197597e-08
0.435000 3.197597e-08
0.435000 3.160763e-08
0.437000 3.160763e-08
0.437000 2.993820e-08
0.439000 2.993820e-08
0.439000 3.200938e-08
0.441000 3.200938e-08
0.441000 3.225855e-08
0.443000 3.225855e-08
0.443000 3.108118e-08
0.445000 3.108118e-08
0.445000 3.201314e-08
0.447000 3.201314e-08
0.447000 3.174489e-08
0.449000 3.174489e-08
0.449000 3.283784e-08
0.451000 3.283784e-08
0.451000 3.141291e-08
0.453000 3.141291e-08
0.453000 3.221521e-08
0.455000 3.221521e-08
0.455000 3.368997e-08
0.457000 3.368997e-08
0.457000 3.288188e-08
0.459000 3.288188e-08
0.459000 3.181950e-08
0.461000 3.181950e-08
0.461000 3.172200e-08
0.463000 3.172200e-08
0.463000 3.253406e-08
0.465000 3.253406e-08
0.465000 3.557038e-08
0.467000 3.557038e-08
0.467000 3.280236e-08
0.469000 3.280236e-08
0.469000 3.150147e-08
0.471000 3.150147e-08
0.471000 3.177746e-08
0.473000 3.177746e-08
0.473000 3.103108e-08
0.475000 3.103108e-08
0.475000 3.368512e-08
0.477000 3.368512e-08
0.477000 3.440795e-08
0.479000 3.440795e-08
0.479000 3.540257e-08
0.481000 3.540257e-08
0.481000 3.351799e-08
0.483000 3.351799e-08
0.483000 3.451711e-08
0.485000 3.451711e-08
0.485000 3.359488e-08
0.487000 3.359488e-08
0.487000 3.320293e-08
0.489000 3.320293e-08
0.489000 3.571715e-08
0.491000 3.571715e-08
0.491000 3.564286e-08
0.493000 3.564286e-08
0.493000 3.612832e-08
0.495000 3.612832e-08
0.495000 3.580954e-08
0.497000 3.580954e-08
0.497000 3.622297e-08
0.499000 3.622297e-08
0.499000 3.575813e-08
0.501000 3.575813e-08
0.501000 3.464675e-08
0.503000 3.464675e-08
0.503000 3.668788e-08
0.505000 3.668788e-08
0.505000 3.521731e-08
0.507000 3.521731e-08
0.507000 3.407876e-08
0.509000 3.407876e-08
0.509000 3.722653e-08
0.511000 3.722653e-08
0.511000 3.472029e-08
0.513000 3.472029e-08
0.513000 3.563887e-08
0.515000 3.563887e-08
0.515000 3.624707e-08
0.517000 3.624707e-08
0.517000 3.730143e-08
0.519000 3.730143e-08
0.519000 3.629234e-08
0.521000 3.629234e-08
0.521000 3.689620e-08
0.523000 3.689620e-08
0.523000 3.687369e-08
0.525000 3.687369e-08
0.525000 3.705252e-08
0.527000 3.705252e-08
0.527000 3.900477e-08
0.529000 3.900477e-08
0.529000 3.894028e-08
0.531000 3.894028e-08
0.531000 3.921595e-08
0.533000 3.921595e-08
0.533000 3.706947e-08
0.535000 3.706947e-08
0.535000 3.849472e-08
0.537000 3.849472e-08
0.537000 3.783949e-08
0.539000 3.783949e-08
0.539000 3.616109e-08
0.541000 3.616109e-08
0.541000 3.864616e-08
0.543000 3.864616e-08
0.543000 3.814689e-08
0.545000 3.814689e-08
0.545000 3.965291e-08
0.547000 3.965291e-08
0.547000 3.871429e-08
0.549000 3.871429e-08
0.549000 3.895411e-08
0.551000 3.895411e-08
0.551000 3.978706e-08
0.553000 3.978706e-08
0.553000 4.282987e-08
0.555000 4.282987e-08
0.555000 3.992646e-08
0.557000 3.992646e-08
0.557000 4.311078e-08
0.559000 4.311078e-08
0.559000 4.108313e-08
0.561000 4.108313e-08
0.561000 4.042602e-08
0.563000 4.042602e-08
0.563000 4.284223e-08
0.565000 4.284223e-08
0.565000 4.136261e-08
0.567000 4.136261e-08
0.567000 4.187418e-08
0.569000 4.187418e-08
0.569000 4.226682e-08
0.571000 4.226682e-08
0.571000 4.293251e-08
0.573000 4.293251e-08
0.573000 4.231133e-08
0.575000 4.231133e-08
0.575000 4.240544e-08
0.577000 4.240544e-08
0.577000 4.475256e-08
0.579000 4.475256e-08
0.579000 4.377768e-08
0.581000 4.377768e-08
0.581000 4.510143e-08
0.583000 4.510143e-08
0.583000 4.633186e-08
0.585000 4.633186e-08
0.585000 4.425051e-08
0.587000 4.425051e-08
0.587000 4.649323e-08
0.589000 4.649323e-08
0.589000 4.565037e-08
0.591000 4.565037e-08
0.591000 4.767096e-08
0.593000 4.767096e-08
0.593000 4.983219e-08
0.595000 4.983219e-08
0.595000 5.078291e-08
0.597000 5.078291e-08
0.597000 4.994033e-08
0.599000 4.994033e-08
0.599000 4.929064e-08
0.601000 4.929064e-08
0.601000 5.110494e-08
0.603000 5.110494e-08
0.603000 5.234839e-08
0.605000 5.234839e-08
0.605000 5.175555e-08
0.607000 5.175555e-08
0.607000 5.466305e-08
0.609000 5.466305e-08
0.609000 5.178703e-08
0.611000 5.178703e-08
0.611000 5.838176e-08
0.613000 5.838176e-08
0.613000 5.573499e-08
0.615000 5.573499e-08
0.615000 5.291331e-08
0.617000 5.291331e-08
0.617000 5.562977e-08
0.619000 5.562977e-08
0.619000 5.792920e-08
0.621000 5.792920e-08
0.621000 5.773330e-08
0.623000 5.773330e-08
0.623000 5.411608e-08
0.625000 5.411608e-08
0.625000 5.604577e-08
0.627000 5.604577e-08
0.627000 5.365147e-08
0.629000 5.365147e-08
0.629000 5.116526e-08
0.631000 5.116526e-08
0.631000 5.117325e-08
0.633000 5.117325e-08
0.633000 5.020306e-08
0.635000 5.020306e-08
0.635000 4.906612e-08
0.637000 4.906612e-08
0.637000 4.564255e-08
0.639000 4.564255e-08
0.639000 4.301796e-08
0.641000 4.301796e-08
0.641000 4.113930e-08
0.643000 4.113930e-08
0.643000 4.045981e-08
0.645000 4.045981e-08
0.645000 3.738028e-08
0.647000 3.738028e-08
0.647000 3.691708e-08
0.649000 3.691708e-08
0.649000 3.373151e-08
0.651000 3.373151e-08
0.651000 3.259291e-08
0.653000 3.259291e-08
0.653000 3.319263e-08
0.655000 3.319263e-08
0.655000 2.949480e-08
0.657000 2.949480e-08
0.657000 2.757028e-08
0.659000 2.757028e-08
0.659000 2.416154e-08
0.661000 2.416154e-08
0.661000 2.100809e-05
0.663000 2.100809e-05
