  3.5000E-02  3.5000E-02  3.5000E-02  3.5000E-02  3.5000E-02
  3.5000E-02  3.5000E-02  3.4900E-02  3.4900E-02  3.4900E-02
  3.4900E-02  3.4800E-02  3.4700E-02  3.4600E-02  3.4500E-02
  3.4400E-02  3.4300E-02  3.4000E-02  3.3400E-02  3.2200E-02
  3.0800E-02  2.9200E-02  2.7400E-02  2.5500E-02  2.2000E-02
  1.3000E-02  7.4000E-03  2.2000E-03  7.1000E-04  1.0000E-04
  6.6000E-06
  1.3300E-01  1.3300E-01  1.3300E-01  1.3300E-01  1.3300E-01
  1.3200E-01  1.3200E-01  1.3100E-01  1.3000E-01  1.2900E-01
  1.2700E-01  1.2400E-01  1.2000E-01  1.1600E-01  1.1100E-01
  1.0600E-01  1.0000E-01  8.9100E-02  7.1700E-02  4.5700E-02
  2.6500E-02  1.4400E-02  7.7100E-03  4.5300E-03  2.9000E-03
  2.5000E-03  1.4000E-03  3.4000E-04  9.3000E-05  1.1000E-05
  6.5000E-07
  6.8100E-02  6.8100E-02  6.8100E-02  6.8100E-02  6.8100E-02
  6.8100E-02  6.8100E-02  6.8100E-02  6.8100E-02  6.8100E-02
  6.8100E-02  6.8100E-02  6.8000E-02  6.7800E-02  6.7600E-02
  6.7400E-02  6.7000E-02  6.6000E-02  6.3500E-02  5.7200E-02
  4.8800E-02  3.9700E-02  3.1100E-02  2.3600E-02  1.3000E-02
  2.7000E-03  6.3000E-04  5.4000E-05  7.6000E-06  4.0000E-07
  8.0000E-09
  3.7300E-01  3.7200E-01  3.7000E-01  3.6700E-01  3.6400E-01
  3.5200E-01  3.3800E-01  3.2000E-01  2.9900E-01  2.7600E-01
  2.5300E-01  2.0500E-01  1.5900E-01  1.1900E-01  8.7000E-02
  6.2300E-02  4.4500E-02  2.5000E-02  1.7500E-02  1.6600E-02
  1.2300E-02  7.0700E-03  3.5200E-03  1.6400E-03  4.9000E-04
  3.6000E-04  2.1000E-04  5.0000E-05  1.3000E-05  1.6000E-06
  8.9000E-08
  2.3500E-01  2.3500E-01  2.3500E-01  2.3500E-01  2.3500E-01
  2.3500E-01  2.3400E-01  2.3300E-01  2.3100E-01  2.2800E-01
  2.2300E-01  2.1100E-01  1.9400E-01  1.7300E-01  1.5000E-01
  1.2700E-01  1.0500E-01  6.8000E-02  3.1500E-02  8.3700E-03
  4.3800E-03  4.1700E-03  3.9500E-03  3.3800E-03  2.0000E-03
  4.2000E-04  9.3000E-05  7.5000E-06  1.0000E-06  5.2000E-08
  1.0000E-09
  2.1500E-01  2.1500E-01  2.1500E-01  2.1500E-01  2.1500E-01
  2.1500E-01  2.1400E-01  2.1400E-01  2.1200E-01  2.1000E-01
  2.0600E-01  1.9500E-01  1.8000E-01  1.6200E-01  1.4400E-01
  1.2600E-01  1.0900E-01  8.0100E-02  4.9300E-02  2.1600E-02
  9.5900E-03  4.3800E-03  2.0700E-03  1.0100E-03  2.7000E-04
  1.7000E-05  1.9000E-06  6.2000E-08  4.6000E-09  1.0000E-10
  8.2000E-13
  1.5900E+00  1.5500E+00  1.4400E+00  1.2700E+00  1.0800E+00
  6.7700E-01  3.6800E-01  1.8000E-01  8.5600E-02  4.5800E-02
  3.2600E-02  2.9600E-02  2.7700E-02  2.2500E-02  1.6500E-02
  1.1200E-02  7.3100E-03  2.9200E-03  1.0500E-03  8.6300E-04
  6.8300E-04  4.0500E-04  2.0300E-04  9.3000E-05  2.5000E-05
  1.8000E-05  1.0000E-05  2.4000E-06  6.5000E-07  7.7000E-08
  4.3000E-09