  3.2300E-02  3.2300E-02  3.2300E-02  3.2300E-02  3.2300E-02
  3.2300E-02  3.2300E-02  3.2300E-02  3.2300E-02  3.2300E-02
  3.2200E-02  3.2200E-02  3.2100E-02  3.2100E-02  3.2000E-02
  3.1900E-02  3.1800E-02  3.1500E-02  3.1100E-02  3.0100E-02
  2.9000E-02  2.7700E-02  2.6200E-02  2.4700E-02  2.1000E-02
  1.4000E-02  8.2000E-03  2.7000E-03  9.1000E-04  1.4000E-04
  9.4000E-06
  1.2200E-01  1.2200E-01  1.2200E-01  1.2200E-01  1.2200E-01
  1.2100E-01  1.2100E-01  1.2000E-01  1.1900E-01  1.1800E-01
  1.1700E-01  1.1500E-01  1.1200E-01  1.0800E-01  1.0500E-01
  1.0100E-01  9.6100E-02  8.6800E-02  7.2200E-02  4.9200E-02
  3.0800E-02  1.8000E-02  1.0100E-02  5.8500E-03  2.9000E-03
  2.5000E-03  1.6000E-03  4.5000E-04  1.3000E-04  1.7000E-05
  9.6000E-07
  6.2100E-02  6.2100E-02  6.2100E-02  6.2100E-02  6.2100E-02
  6.2100E-02  6.2100E-02  6.2100E-02  6.2100E-02  6.2100E-02
  6.2100E-02  6.2100E-02  6.2000E-02  6.1900E-02  6.1800E-02
  6.1600E-02  6.1400E-02  6.0700E-02  5.9000E-02  5.4500E-02
  4.8100E-02  4.0600E-02  3.3100E-02  2.6200E-02  1.6000E-02
  3.7000E-03  9.4000E-04  8.7000E-05  1.3000E-05  6.9000E-07
  1.4000E-08
  3.3900E-01  3.3900E-01  3.3700E-01  3.3500E-01  3.3200E-01
  3.2400E-01  3.1200E-01  2.9800E-01  2.8200E-01  2.6400E-01
  2.4500E-01  2.0500E-01  1.6600E-01  1.3000E-01  9.9200E-02
  7.4100E-02  5.4600E-02  3.0300E-02  1.7500E-02  1.5800E-02
  1.3400E-02  8.9500E-03  5.0700E-03  2.6000E-03  6.9000E-04
  3.7000E-04  2.5000E-04  6.8000E-05  1.9000E-05  2.4000E-06
  1.3000E-07
  2.1200E-01  2.1200E-01  2.1200E-01  2.1200E-01  2.1200E-01
  2.1200E-01  2.1200E-01  2.1100E-01  2.0900E-01  2.0700E-01
  2.0500E-01  1.9600E-01  1.8400E-01  1.6900E-01  1.5100E-01
  1.3300E-01  1.1400E-01  7.9700E-02  4.1700E-02  1.2300E-02
  4.8900E-03  3.9100E-03  3.8700E-03  3.5800E-03  2.5000E-03
  6.1000E-04  1.5000E-04  1.3000E-05  1.8000E-06  9.4000E-08
  1.9000E-09
  1.9000E-01  1.9000E-01  1.9000E-01  1.9000E-01  1.9000E-01
  1.8900E-01  1.8900E-01  1.8900E-01  1.8800E-01  1.8700E-01
  1.8500E-01  1.7800E-01  1.6800E-01  1.5500E-01  1.4100E-01
  1.2700E-01  1.1300E-01  8.7900E-02  5.8200E-02  2.8300E-02
  1.3800E-02  6.7800E-03  3.4100E-03  1.7600E-03  5.1000E-04
  3.6000E-05  4.2000E-06  1.4000E-07  1.1000E-08  2.5000E-10
  1.7000E-12
  1.5100E+00  1.4800E+00  1.3800E+00  1.2400E+00  1.0600E+00
  7.0000E-01  4.0400E-01  2.1100E-01  1.0400E-01  5.3300E-02
  3.3000E-02  2.5400E-02  2.4900E-02  2.2000E-02  1.7400E-02
  1.2800E-02  8.9000E-03  3.9600E-03  1.2500E-03  7.4000E-04
  6.7500E-04  4.6900E-04  2.6900E-04  1.3800E-04  3.5000E-05
  1.6000E-05  1.1000E-05  3.1000E-06  8.5000E-07  1.1000E-07
  6.0000E-09