  1.5900E-02  1.5900E-02  1.5900E-02  1.5900E-02  1.5900E-02
  1.5900E-02  1.5900E-02  1.5900E-02  1.5900E-02  1.5900E-02
  1.5900E-02  1.5900E-02  1.5900E-02  1.5900E-02  1.5900E-02
  1.5900E-02  1.5900E-02  1.5800E-02  1.5800E-02  1.5700E-02
  1.5500E-02  1.5300E-02  1.5100E-02  1.4900E-02  1.4000E-02
  1.3000E-02  1.1000E-02  6.8000E-03  4.1000E-03  1.4000E-03
  2.1000E-04
  5.7200E-02  5.7200E-02  5.7200E-02  5.7200E-02  5.7200E-02
  5.7200E-02  5.7100E-02  5.7100E-02  5.7000E-02  5.6900E-02
  5.6800E-02  5.6500E-02  5.6200E-02  5.5800E-02  5.5300E-02
  5.4800E-02  5.4300E-02  5.3000E-02  5.0800E-02  4.6300E-02
  4.1200E-02  3.5800E-02  3.0400E-02  2.5200E-02  1.6000E-02
  4.5000E-03  1.6000E-03  1.3000E-03  9.3000E-04  2.9000E-04
  3.4000E-05
  2.8500E-02  2.8500E-02  2.8500E-02  2.8500E-02  2.8500E-02
  2.8500E-02  2.8500E-02  2.8500E-02  2.8500E-02  2.8500E-02
  2.8500E-02  2.8500E-02  2.8500E-02  2.8500E-02  2.8500E-02
  2.8500E-02  2.8500E-02  2.8400E-02  2.8400E-02  2.8200E-02
  2.7900E-02  2.7400E-02  2.6700E-02  2.5800E-02  2.3000E-02
  1.6000E-02  8.9000E-03  2.4000E-03  6.8000E-04  7.7000E-05
  3.7000E-06
  2.9800E-02  2.9800E-02  2.9800E-02  2.9800E-02  2.9800E-02
  2.9800E-02  2.9800E-02  2.9800E-02  2.9800E-02  2.9800E-02
  2.9800E-02  2.9800E-02  2.9800E-02  2.9800E-02  2.9800E-02
  2.9800E-02  2.9700E-02  2.9700E-02  2.9700E-02  2.9500E-02
  2.9100E-02  2.8500E-02  2.7700E-02  2.6600E-02  2.4000E-02
  1.5000E-02  8.3000E-03  2.1000E-03  5.3000E-04  5.1000E-05
  1.7000E-06
  1.3300E-01  1.3300E-01  1.3300E-01  1.3300E-01  1.3300E-01
  1.3200E-01  1.3100E-01  1.3000E-01  1.2900E-01  1.2800E-01
  1.2600E-01  1.2200E-01  1.1800E-01  1.1300E-01  1.0700E-01
  1.0200E-01  9.5500E-02  8.2700E-02  6.3800E-02  3.7600E-02
  2.0800E-02  1.2500E-02  9.6400E-03  9.0900E-03  8.7000E-03
  3.3000E-03  7.0000E-04  2.7000E-04  2.0000E-04  6.2000E-05
  7.1000E-06
  7.9100E-02  7.9100E-02  7.9100E-02  7.9100E-02  7.9100E-02
  7.9100E-02  7.9100E-02  7.9100E-02  7.9100E-02  7.9100E-02
  7.9000E-02  7.9000E-02  7.8800E-02  7.8600E-02  7.8200E-02
  7.7700E-02  7.7100E-02  7.5300E-02  7.1100E-02  6.0500E-02
  4.7000E-02  3.3500E-02  2.2200E-02  1.3900E-02  5.3000E-03
  2.5000E-03  2.1000E-03  6.4000E-04  1.7000E-04  1.8000E-05
  8.3000E-07
  8.1600E-02  8.1600E-02  8.1600E-02  8.1600E-02  8.1600E-02
  8.1600E-02  8.1600E-02  8.1600E-02  8.1600E-02  8.1500E-02
  8.1500E-02  8.1400E-02  8.1200E-02  8.1000E-02  8.0600E-02
  8.0000E-02  7.9300E-02  7.7200E-02  7.2500E-02  6.0700E-02
  4.6100E-02  3.2100E-02  2.0700E-02  1.2600E-02  4.8000E-03
  2.7000E-03  2.0000E-03  5.7000E-04  1.4000E-04  1.2000E-05
  4.0000E-07
  5.4600E-02  5.4600E-02  5.4600E-02  5.4600E-02  5.4600E-02
  5.4600E-02  5.4600E-02  5.4600E-02  5.4600E-02  5.4600E-02
  5.4600E-02  5.4600E-02  5.4600E-02  5.4600E-02  5.4600E-02
  5.4600E-02  5.4500E-02  5.4400E-02  5.3900E-02  5.2000E-02
  4.8200E-02  4.2700E-02  3.6300E-02  2.9800E-02  1.9000E-02
  4.6000E-03  1.1000E-03  8.9000E-05  1.1000E-05  4.2000E-07
  5.7000E-09
  5.5200E-02  5.5200E-02  5.5200E-02  5.5200E-02  5.5200E-02
  5.5200E-02  5.5200E-02  5.5200E-02  5.5200E-02  5.5200E-02
  5.5200E-02  5.5200E-02  5.5200E-02  5.5200E-02  5.5200E-02
  5.5100E-02  5.5100E-02  5.4900E-02  5.4400E-02  5.2400E-02
  4.8400E-02  4.2800E-02  3.6300E-02  2.9600E-02  1.8000E-02
  4.4000E-03  1.1000E-03  8.1000E-05  9.4000E-06  3.3000E-07
  3.6000E-09
  3.0900E-01  3.0800E-01  3.0700E-01  3.0500E-01  3.0300E-01
  2.9600E-01  2.8600E-01  2.7400E-01  2.6100E-01  2.4500E-01
  2.2900E-01  1.9400E-01  1.5900E-01  1.2700E-01  9.8200E-02
  7.4900E-02  5.6800E-02  3.4800E-02  2.4500E-02  2.3200E-02
  1.7000E-02  9.2500E-03  4.3700E-03  2.3700E-03  1.8000E-03
  8.7000E-04  1.7000E-04  5.2000E-05  4.0000E-05  1.2000E-05
  1.4000E-06
  2.0000E-01  2.0000E-01  2.0000E-01  2.0000E-01  2.0000E-01
  2.0000E-01  1.9900E-01  1.9900E-01  1.9800E-01  1.9600E-01
  1.9400E-01  1.8800E-01  1.7800E-01  1.6500E-01  1.5000E-01
  1.3200E-01  1.1500E-01  8.0100E-02  4.0900E-02  1.3100E-02
  8.9700E-03  8.7500E-03  7.3500E-03  5.2200E-03  1.9000E-03
  4.2000E-04  3.7000E-04  1.2000E-04  3.2000E-05  3.4000E-06
  1.5000E-07
  2.0700E-01  2.0700E-01  2.0700E-01  2.0700E-01  2.0700E-01
  2.0700E-01  2.0600E-01  2.0600E-01  2.0400E-01  2.0300E-01
  2.0000E-01  1.9300E-01  1.8200E-01  1.6700E-01  1.5000E-01
  1.3100E-01  1.1200E-01  7.6200E-02  3.7400E-02  1.2200E-02
  9.2100E-03  8.8500E-03  7.1000E-03  4.8200E-03  1.7000E-03
  4.4000E-04  3.7000E-04  1.1000E-04  2.6000E-05  2.3000E-06
  7.3000E-08
  1.7900E-01  1.7900E-01  1.7900E-01  1.7900E-01  1.7900E-01
  1.7900E-01  1.7900E-01  1.7900E-01  1.7900E-01  1.7800E-01
  1.7800E-01  1.7500E-01  1.7000E-01  1.6200E-01  1.5200E-01
  1.4000E-01  1.2600E-01  9.7100E-02  5.9000E-02  2.1000E-02
  6.9600E-03  3.3900E-03  2.9000E-03  2.8700E-03  2.3000E-03
  7.0000E-04  1.8000E-04  1.4000E-05  1.7000E-06  6.3000E-08
  8.7000E-10
  1.8100E-01  1.8100E-01  1.8100E-01  1.8100E-01  1.8100E-01
  1.8000E-01  1.8000E-01  1.8000E-01  1.8000E-01  1.8000E-01
  1.7900E-01  1.7600E-01  1.7100E-01  1.6300E-01  1.5300E-01
  1.4000E-01  1.2600E-01  9.6600E-02  5.8000E-02  2.0200E-02
  6.6700E-03  3.3400E-03  2.9200E-03  2.8900E-03  2.3000E-03
  6.8000E-04  1.7000E-04  1.3000E-05  1.4000E-06  5.0000E-08
  5.6000E-10
  1.0000E+00  9.9000E-01  9.5800E-01  9.0700E-01  8.4100E-01
  6.7900E-01  5.0800E-01  3.5500E-01  2.3400E-01  1.4900E-01
  9.4700E-02  4.8500E-02  4.0400E-02  4.0100E-02  3.7500E-02
  3.1900E-02  2.5000E-02  1.2900E-02  4.3300E-03  2.5600E-03
  2.1800E-03  1.2700E-03  5.9200E-04  2.8500E-04  1.9000E-04
  9.4000E-05  1.9000E-05  5.3000E-06  4.1000E-06  1.2000E-06
  1.4000E-07
  7.3700E-01  7.3700E-01  7.3600E-01  7.3200E-01  7.2300E-01
  6.7800E-01  5.9600E-01  4.8900E-01  3.7700E-01  2.7500E-01
  1.9200E-01  8.4900E-02  3.5600E-02  1.7100E-02  1.1900E-02
  1.1000E-02  1.1000E-02  9.6100E-03  5.5800E-03  1.4500E-03
  6.1700E-04  5.7900E-04  5.1700E-04  3.8200E-04  1.5000E-04
  2.8000E-05  2.4000E-05  8.1000E-06  2.2000E-06  2.3000E-07
  1.0000E-08
  7.6400E-01  7.6400E-01  7.6300E-01  7.5800E-01  7.4700E-01
  6.9600E-01  6.0400E-01  4.8700E-01  3.6700E-01  2.6200E-01
  1.7800E-01  7.4600E-02  3.0300E-02  1.5300E-02  1.1600E-02
  1.1300E-02  1.1100E-02  9.2600E-03  4.9700E-03  1.2200E-03
  6.0000E-04  5.7900E-04  4.9200E-04  3.4600E-04  1.2000E-04
  2.8000E-05  2.4000E-05  6.9000E-06  1.7000E-06  1.5000E-07
  4.7000E-09