  6.5800E-03  6.5800E-03  6.5800E-03  6.5800E-03  6.5800E-03
  6.5800E-03  6.5800E-03  6.5800E-03  6.5800E-03  6.5800E-03
  6.5800E-03  6.5800E-03  6.5800E-03  6.5800E-03  6.5800E-03
  6.5800E-03  6.5700E-03  6.5700E-03  6.5700E-03  6.5600E-03
  6.5400E-03  6.5300E-03  6.5100E-03  6.4900E-03  6.4000E-03
  6.3000E-03  6.0000E-03  5.4000E-03  4.7000E-03  3.4000E-03
  1.5000E-03
  2.3800E-02  2.3800E-02  2.3800E-02  2.3800E-02  2.3800E-02
  2.3800E-02  2.3800E-02  2.3800E-02  2.3800E-02  2.3800E-02
  2.3800E-02  2.3800E-02  2.3700E-02  2.3700E-02  2.3700E-02
  2.3600E-02  2.3600E-02  2.3500E-02  2.3300E-02  2.2900E-02
  2.2400E-02  2.1800E-02  2.1200E-02  2.0400E-02  1.9000E-02
  1.4000E-02  9.6000E-03  3.5000E-03  1.2000E-03  5.6000E-04
  3.8000E-04
  1.1300E-02  1.1300E-02  1.1300E-02  1.1300E-02  1.1300E-02
  1.1300E-02  1.1300E-02  1.1300E-02  1.1300E-02  1.1300E-02
  1.1300E-02  1.1300E-02  1.1300E-02  1.1300E-02  1.1300E-02
  1.1300E-02  1.1300E-02  1.1300E-02  1.1300E-02  1.1300E-02
  1.1300E-02  1.1300E-02  1.1300E-02  1.1300E-02  1.1000E-02
  1.1000E-02  1.0000E-02  7.9000E-03  5.4000E-03  2.2000E-03
  3.6000E-04
  1.4000E-02  1.4000E-02  1.4000E-02  1.4000E-02  1.4000E-02
  1.4000E-02  1.4000E-02  1.4000E-02  1.4000E-02  1.4000E-02
  1.4000E-02  1.4000E-02  1.4000E-02  1.4000E-02  1.4000E-02
  1.4000E-02  1.4000E-02  1.4000E-02  1.4000E-02  1.4000E-02
  1.4000E-02  1.3900E-02  1.3900E-02  1.3900E-02  1.3900E-02
  1.3000E-02  1.2000E-02  7.9000E-03  4.5000E-03  1.3000E-03
  1.1000E-04
  5.2300E-02  5.2300E-02  5.2300E-02  5.2200E-02  5.2200E-02
  5.2200E-02  5.2200E-02  5.2100E-02  5.2000E-02  5.1900E-02
  5.1800E-02  5.1600E-02  5.1300E-02  5.0900E-02  5.0500E-02
  5.0000E-02  4.9500E-02  4.8400E-02  4.6300E-02  4.2200E-02
  3.7500E-02  3.2500E-02  2.7500E-02  2.2700E-02  1.5000E-02
  5.2000E-03  4.0000E-03  2.8000E-03  9.9000E-04  1.3000E-04
  9.6000E-05
  3.0300E-02  3.0300E-02  3.0300E-02  3.0300E-02  3.0300E-02
  3.0300E-02  3.0300E-02  3.0300E-02  3.0300E-02  3.0300E-02
  3.0300E-02  3.0300E-02  3.0300E-02  3.0300E-02  3.0300E-02
  3.0300E-02  3.0300E-02  3.0300E-02  3.0200E-02  3.0000E-02
  2.9600E-02  2.9000E-02  2.8100E-02  2.7000E-02  2.4000E-02
  1.4000E-02  5.9000E-03  1.2000E-03  1.1000E-03  6.3000E-04
  1.1000E-04
  3.4600E-02  3.4600E-02  3.4600E-02  3.4600E-02  3.4600E-02
  3.4600E-02  3.4600E-02  3.4600E-02  3.4600E-02  3.4600E-02
  3.4600E-02  3.4600E-02  3.4600E-02  3.4600E-02  3.4600E-02
  3.4500E-02  3.4500E-02  3.4500E-02  3.4400E-02  3.4000E-02
  3.3300E-02  3.2300E-02  3.0800E-02  2.8800E-02  2.4000E-02
  1.1000E-02  3.9000E-03  1.5000E-03  1.3000E-03  4.6000E-04
  4.0000E-05
  2.2100E-02  2.2100E-02  2.2100E-02  2.2100E-02  2.2100E-02
  2.2100E-02  2.2100E-02  2.2100E-02  2.2100E-02  2.2100E-02
  2.2100E-02  2.2100E-02  2.2100E-02  2.2100E-02  2.2100E-02
  2.2100E-02  2.2100E-02  2.2100E-02  2.2100E-02  2.2100E-02
  2.2100E-02  2.2000E-02  2.1900E-02  2.1800E-02  2.1000E-02
  1.7000E-02  1.2000E-02  4.1000E-03  1.2000E-03  1.2000E-04
  3.6000E-06
  2.3000E-02  2.3000E-02  2.3000E-02  2.3000E-02  2.3000E-02
  2.3000E-02  2.3000E-02  2.3000E-02  2.3000E-02  2.3000E-02
  2.3000E-02  2.3000E-02  2.3000E-02  2.3000E-02  2.3000E-02
  2.3000E-02  2.3000E-02  2.3000E-02  2.3000E-02  2.3000E-02
  2.3000E-02  2.2900E-02  2.2800E-02  2.2600E-02  2.2000E-02
  1.7000E-02  1.2000E-02  3.7000E-03  1.0000E-03  8.7000E-05
  1.9000E-06
  1.0200E-01  1.0200E-01  1.0200E-01  1.0200E-01  1.0100E-01
  1.0100E-01  1.0100E-01  1.0000E-01  9.9600E-02  9.8900E-02
  9.8100E-02  9.6100E-02  9.3700E-02  9.1000E-02  8.8000E-02
  8.4600E-02  8.1100E-02  7.3500E-02  6.1400E-02  4.2300E-02
  2.7300E-02  1.7800E-02  1.3000E-02  1.1300E-02  1.1000E-02
  5.4000E-03  1.5000E-03  9.9000E-04  4.0000E-04  4.0000E-05
  2.7000E-05
  6.3600E-02  6.3600E-02  6.3600E-02  6.3600E-02  6.3600E-02
  6.3600E-02  6.3600E-02  6.3600E-02  6.3600E-02  6.3600E-02
  6.3600E-02  6.3600E-02  6.3500E-02  6.3400E-02  6.3300E-02
  6.3100E-02  6.2900E-02  6.2100E-02  6.0200E-02  5.4900E-02
  4.6900E-02  3.7300E-02  2.7800E-02  1.9600E-02  9.0000E-03
  4.6000E-03  3.4000E-03  5.3000E-04  2.6000E-04  1.8000E-04
  3.2000E-05
  7.1400E-02  7.1400E-02  7.1400E-02  7.1400E-02  7.1400E-02
  7.1400E-02  7.1400E-02  7.1400E-02  7.1400E-02  7.1400E-02
  7.1400E-02  7.1300E-02  7.1200E-02  7.1000E-02  7.0800E-02
  7.0500E-02  7.0000E-02  6.8800E-02  6.5700E-02  5.7300E-02
  4.5900E-02  3.3600E-02  2.2900E-02  1.4800E-02  6.9000E-03
  5.2000E-03  2.6000E-03  4.1000E-04  3.6000E-04  1.4000E-04
  1.2000E-05
  5.2300E-02  5.2300E-02  5.2300E-02  5.2300E-02  5.2300E-02
  5.2300E-02  5.2300E-02  5.2300E-02  5.2300E-02  5.2300E-02
  5.2300E-02  5.2300E-02  5.2300E-02  5.2300E-02  5.2300E-02
  5.2300E-02  5.2200E-02  5.2200E-02  5.1900E-02  5.0500E-02
  4.7500E-02  4.2700E-02  3.6300E-02  2.9200E-02  1.6000E-02
  3.0000E-03  2.2000E-03  1.3000E-03  4.2000E-04  4.4000E-05
  1.2000E-06
  5.4000E-02  5.4000E-02  5.4000E-02  5.4000E-02  5.4000E-02
  5.4000E-02  5.4000E-02  5.4000E-02  5.4000E-02  5.4000E-02
  5.4000E-02  5.4000E-02  5.4000E-02  5.4000E-02  5.4000E-02
  5.3900E-02  5.3900E-02  5.3800E-02  5.3500E-02  5.1900E-02
  4.8400E-02  4.2900E-02  3.5900E-02  2.8300E-02  1.5000E-02
  2.8000E-03  2.3000E-03  1.2000E-03  3.6000E-04  3.1000E-05
  6.6000E-07
  4.1100E-02  4.1100E-02  4.1100E-02  4.1100E-02  4.1100E-02
  4.1100E-02  4.1100E-02  4.1100E-02  4.1100E-02  4.1100E-02
  4.1100E-02  4.1100E-02  4.1100E-02  4.1100E-02  4.1100E-02
  4.1100E-02  4.1100E-02  4.1100E-02  4.1100E-02  4.0900E-02
  4.0100E-02  3.8700E-02  3.6300E-02  3.3100E-02  2.5000E-02
  9.6000E-03  3.0000E-03  3.0000E-04  3.7000E-05  1.2000E-06
  9.5000E-09
  4.1800E-02  4.1800E-02  4.1800E-02  4.1800E-02  4.1800E-02
  4.1800E-02  4.1800E-02  4.1800E-02  4.1800E-02  4.1800E-02
  4.1800E-02  4.1800E-02  4.1800E-02  4.1800E-02  4.1800E-02
  4.1800E-02  4.1800E-02  4.1800E-02  4.1800E-02  4.1500E-02
  4.0700E-02  3.9100E-02  3.6500E-02  3.3200E-02  2.5000E-02
  9.2000E-03  2.8000E-03  2.7000E-04  3.1000E-05  9.1000E-07
  5.8000E-09
  2.0400E-01  2.0300E-01  2.0300E-01  2.0200E-01  2.0200E-01
  1.9900E-01  1.9600E-01  1.9200E-01  1.8700E-01  1.8200E-01
  1.7500E-01  1.6100E-01  1.4600E-01  1.3000E-01  1.1300E-01
  9.7500E-02  8.2900E-02  5.8400E-02  3.4900E-02  2.3100E-02
  2.2500E-02  1.9200E-02  1.3100E-02  7.7300E-03  3.3000E-03
  2.2000E-03  5.5000E-04  2.7000E-04  1.2000E-04  1.1000E-05
  7.1000E-06
  1.3300E-01  1.3300E-01  1.3300E-01  1.3300E-01  1.3300E-01
  1.3300E-01  1.3300E-01  1.3300E-01  1.3300E-01  1.3300E-01
  1.3200E-01  1.3100E-01  1.2900E-01  1.2600E-01  1.2200E-01
  1.1700E-01  1.1100E-01  9.6800E-02  7.1500E-02  3.4800E-02
  1.6000E-02  1.0900E-02  1.0500E-02  9.9100E-03  5.9000E-03
  1.1000E-03  9.6000E-04  1.6000E-04  6.3000E-05  4.4000E-05
  8.1000E-06
  1.5000E-01  1.5000E-01  1.5000E-01  1.5000E-01  1.5000E-01
  1.5000E-01  1.5000E-01  1.5000E-01  1.5000E-01  1.4900E-01
  1.4900E-01  1.4700E-01  1.4300E-01  1.3900E-01  1.3200E-01
  1.2400E-01  1.1500E-01  9.4500E-02  6.2700E-02  2.5900E-02
  1.3200E-02  1.1800E-02  1.1300E-02  9.1500E-03  3.9000E-03
  1.3000E-03  7.9000E-04  1.0000E-04  8.7000E-05  3.5000E-05
  3.0000E-06
  1.2400E-01  1.2400E-01  1.2400E-01  1.2400E-01  1.2400E-01
  1.2400E-01  1.2400E-01  1.2400E-01  1.2400E-01  1.2400E-01
  1.2400E-01  1.2400E-01  1.2300E-01  1.2200E-01  1.2000E-01
  1.1800E-01  1.1400E-01  1.0400E-01  8.3800E-02  4.6200E-02
  2.0400E-02  8.9400E-03  5.7700E-03  5.4400E-03  4.7000E-03
  9.4000E-04  4.0000E-04  2.7000E-04  9.3000E-05  9.6000E-06
  2.7000E-07
  1.2800E-01  1.2800E-01  1.2800E-01  1.2800E-01  1.2800E-01
  1.2800E-01  1.2800E-01  1.2800E-01  1.2800E-01  1.2800E-01
  1.2800E-01  1.2800E-01  1.2700E-01  1.2600E-01  1.2400E-01
  1.2100E-01  1.1700E-01  1.0600E-01  8.2600E-02  4.3200E-02
  1.8200E-02  8.0900E-03  5.7300E-03  5.5800E-03  4.6000E-03
  8.1000E-04  4.2000E-04  2.5000E-04  7.8000E-05  6.9000E-06
  1.4000E-07
  1.4900E-01  1.4900E-01  1.4900E-01  1.4900E-01  1.4900E-01
  1.4900E-01  1.4900E-01  1.4900E-01  1.4900E-01  1.4800E-01
  1.4800E-01  1.4700E-01  1.4400E-01  1.4000E-01  1.3400E-01
  1.2700E-01  1.1900E-01  1.0200E-01  7.4900E-02  3.9100E-02
  1.7900E-02  7.6300E-03  3.4000E-03  2.0000E-03  1.7000E-03
  1.0000E-03  3.7000E-04  3.9000E-05  4.9000E-06  1.6000E-07
  1.3000E-09
  1.5600E-01  1.5600E-01  1.5600E-01  1.5600E-01  1.5600E-01
  1.5600E-01  1.5600E-01  1.5600E-01  1.5600E-01  1.5600E-01
  1.5500E-01  1.5300E-01  1.4900E-01  1.4400E-01  1.3700E-01
  1.2800E-01  1.1900E-01  9.9700E-02  7.1700E-02  3.6300E-02
  1.6200E-02  6.7900E-03  3.0500E-03  1.8700E-03  1.6000E-03
  9.7000E-04  3.4000E-04  3.4000E-05  4.0000E-06  1.2000E-07
  7.7000E-10
  4.9500E-01  4.9300E-01  4.8800E-01  4.8100E-01  4.7000E-01
  4.4200E-01  4.0500E-01  3.6200E-01  3.1700E-01  2.7100E-01
  2.2700E-01  1.5100E-01  9.7000E-02  6.4000E-02  4.7400E-02
  4.1000E-02  3.9600E-02  3.8800E-02  2.9200E-02  1.0200E-02
  4.8900E-03  4.6600E-03  3.8300E-03  2.4300E-03  7.9000E-04
  4.8000E-04  1.2000E-04  5.4000E-05  2.3000E-05  2.2000E-06
  1.4000E-06
  3.3700E-01  3.3700E-01  3.3700E-01  3.3700E-01  3.3700E-01
  3.3600E-01  3.3200E-01  3.2600E-01  3.1500E-01  3.0100E-01
  2.8300E-01  2.3700E-01  1.8600E-01  1.3700E-01  9.4900E-02
  6.3500E-02  4.1900E-02  2.1400E-02  1.6700E-02  1.3600E-02
  6.5300E-03  2.6800E-03  1.8000E-03  1.7600E-03  1.2000E-03
  2.0000E-04  1.7000E-04  3.0000E-05  1.1000E-05  7.6000E-06
  1.4000E-06
  4.1500E-01  4.1500E-01  4.1500E-01  4.1500E-01  4.1400E-01
  4.1000E-01  4.0200E-01  3.8600E-01  3.6300E-01  3.3300E-01
  2.9900E-01  2.2300E-01  1.5300E-01  9.7400E-02  5.9200E-02
  3.6000E-02  2.3800E-02  1.6600E-02  1.5900E-02  9.0200E-03
  3.2200E-03  1.7200E-03  1.6300E-03  1.4600E-03  6.9000E-04
  1.8000E-04  1.1000E-04  1.5000E-05  1.2000E-05  4.9000E-06
  4.2000E-07
  1.8900E+00  1.8200E+00  1.6400E+00  1.3700E+00  1.0700E+00
  5.4900E-01  2.3500E-01  9.9900E-02  5.9600E-02  5.3200E-02
  5.2900E-02  4.4000E-02  2.8700E-02  1.6000E-02  8.3800E-03
  4.6700E-03  3.2300E-03  2.8100E-03  2.4000E-03  8.7000E-04
  3.3900E-04  3.0800E-04  2.6200E-04  1.7000E-04  5.4000E-05
  3.2000E-05  8.0000E-06  3.5000E-06  1.5000E-06  1.4000E-07
  9.1000E-08