  9.1300E-03  9.1300E-03  9.1300E-03  9.1300E-03  9.1300E-03
  9.1300E-03  9.1300E-03  9.1300E-03  9.1300E-03  9.1300E-03
  9.1300E-03  9.1300E-03  9.1300E-03  9.1300E-03  9.1200E-03
  9.1200E-03  9.1200E-03  9.1100E-03  9.1000E-03  9.0800E-03
  9.0400E-03  9.0000E-03  8.9600E-03  8.9100E-03  8.8000E-03
  8.4000E-03  7.8000E-03  6.6000E-03  5.2000E-03  3.1000E-03
  9.5000E-04
  3.2500E-02  3.2500E-02  3.2500E-02  3.2500E-02  3.2500E-02
  3.2500E-02  3.2500E-02  3.2500E-02  3.2500E-02  3.2400E-02
  3.2400E-02  3.2400E-02  3.2300E-02  3.2200E-02  3.2100E-02
  3.2000E-02  3.1900E-02  3.1700E-02  3.1200E-02  3.0300E-02
  2.9100E-02  2.7800E-02  2.6300E-02  2.4600E-02  2.1000E-02
  1.3000E-02  6.5000E-03  1.5000E-03  8.1000E-04  7.0000E-04
  2.3000E-04
  1.5800E-02  1.5800E-02  1.5800E-02  1.5800E-02  1.5800E-02
  1.5800E-02  1.5800E-02  1.5800E-02  1.5800E-02  1.5800E-02
  1.5800E-02  1.5800E-02  1.5800E-02  1.5800E-02  1.5800E-02
  1.5800E-02  1.5800E-02  1.5800E-02  1.5800E-02  1.5800E-02
  1.5800E-02  1.5800E-02  1.5700E-02  1.5600E-02  1.5000E-02
  1.4000E-02  1.2000E-02  7.1000E-03  3.7000E-03  9.2000E-04
  9.0000E-05
  1.7900E-02  1.7900E-02  1.7900E-02  1.7900E-02  1.7900E-02
  1.7900E-02  1.7900E-02  1.7900E-02  1.7900E-02  1.7900E-02
  1.7900E-02  1.7900E-02  1.7900E-02  1.7900E-02  1.7900E-02
  1.7900E-02  1.7900E-02  1.7900E-02  1.7900E-02  1.7800E-02
  1.7800E-02  1.7800E-02  1.7700E-02  1.7500E-02  1.7000E-02
  1.5000E-02  1.2000E-02  6.4000E-03  2.9000E-03  5.5000E-04
  3.3000E-05
  7.1400E-02  7.1400E-02  7.1400E-02  7.1400E-02  7.1300E-02
  7.1200E-02  7.1100E-02  7.0900E-02  7.0800E-02  7.0500E-02
  7.0300E-02  6.9600E-02  6.8900E-02  6.8000E-02  6.7000E-02
  6.5900E-02  6.4600E-02  6.1900E-02  5.7100E-02  4.8200E-02
  3.8800E-02  3.0000E-02  2.2400E-02  1.6400E-02  8.9000E-03
  5.5000E-03  4.7000E-03  1.2000E-03  2.4000E-04  1.6000E-04
  5.6000E-05
  4.1800E-02  4.1800E-02  4.1800E-02  4.1800E-02  4.1800E-02
  4.1800E-02  4.1800E-02  4.1800E-02  4.1800E-02  4.1800E-02
  4.1800E-02  4.1800E-02  4.1800E-02  4.1800E-02  4.1800E-02
  4.1800E-02  4.1700E-02  4.1600E-02  4.1400E-02  4.0500E-02
  3.9000E-02  3.6700E-02  3.3700E-02  3.0200E-02  2.2000E-02
  7.2000E-03  2.2000E-03  1.5000E-03  1.1000E-03  2.8000E-04
  2.6000E-05
  4.5200E-02  4.5200E-02  4.5200E-02  4.5200E-02  4.5200E-02
  4.5200E-02  4.5200E-02  4.5200E-02  4.5200E-02  4.5200E-02
  4.5200E-02  4.5200E-02  4.5200E-02  4.5200E-02  4.5200E-02
  4.5100E-02  4.5100E-02  4.4900E-02  4.4600E-02  4.3400E-02
  4.1200E-02  3.8200E-02  3.4300E-02  2.9900E-02  2.1000E-02
  5.6000E-03  2.1000E-03  1.7000E-03  9.5000E-04  1.8000E-04
  1.0000E-05
  2.9200E-02  2.9200E-02  2.9200E-02  2.9200E-02  2.9200E-02
  2.9200E-02  2.9200E-02  2.9200E-02  2.9200E-02  2.9200E-02
  2.9200E-02  2.9200E-02  2.9200E-02  2.9200E-02  2.9200E-02
  2.9200E-02  2.9200E-02  2.9200E-02  2.9200E-02  2.9200E-02
  2.9000E-02  2.8700E-02  2.8200E-02  2.7500E-02  2.5000E-02
  1.6000E-02  8.2000E-03  1.7000E-03  3.5000E-04  2.4000E-05
  5.0000E-07
  3.0000E-02  3.0000E-02  3.0000E-02  3.0000E-02  3.0000E-02
  3.0000E-02  3.0000E-02  3.0000E-02  3.0000E-02  3.0000E-02
  3.0000E-02  3.0000E-02  3.0000E-02  3.0000E-02  3.0000E-02
  3.0000E-02  3.0000E-02  3.0000E-02  2.9900E-02  2.9900E-02
  2.9700E-02  2.9400E-02  2.8900E-02  2.8000E-02  2.5000E-02
  1.6000E-02  7.8000E-03  1.5000E-03  3.0000E-04  1.8000E-05
  2.8000E-07
  1.4700E-01  1.4700E-01  1.4600E-01  1.4600E-01  1.4600E-01
  1.4500E-01  1.4400E-01  1.4200E-01  1.4100E-01  1.3900E-01
  1.3600E-01  1.3100E-01  1.2400E-01  1.1700E-01  1.1000E-01
  1.0100E-01  9.3200E-02  7.6800E-02  5.4600E-02  2.8800E-02
  1.7400E-02  1.4600E-02  1.4400E-02  1.3700E-02  9.3000E-03
  1.7000E-03  1.4000E-03  4.2000E-04  7.2000E-05  4.1000E-05
  1.4000E-05
  9.2300E-02  9.2300E-02  9.2300E-02  9.2300E-02  9.2300E-02
  9.2300E-02  9.2300E-02  9.2300E-02  9.2300E-02  9.2200E-02
  9.2200E-02  9.2000E-02  9.1600E-02  9.1100E-02  9.0400E-02
  8.9300E-02  8.8000E-02  8.4300E-02  7.6100E-02  5.7600E-02
  3.8000E-02  2.2500E-02  1.2700E-02  7.9600E-03  5.9000E-03
  3.8000E-03  1.0000E-03  3.4000E-04  2.6000E-04  7.3000E-05
  6.6000E-06
  9.9500E-02  9.9500E-02  9.9500E-02  9.9500E-02  9.9500E-02
  9.9500E-02  9.9500E-02  9.9500E-02  9.9400E-02  9.9400E-02
  9.9300E-02  9.9000E-02  9.8500E-02  9.7800E-02  9.6700E-02
  9.5300E-02  9.3400E-02  8.8400E-02  7.7700E-02  5.5200E-02
  3.3600E-02  1.8500E-02  1.0400E-02  7.2500E-03  6.5000E-03
  3.2000E-03  7.4000E-04  4.0000E-04  2.4000E-04  4.8000E-05
  2.6000E-06
  7.5000E-02  7.5000E-02  7.5000E-02  7.5000E-02  7.5000E-02
  7.5000E-02  7.5000E-02  7.5000E-02  7.5000E-02  7.5000E-02
  7.5000E-02  7.5000E-02  7.4900E-02  7.4900E-02  7.4800E-02
  7.4700E-02  7.4500E-02  7.3700E-02  7.1200E-02  6.3000E-02
  5.0400E-02  3.6500E-02  2.4200E-02  1.5000E-02  5.4000E-03
  2.5000E-03  1.9000E-03  4.8000E-04  1.0000E-04  6.9000E-06
  1.4000E-07
  7.6800E-02  7.6800E-02  7.6800E-02  7.6800E-02  7.6800E-02
  7.6800E-02  7.6800E-02  7.6800E-02  7.6800E-02  7.6800E-02
  7.6800E-02  7.6800E-02  7.6700E-02  7.6700E-02  7.6600E-02
  7.6400E-02  7.6200E-02  7.5300E-02  7.2500E-02  6.3500E-02
  5.0000E-02  3.5500E-02  2.3000E-02  1.4000E-02  5.0000E-03
  2.5000E-03  1.9000E-03  4.3000E-04  8.7000E-05  5.1000E-06
  7.8000E-08
  6.4500E-02  6.4500E-02  6.4500E-02  6.4500E-02  6.4500E-02
  6.4500E-02  6.4500E-02  6.4500E-02  6.4500E-02  6.4500E-02
  6.4500E-02  6.4500E-02  6.4500E-02  6.4500E-02  6.4400E-02
  6.4400E-02  6.4300E-02  6.3900E-02  6.2600E-02  5.7900E-02
  5.0300E-02  4.1400E-02  3.2700E-02  2.5000E-02  1.4000E-02
  2.8000E-03  5.7000E-04  3.3000E-05  3.1000E-06  7.2000E-08
  4.7000E-10
  6.5300E-02  6.5300E-02  6.5300E-02  6.5300E-02  6.5300E-02
  6.5300E-02  6.5300E-02  6.5300E-02  6.5300E-02  6.5300E-02
  6.5300E-02  6.5300E-02  6.5300E-02  6.5300E-02  6.5300E-02
  6.5200E-02  6.5100E-02  6.4700E-02  6.3300E-02  5.8300E-02
  5.0400E-02  4.1200E-02  3.2300E-02  2.4600E-02  1.3000E-02
  2.6000E-03  5.3000E-04  3.0000E-05  2.7000E-06  5.7000E-08
  3.0000E-10
  3.5000E-01  3.4900E-01  3.4700E-01  3.4500E-01  3.4100E-01
  3.3100E-01  3.1700E-01  2.9900E-01  2.8000E-01  2.5900E-01
  2.3600E-01  1.9100E-01  1.4800E-01  1.1100E-01  8.1300E-02
  5.9600E-02  4.4900E-02  3.0900E-02  2.8000E-02  2.3400E-02
  1.2500E-02  5.4100E-03  3.1700E-03  2.9100E-03  2.5000E-03
  4.1000E-04  2.6000E-04  8.9000E-05  1.5000E-05  7.9000E-06
  2.8000E-06
  2.3300E-01  2.3300E-01  2.3300E-01  2.3300E-01  2.3300E-01
  2.3200E-01  2.3200E-01  2.3100E-01  2.2900E-01  2.2600E-01
  2.2100E-01  2.0900E-01  1.9200E-01  1.7000E-01  1.4600E-01
  1.2200E-01  9.8600E-02  5.9700E-02  2.5600E-02  1.1600E-02
  1.1100E-02  8.6800E-03  5.2800E-03  2.7900E-03  1.1000E-03
  7.4000E-04  2.1000E-04  5.6000E-05  4.4000E-05  1.3000E-05
  1.1000E-06
  2.5600E-01  2.5600E-01  2.5600E-01  2.5600E-01  2.5600E-01
  2.5500E-01  2.5400E-01  2.5300E-01  2.4900E-01  2.4500E-01
  2.3900E-01  2.2100E-01  1.9700E-01  1.6900E-01  1.4000E-01
  1.1200E-01  8.6200E-02  4.7700E-02  1.9600E-02  1.1900E-02
  1.0900E-02  7.3100E-03  3.8600E-03  1.9200E-03  1.0000E-03
  6.1000E-04  1.4000E-04  6.4000E-05  4.0000E-05  7.9000E-06
  4.3000E-07
  2.5200E-01  2.5200E-01  2.5200E-01  2.5200E-01  2.5200E-01
  2.5200E-01  2.5200E-01  2.5100E-01  2.4900E-01  2.4600E-01
  2.4100E-01  2.2500E-01  2.0400E-01  1.7800E-01  1.5000E-01
  1.2300E-01  9.8900E-02  5.9800E-02  2.5000E-02  6.0600E-03
  3.9000E-03  3.7900E-03  3.1100E-03  2.1700E-03  8.0000E-04
  2.2000E-04  1.8000E-04  4.9000E-05  1.0000E-05  6.9000E-07
  1.4000E-08
  2.6500E-01  2.6500E-01  2.6500E-01  2.6500E-01  2.6500E-01
  2.6500E-01  2.6400E-01  2.6300E-01  2.6100E-01  2.5600E-01
  2.5000E-01  2.3100E-01  2.0500E-01  1.7600E-01  1.4600E-01
  1.1700E-01  9.2500E-02  5.4000E-02  2.1500E-02  5.3000E-03
  3.7900E-03  3.6200E-03  2.8600E-03  1.9300E-03  6.8000E-04
  2.1000E-04  1.7000E-04  4.1000E-05  8.3000E-06  4.8000E-07
  7.4000E-09
  1.2900E+00  1.2700E+00  1.2100E+00  1.1000E+00  9.7600E-01
  6.9600E-01  4.4300E-01  2.5800E-01  1.4300E-01  8.1200E-02
  5.2600E-02  3.9100E-02  3.8600E-02  3.4900E-02  2.8100E-02
  2.0700E-02  1.4200E-02  6.1600E-03  2.7000E-03  2.3900E-03
  1.4400E-03  6.0900E-04  2.9800E-04  2.4900E-04  2.2000E-04
  3.6000E-05  2.2000E-05  7.6000E-06  1.2000E-06  6.7000E-07
  2.4000E-07