  8.5200E-03  8.5200E-03  8.5200E-03  8.5200E-03  8.5200E-03
  8.5200E-03  8.5200E-03  8.5200E-03  8.5200E-03  8.5200E-03
  8.5200E-03  8.5200E-03  8.5200E-03  8.5200E-03  8.5100E-03
  8.5100E-03  8.5100E-03  8.5100E-03  8.5000E-03  8.4800E-03
  8.4500E-03  8.4200E-03  8.3800E-03  8.3400E-03  8.2000E-03
  7.9000E-03  7.4000E-03  6.4000E-03  5.2000E-03  3.2000E-03
  1.1000E-03
  3.0400E-02  3.0400E-02  3.0400E-02  3.0400E-02  3.0400E-02
  3.0400E-02  3.0400E-02  3.0400E-02  3.0400E-02  3.0300E-02
  3.0300E-02  3.0300E-02  3.0200E-02  3.0200E-02  3.0100E-02
  3.0000E-02  2.9900E-02  2.9700E-02  2.9400E-02  2.8600E-02
  2.7600E-02  2.6500E-02  2.5200E-02  2.3800E-02  2.1000E-02
  1.3000E-02  7.3000E-03  1.8000E-03  7.9000E-04  6.9000E-04
  2.6000E-04
  1.4700E-02  1.4700E-02  1.4700E-02  1.4700E-02  1.4700E-02
  1.4700E-02  1.4700E-02  1.4700E-02  1.4700E-02  1.4700E-02
  1.4700E-02  1.4700E-02  1.4700E-02  1.4700E-02  1.4700E-02
  1.4700E-02  1.4700E-02  1.4700E-02  1.4700E-02  1.4700E-02
  1.4700E-02  1.4700E-02  1.4600E-02  1.4600E-02  1.4000E-02
  1.3000E-02  1.2000E-02  7.5000E-03  4.1000E-03  1.1000E-03
  1.2000E-04
  1.6900E-02  1.6900E-02  1.6900E-02  1.6900E-02  1.6900E-02
  1.6900E-02  1.6900E-02  1.6900E-02  1.6900E-02  1.6900E-02
  1.6900E-02  1.6900E-02  1.6900E-02  1.6900E-02  1.6900E-02
  1.6900E-02  1.6900E-02  1.6900E-02  1.6900E-02  1.6900E-02
  1.6900E-02  1.6800E-02  1.6700E-02  1.6600E-02  1.6000E-02
  1.5000E-02  1.2000E-02  6.9000E-03  3.3000E-03  6.7000E-04
  4.4000E-05
  6.6600E-02  6.6600E-02  6.6600E-02  6.6600E-02  6.6600E-02
  6.6500E-02  6.6400E-02  6.6300E-02  6.6100E-02  6.5900E-02
  6.5700E-02  6.5200E-02  6.4600E-02  6.3900E-02  6.3000E-02
  6.2100E-02  6.1100E-02  5.8800E-02  5.4800E-02  4.7200E-02
  3.9100E-02  3.1100E-02  2.4000E-02  1.8100E-02  1.0000E-02
  5.1000E-03  4.7000E-03  1.6000E-03  3.1000E-04  1.6000E-04
  6.7000E-05
  3.9000E-02  3.9000E-02  3.9000E-02  3.9000E-02  3.9000E-02
  3.9000E-02  3.9000E-02  3.9000E-02  3.9000E-02  3.9000E-02
  3.9000E-02  3.9000E-02  3.8900E-02  3.8900E-02  3.8900E-02
  3.8900E-02  3.8900E-02  3.8800E-02  3.8600E-02  3.8000E-02
  3.6900E-02  3.5200E-02  3.2800E-02  3.0000E-02  2.3000E-02
  8.8000E-03  2.7000E-03  1.4000E-03  1.1000E-03  3.5000E-04
  3.7000E-05
  4.2500E-02  4.2500E-02  4.2500E-02  4.2500E-02  4.2500E-02
  4.2500E-02  4.2500E-02  4.2500E-02  4.2500E-02  4.2500E-02
  4.2500E-02  4.2500E-02  4.2500E-02  4.2500E-02  4.2500E-02
  4.2500E-02  4.2400E-02  4.2300E-02  4.2000E-02  4.1100E-02
  3.9500E-02  3.7000E-02  3.3800E-02  3.0100E-02  2.2000E-02
  6.8000E-03  2.2000E-03  1.7000E-03  1.1000E-03  2.3000E-04
  1.4000E-05
  2.7400E-02  2.7400E-02  2.7400E-02  2.7400E-02  2.7400E-02
  2.7400E-02  2.7400E-02  2.7400E-02  2.7400E-02  2.7400E-02
  2.7400E-02  2.7400E-02  2.7400E-02  2.7400E-02  2.7400E-02
  2.7400E-02  2.7400E-02  2.7400E-02  2.7400E-02  2.7400E-02
  2.7300E-02  2.7100E-02  2.6700E-02  2.6200E-02  2.4000E-02
  1.7000E-02  9.2000E-03  2.1000E-03  4.8000E-04  3.5000E-05
  8.0000E-07
  2.8200E-02  2.8200E-02  2.8200E-02  2.8200E-02  2.8200E-02
  2.8200E-02  2.8200E-02  2.8200E-02  2.8200E-02  2.8200E-02
  2.8200E-02  2.8200E-02  2.8200E-02  2.8200E-02  2.8200E-02
  2.8200E-02  2.8200E-02  2.8200E-02  2.8200E-02  2.8100E-02
  2.8000E-02  2.7800E-02  2.7400E-02  2.6800E-02  2.5000E-02
  1.7000E-02  8.8000E-03  1.9000E-03  4.0000E-04  2.6000E-05
  4.4000E-07
  1.3500E-01  1.3500E-01  1.3500E-01  1.3500E-01  1.3400E-01
  1.3400E-01  1.3300E-01  1.3200E-01  1.3000E-01  1.2900E-01
  1.2700E-01  1.2200E-01  1.1700E-01  1.1100E-01  1.0500E-01
  9.8500E-02  9.1600E-02  7.7500E-02  5.7600E-02  3.2300E-02
  1.8900E-02  1.4300E-02  1.3600E-02  1.3500E-02  1.0000E-02
  2.1000E-03  1.3000E-03  5.7000E-04  1.0000E-04  4.1000E-05
  1.8000E-05
  8.4800E-02  8.4800E-02  8.4800E-02  8.4800E-02  8.4800E-02
  8.4800E-02  8.4800E-02  8.4800E-02  8.4800E-02  8.4800E-02
  8.4700E-02  8.4600E-02  8.4400E-02  8.4000E-02  8.3500E-02
  8.2800E-02  8.1900E-02  7.9200E-02  7.3300E-02  5.8700E-02
  4.1800E-02  2.6700E-02  1.6000E-02  9.6600E-03  5.8000E-03
  4.4000E-03  1.5000E-03  3.2000E-04  2.8000E-04  9.4000E-05
  9.7000E-06
  9.2100E-02  9.2100E-02  9.2100E-02  9.2100E-02  9.2100E-02
  9.2100E-02  9.2100E-02  9.2100E-02  9.2100E-02  9.2000E-02
  9.2000E-02  9.1800E-02  9.1400E-02  9.0900E-02  9.0100E-02
  8.9100E-02  8.7800E-02  8.4000E-02  7.5900E-02  5.7300E-02
  3.7700E-02  2.2200E-02  1.2700E-02  8.0800E-03  6.2000E-03
  3.9000E-03  1.0000E-03  4.0000E-04  2.8000E-04  6.3000E-05
  3.8000E-06
  6.8800E-02  6.8800E-02  6.8800E-02  6.8800E-02  6.8800E-02
  6.8800E-02  6.8800E-02  6.8800E-02  6.8800E-02  6.8800E-02
  6.8800E-02  6.8800E-02  6.8800E-02  6.8800E-02  6.8700E-02
  6.8600E-02  6.8500E-02  6.8000E-02  6.6500E-02  6.1000E-02
  5.1400E-02  3.9700E-02  2.8200E-02  1.8700E-02  7.3000E-03
  2.4000E-03  2.1000E-03  6.3000E-04  1.5000E-04  1.1000E-05
  2.3000E-07
  7.0600E-02  7.0600E-02  7.0600E-02  7.0600E-02  7.0600E-02
  7.0600E-02  7.0600E-02  7.0600E-02  7.0600E-02  7.0600E-02
  7.0600E-02  7.0500E-02  7.0500E-02  7.0500E-02  7.0500E-02
  7.0400E-02  7.0200E-02  6.9700E-02  6.8000E-02  6.1700E-02
  5.1300E-02  3.8900E-02  2.7100E-02  1.7600E-02  6.7000E-03
  2.5000E-03  2.1000E-03  5.7000E-04  1.2000E-04  7.9000E-06
  1.3000E-07
  5.7300E-02  5.7300E-02  5.7300E-02  5.7300E-02  5.7300E-02
  5.7300E-02  5.7300E-02  5.7300E-02  5.7300E-02  5.7300E-02
  5.7300E-02  5.7300E-02  5.7300E-02  5.7300E-02  5.7300E-02
  5.7200E-02  5.7200E-02  5.7100E-02  5.6500E-02  5.4100E-02
  4.9400E-02  4.2900E-02  3.5600E-02  2.8500E-02  1.7000E-02
  3.9000E-03  8.9000E-04  5.8000E-05  5.8000E-06  1.4000E-07
  9.7000E-10
  5.8000E-02  5.8000E-02  5.8000E-02  5.8000E-02  5.8000E-02
  5.8000E-02  5.8000E-02  5.8000E-02  5.8000E-02  5.8000E-02
  5.8000E-02  5.8000E-02  5.8000E-02  5.8000E-02  5.8000E-02
  5.8000E-02  5.8000E-02  5.7800E-02  5.7200E-02  5.4600E-02
  4.9700E-02  4.2900E-02  3.5400E-02  2.8200E-02  1.7000E-02
  3.8000E-03  8.3000E-04  5.3000E-05  5.0000E-06  1.1000E-07
  6.3000E-10
  3.0300E-01  3.0300E-01  3.0200E-01  3.0000E-01  2.9700E-01
  2.9000E-01  2.8100E-01  2.6900E-01  2.5500E-01  2.4000E-01
  2.2400E-01  1.8900E-01  1.5500E-01  1.2300E-01  9.5000E-02
  7.2600E-02  5.5500E-02  3.5500E-02  2.7500E-02  2.5700E-02
  1.7000E-02  8.2900E-03  4.1300E-03  3.0800E-03  2.9000E-03
  6.3000E-04  2.8000E-04  1.3000E-04  2.4000E-05  8.6000E-06
  3.7000E-06
  2.0000E-01  2.0000E-01  2.0000E-01  2.0000E-01  2.0000E-01
  2.0000E-01  1.9900E-01  1.9900E-01  1.9800E-01  1.9600E-01
  1.9400E-01  1.8800E-01  1.7800E-01  1.6400E-01  1.4800E-01
  1.3000E-01  1.1200E-01  7.6700E-02  3.8000E-02  1.3700E-02
  1.1500E-02  1.0500E-02  7.5800E-03  4.5200E-03  1.5000E-03
  9.4000E-04  3.5000E-04  6.1000E-05  5.4000E-05  1.8000E-05
  1.9000E-06
  2.2000E-01  2.2000E-01  2.2000E-01  2.2000E-01  2.2000E-01
  2.2000E-01  2.1900E-01  2.1800E-01  2.1700E-01  2.1500E-01
  2.1100E-01  2.0100E-01  1.8700E-01  1.6900E-01  1.4700E-01
  1.2500E-01  1.0300E-01  6.5100E-02  2.9100E-02  1.2800E-02
  1.2200E-02  9.7100E-03  5.9500E-03  3.1400E-03  1.2000E-03
  8.4000E-04  2.3000E-04  7.3000E-05  5.3000E-05  1.2000E-05
  7.1000E-07
  1.9700E-01  1.9700E-01  1.9700E-01  1.9700E-01  1.9700E-01
  1.9700E-01  1.9700E-01  1.9700E-01  1.9700E-01  1.9600E-01
  1.9500E-01  1.9100E-01  1.8400E-01  1.7300E-01  1.5800E-01
  1.4200E-01  1.2400E-01  8.8000E-02  4.5700E-02  1.2500E-02
  5.2900E-03  4.8100E-03  4.4900E-03  3.5600E-03  1.6000E-03
  3.0000E-04  2.7000E-04  8.8000E-05  2.1000E-05  1.5000E-06
  3.2000E-08
  2.0300E-01  2.0300E-01  2.0300E-01  2.0300E-01  2.0300E-01
  2.0300E-01  2.0300E-01  2.0300E-01  2.0300E-01  2.0200E-01
  2.0100E-01  1.9600E-01  1.8800E-01  1.7500E-01  1.5900E-01
  1.4100E-01  1.2200E-01  8.4600E-02  4.2200E-02  1.1000E-02
  5.1200E-03  4.8400E-03  4.3900E-03  3.3500E-03  1.4000E-03
  3.0000E-04  2.6000E-04  7.8000E-05  1.7000E-05  1.1000E-06
  1.7000E-08
  8.8700E-01  8.7800E-01  8.5500E-01  8.1700E-01  7.6700E-01
  6.4100E-01  5.0200E-01  3.7100E-01  2.6000E-01  1.7600E-01
  1.1800E-01  6.0900E-02  4.7300E-02  4.6400E-02  4.4800E-02
  3.9700E-02  3.2200E-02  1.7600E-02  6.1700E-03  3.8600E-03
  3.1000E-03  1.6100E-03  7.1400E-04  4.3700E-04  4.0000E-04
  9.1000E-05  3.7000E-05  1.8000E-05  3.2000E-06  1.1000E-06
  5.0000E-07
  6.4500E-01  6.4500E-01  6.4500E-01  6.4300E-01  6.3700E-01
  6.1100E-01  5.5900E-01  4.8500E-01  3.9800E-01  3.1000E-01
  2.3200E-01  1.1600E-01  5.3800E-02  2.6600E-02  1.7300E-02
  1.5300E-02  1.5200E-02  1.3800E-02  8.1500E-03  2.0900E-03
  1.1000E-03  1.0600E-03  8.2300E-04  5.0900E-04  1.6000E-04
  9.0000E-05  3.5000E-05  5.8000E-06  5.2000E-06  1.8000E-06
  1.8000E-07
  7.5300E-01  7.5300E-01  7.5200E-01  7.4700E-01  7.3600E-01
  6.8700E-01  5.9800E-01  4.8300E-01  3.6600E-01  2.6100E-01
  1.7800E-01  7.4700E-02  3.1600E-02  1.7800E-02  1.5000E-02
  1.4800E-02  1.4400E-02  1.1100E-02  5.1900E-03  1.2800E-03
  1.0000E-03  8.7200E-04  5.6200E-04  2.9900E-04  1.0000E-04
  6.9000E-05  1.9000E-05  5.9000E-06  4.3000E-06  9.7000E-07
  5.8000E-08