  7.3000E-03  7.3000E-03  7.3000E-03  7.3000E-03  7.3000E-03
  7.3000E-03  7.3000E-03  7.3000E-03  7.3000E-03  7.3000E-03
  7.3000E-03  7.3000E-03  7.3000E-03  7.3000E-03  7.3000E-03
  7.3000E-03  7.2900E-03  7.2900E-03  7.2800E-03  7.2700E-03
  7.2500E-03  7.2300E-03  7.2100E-03  7.1800E-03  7.1000E-03
  6.9000E-03  6.6000E-03  5.8000E-03  5.0000E-03  3.3000E-03
  1.3000E-03
  2.6200E-02  2.6200E-02  2.6200E-02  2.6200E-02  2.6200E-02
  2.6200E-02  2.6200E-02  2.6200E-02  2.6200E-02  2.6200E-02
  2.6200E-02  2.6200E-02  2.6100E-02  2.6100E-02  2.6000E-02
  2.6000E-02  2.5900E-02  2.5800E-02  2.5600E-02  2.5000E-02
  2.4400E-02  2.3600E-02  2.2800E-02  2.1800E-02  2.0000E-02
  1.4000E-02  8.8000E-03  2.8000E-03  9.2000E-04  6.2000E-04
  3.4000E-04
  1.2600E-02  1.2600E-02  1.2600E-02  1.2600E-02  1.2600E-02
  1.2600E-02  1.2600E-02  1.2600E-02  1.2600E-02  1.2600E-02
  1.2600E-02  1.2600E-02  1.2600E-02  1.2600E-02  1.2600E-02
  1.2600E-02  1.2600E-02  1.2600E-02  1.2600E-02  1.2600E-02
  1.2600E-02  1.2600E-02  1.2500E-02  1.2500E-02  1.2000E-02
  1.2000E-02  1.1000E-02  7.9000E-03  5.0000E-03  1.7000E-03
  2.4000E-04
  1.5000E-02  1.5000E-02  1.5000E-02  1.5000E-02  1.5000E-02
  1.5000E-02  1.5000E-02  1.5000E-02  1.5000E-02  1.5000E-02
  1.5000E-02  1.5000E-02  1.5000E-02  1.5000E-02  1.5000E-02
  1.5000E-02  1.5000E-02  1.5000E-02  1.5000E-02  1.5000E-02
  1.5000E-02  1.5000E-02  1.4900E-02  1.4900E-02  1.4900E-02
  1.4000E-02  1.2000E-02  7.6000E-03  4.1000E-03  1.0000E-03
  8.1000E-05
  5.7500E-02  5.7500E-02  5.7400E-02  5.7400E-02  5.7400E-02
  5.7400E-02  5.7300E-02  5.7200E-02  5.7100E-02  5.7000E-02
  5.6900E-02  5.6500E-02  5.6100E-02  5.5700E-02  5.5100E-02
  5.4500E-02  5.3900E-02  5.2300E-02  4.9700E-02  4.4400E-02
  3.8500E-02  3.2400E-02  2.6600E-02  2.1200E-02  1.3000E-02
  4.9000E-03  4.4000E-03  2.4000E-03  6.4000E-04  1.4000E-04
  8.7000E-05
  3.3400E-02  3.3400E-02  3.3400E-02  3.3400E-02  3.3400E-02
  3.3400E-02  3.3400E-02  3.3400E-02  3.3400E-02  3.3400E-02
  3.3400E-02  3.3400E-02  3.3400E-02  3.3400E-02  3.3400E-02
  3.3400E-02  3.3400E-02  3.3400E-02  3.3300E-02  3.3000E-02
  3.2400E-02  3.1500E-02  3.0100E-02  2.8400E-02  2.4000E-02
  1.2000E-02  4.4000E-03  1.2000E-03  1.2000E-03  5.3000E-04
  7.4000E-05
  3.7400E-02  3.7400E-02  3.7400E-02  3.7400E-02  3.7400E-02
  3.7400E-02  3.7400E-02  3.7400E-02  3.7400E-02  3.7400E-02
  3.7400E-02  3.7400E-02  3.7400E-02  3.7400E-02  3.7400E-02
  3.7400E-02  3.7400E-02  3.7300E-02  3.7100E-02  3.6600E-02
  3.5700E-02  3.4200E-02  3.2100E-02  2.9600E-02  2.4000E-02
  9.4000E-03  3.0000E-03  1.6000E-03  1.3000E-03  3.6000E-04
  2.7000E-05
  2.4000E-02  2.4000E-02  2.4000E-02  2.4000E-02  2.4000E-02
  2.4000E-02  2.4000E-02  2.4000E-02  2.4000E-02  2.4000E-02
  2.4000E-02  2.4000E-02  2.4000E-02  2.4000E-02  2.4000E-02
  2.4000E-02  2.4000E-02  2.4000E-02  2.4000E-02  2.4000E-02
  2.4000E-02  2.3900E-02  2.3700E-02  2.3400E-02  2.2000E-02
  1.7000E-02  1.1000E-02  3.3000E-03  8.7000E-04  7.8000E-05
  2.1000E-06
  2.4800E-02  2.4800E-02  2.4800E-02  2.4800E-02  2.4800E-02
  2.4800E-02  2.4800E-02  2.4800E-02  2.4800E-02  2.4800E-02
  2.4800E-02  2.4800E-02  2.4800E-02  2.4800E-02  2.4800E-02
  2.4800E-02  2.4800E-02  2.4800E-02  2.4800E-02  2.4800E-02
  2.4800E-02  2.4700E-02  2.4500E-02  2.4200E-02  2.3000E-02
  1.7000E-02  1.1000E-02  2.9000E-03  7.2000E-04  5.6000E-05
  1.1000E-06
  1.1300E-01  1.1300E-01  1.1300E-01  1.1300E-01  1.1300E-01
  1.1300E-01  1.1200E-01  1.1100E-01  1.1000E-01  1.0900E-01
  1.0800E-01  1.0600E-01  1.0200E-01  9.8800E-02  9.4800E-02
  9.0400E-02  8.5800E-02  7.6000E-02  6.1100E-02  3.9100E-02
  2.3800E-02  1.5700E-02  1.2600E-02  1.2000E-02  1.1000E-02
  3.9000E-03  1.3000E-03  8.8000E-04  2.5000E-04  3.7000E-05
  2.4000E-05
  7.1000E-02  7.1000E-02  7.1000E-02  7.1000E-02  7.1000E-02
  7.1000E-02  7.1000E-02  7.1000E-02  7.1000E-02  7.1000E-02
  7.1000E-02  7.0900E-02  7.0800E-02  7.0700E-02  7.0500E-02
  7.0100E-02  6.9700E-02  6.8500E-02  6.5500E-02  5.7500E-02
  4.6400E-02  3.4300E-02  2.3600E-02  1.5400E-02  6.9000E-03
  4.9000E-03  2.7000E-03  3.7000E-04  2.8000E-04  1.5000E-04
  2.1000E-05
  7.8500E-02  7.8500E-02  7.8500E-02  7.8500E-02  7.8500E-02
  7.8500E-02  7.8500E-02  7.8500E-02  7.8500E-02  7.8500E-02
  7.8500E-02  7.8400E-02  7.8200E-02  7.8000E-02  7.7600E-02
  7.7100E-02  7.6400E-02  7.4500E-02  7.0000E-02  5.8400E-02
  4.3900E-02  2.9900E-02  1.8800E-02  1.1700E-02  6.2000E-03
  4.9000E-03  1.9000E-03  3.9000E-04  3.4000E-04  1.1000E-04
  7.9000E-06
  5.7900E-02  5.7900E-02  5.7900E-02  5.7900E-02  5.7900E-02
  5.7900E-02  5.7900E-02  5.7900E-02  5.7900E-02  5.7900E-02
  5.7900E-02  5.7900E-02  5.7900E-02  5.7900E-02  5.7800E-02
  5.7800E-02  5.7800E-02  5.7600E-02  5.7100E-02  5.4800E-02
  5.0000E-02  4.2900E-02  3.4400E-02  2.6000E-02  1.3000E-02
  2.5000E-03  2.2000E-03  1.0000E-03  2.9000E-04  2.6000E-05
  6.7000E-07
  5.9600E-02  5.9600E-02  5.9600E-02  5.9600E-02  5.9600E-02
  5.9600E-02  5.9600E-02  5.9600E-02  5.9600E-02  5.9600E-02
  5.9600E-02  5.9600E-02  5.9500E-02  5.9500E-02  5.9500E-02
  5.9500E-02  5.9400E-02  5.9300E-02  5.8600E-02  5.5900E-02
  5.0500E-02  4.2700E-02  3.3700E-02  2.4900E-02  1.2000E-02
  2.5000E-03  2.3000E-03  9.3000E-04  2.5000E-04  1.9000E-05
  3.6000E-07
  4.6200E-02  4.6200E-02  4.6200E-02  4.6200E-02  4.6200E-02
  4.6200E-02  4.6200E-02  4.6200E-02  4.6200E-02  4.6200E-02
  4.6200E-02  4.6200E-02  4.6200E-02  4.6200E-02  4.6200E-02
  4.6200E-02  4.6200E-02  4.6200E-02  4.6100E-02  4.5500E-02
  4.4000E-02  4.1300E-02  3.7400E-02  3.2700E-02  2.3000E-02
  7.2000E-03  2.0000E-03  1.7000E-04  1.9000E-05  5.5000E-07
  4.1000E-09
  4.6900E-02  4.6900E-02  4.6900E-02  4.6900E-02  4.6900E-02
  4.6900E-02  4.6900E-02  4.6900E-02  4.6900E-02  4.6900E-02
  4.6900E-02  4.6900E-02  4.6900E-02  4.6900E-02  4.6900E-02
  4.6900E-02  4.6900E-02  4.6900E-02  4.6800E-02  4.6200E-02
  4.4500E-02  4.1600E-02  3.7500E-02  3.2600E-02  2.3000E-02
  6.9000E-03  1.9000E-03  1.5000E-04  1.6000E-05  4.3000E-07
  2.6000E-09
  2.3300E-01  2.3300E-01  2.3200E-01  2.3100E-01  2.3000E-01
  2.2700E-01  2.2200E-01  2.1600E-01  2.0900E-01  2.0100E-01
  1.9200E-01  1.7300E-01  1.5200E-01  1.3100E-01  1.1100E-01
  9.1900E-02  7.5400E-02  5.0000E-02  3.0400E-02  2.4800E-02
  2.2900E-02  1.6100E-02  9.1100E-03  4.9400E-03  3.1000E-03
  1.5000E-03  3.5000E-04  2.3000E-04  6.8000E-05  9.2000E-06
  6.0000E-06
  1.5300E-01  1.5300E-01  1.5300E-01  1.5300E-01  1.5300E-01
  1.5300E-01  1.5300E-01  1.5300E-01  1.5200E-01  1.5200E-01
  1.5100E-01  1.4900E-01  1.4600E-01  1.4100E-01  1.3400E-01
  1.2600E-01  1.1700E-01  9.5200E-02  6.2500E-02  2.5200E-02
  1.2600E-02  1.1200E-02  1.0700E-02  8.6900E-03  3.8000E-03
  1.1000E-03  7.5000E-04  9.4000E-05  6.4000E-05  3.4000E-05
  4.9000E-06
  1.6900E-01  1.6900E-01  1.6900E-01  1.6900E-01  1.6900E-01
  1.6900E-01  1.6900E-01  1.6900E-01  1.6800E-01  1.6700E-01
  1.6600E-01  1.6300E-01  1.5800E-01  1.5000E-01  1.4100E-01
  1.2900E-01  1.1700E-01  8.9300E-02  5.2600E-02  1.9300E-02
  1.2600E-02  1.2300E-02  1.0300E-02  7.1000E-03  2.4000E-03
  1.2000E-03  5.4000E-04  8.9000E-05  7.9000E-05  2.5000E-05
  1.8000E-06
  1.4200E-01  1.4200E-01  1.4200E-01  1.4200E-01  1.4200E-01
  1.4200E-01  1.4200E-01  1.4200E-01  1.4200E-01  1.4200E-01
  1.4200E-01  1.4100E-01  1.4000E-01  1.3800E-01  1.3500E-01
  1.3000E-01  1.2400E-01  1.0700E-01  7.7500E-02  3.4400E-02
  1.2800E-02  6.3600E-03  5.5500E-03  5.4500E-03  3.8000E-03
  5.7000E-04  3.8000E-04  2.0000E-04  5.8000E-05  5.2000E-06
  1.3000E-07
  1.4500E-01  1.4500E-01  1.4500E-01  1.4500E-01  1.4500E-01
  1.4500E-01  1.4500E-01  1.4500E-01  1.4500E-01  1.4500E-01
  1.4500E-01  1.4500E-01  1.4300E-01  1.4100E-01  1.3700E-01
  1.3200E-01  1.2500E-01  1.0700E-01  7.5600E-02  3.1900E-02
  1.1600E-02  6.2300E-03  5.7300E-03  5.5200E-03  3.5000E-03
  5.2000E-04  4.0000E-04  1.8000E-04  4.9000E-05  3.8000E-06
  7.1000E-08
  1.8200E-01  1.8200E-01  1.8200E-01  1.8200E-01  1.8200E-01
  1.8200E-01  1.8200E-01  1.8200E-01  1.8200E-01  1.8100E-01
  1.8000E-01  1.7600E-01  1.7000E-01  1.6000E-01  1.4900E-01
  1.3600E-01  1.2200E-01  9.4800E-02  6.0400E-02  2.4600E-02
  8.9400E-03  3.3600E-03  1.7900E-03  1.5100E-03  1.5000E-03
  6.5000E-04  2.0000E-04  1.7000E-05  1.9000E-06  5.6000E-08
  4.3000E-10
  5.5200E-01  5.5000E-01  5.4300E-01  5.3300E-01  5.1800E-01
  4.8000E-01  4.3000E-01  3.7500E-01  3.1800E-01  2.6200E-01
  2.1100E-01  1.3100E-01  8.0800E-02  5.6100E-02  4.7300E-02
  4.5600E-02  4.5500E-02  4.0400E-02  2.3500E-02  6.8000E-03
  5.1700E-03  4.5200E-03  2.8200E-03  1.4500E-03  6.3000E-04
  3.4000E-04  7.4000E-05  4.7000E-05  1.4000E-05  1.8000E-06
  1.2000E-06
  3.8000E-01  3.8000E-01  3.8000E-01  3.7900E-01  3.7900E-01
  3.7600E-01  3.7000E-01  3.6000E-01  3.4300E-01  3.2100E-01
  2.9400E-01  2.3100E-01  1.6700E-01  1.1200E-01  7.1300E-02
  4.4800E-02  2.9800E-02  2.0000E-02  1.9100E-02  1.1100E-02
  3.8900E-03  2.0200E-03  1.9100E-03  1.7200E-03  8.2000E-04
  1.9000E-04  1.4000E-04  1.7000E-05  1.1000E-05  6.0000E-06
  8.5000E-07
  4.4200E-01  4.4200E-01  4.4200E-01  4.4200E-01  4.4100E-01
  4.3600E-01  4.2400E-01  4.0400E-01  3.7500E-01  3.3900E-01
  2.9800E-01  2.1100E-01  1.3500E-01  8.0400E-02  4.6800E-02
  2.9400E-02  2.2200E-02  1.9800E-02  1.7500E-02  6.9500E-03
  2.3700E-03  1.8800E-03  1.7600E-03  1.3100E-03  4.5000E-04
  1.9000E-04  8.6000E-05  1.3000E-05  1.2000E-05  3.8000E-06
  2.8000E-07
  5.3200E-01  5.3200E-01  5.3200E-01  5.3200E-01  5.3100E-01
  5.2400E-01  5.0300E-01  4.6500E-01  4.1200E-01  3.5200E-01
  2.9100E-01  1.8500E-01  1.0900E-01  6.0800E-02  3.2900E-02
  1.7800E-02  1.0400E-02  5.9600E-03  5.6100E-03  3.5900E-03
  1.4000E-03  5.4100E-04  3.7800E-04  3.7100E-04  2.8000E-04
  4.2000E-05  2.6000E-05  1.4000E-05  4.1000E-06  3.7000E-07
  9.3000E-09
  1.8900E+00  1.8200E+00  1.6300E+00  1.3500E+00  1.0500E+00
  5.2400E-01  2.2100E-01  1.0100E-01  7.1400E-02  6.8600E-02
  6.7100E-02  5.0700E-02  2.9600E-02  1.5000E-02  7.6600E-03
  4.9600E-03  4.3300E-03  4.1900E-03  2.7500E-03  7.2000E-04
  4.5300E-04  4.1100E-04  2.6400E-04  1.3500E-04  5.5000E-05
  3.0000E-05  6.4000E-06  4.1000E-06  1.2000E-06  1.6000E-07
  1.0000E-07