  1.9300E-02  1.9300E-02  1.9300E-02  1.9300E-02  1.9300E-02
  1.9300E-02  1.9300E-02  1.9300E-02  1.9300E-02  1.9300E-02
  1.9300E-02  1.9300E-02  1.9300E-02  1.9200E-02  1.9200E-02
  1.9200E-02  1.9200E-02  1.9100E-02  1.9000E-02  1.8800E-02
  1.8500E-02  1.8200E-02  1.7900E-02  1.7400E-02  1.6000E-02
  1.4000E-02  1.1000E-02  6.0000E-03  3.2000E-03  8.8000E-04
  1.1000E-04
  7.0000E-02  7.0000E-02  7.0000E-02  7.0000E-02  7.0000E-02
  6.9900E-02  6.9800E-02  6.9700E-02  6.9500E-02  6.9300E-02
  6.9100E-02  6.8600E-02  6.8000E-02  6.7300E-02  6.6500E-02
  6.5600E-02  6.4700E-02  6.2400E-02  5.8600E-02  5.1100E-02
  4.3000E-02  3.5000E-02  2.7600E-02  2.1200E-02  1.2000E-02
  2.5000E-03  1.7000E-03  1.3000E-03  6.8000E-04  1.6000E-04
  1.5000E-05
  3.5000E-02  3.5000E-02  3.5000E-02  3.5000E-02  3.5000E-02
  3.5000E-02  3.5000E-02  3.5000E-02  3.5000E-02  3.5000E-02
  3.5000E-02  3.5000E-02  3.5000E-02  3.5000E-02  3.5000E-02
  3.5000E-02  3.5000E-02  3.4900E-02  3.4800E-02  3.4400E-02
  3.3600E-02  3.2500E-02  3.0900E-02  2.9000E-02  2.4000E-02
  1.3000E-02  6.1000E-03  1.2000E-03  2.8000E-04  2.6000E-05
  1.0000E-06
  3.6100E-02  3.6100E-02  3.6100E-02  3.6100E-02  3.6100E-02
  3.6100E-02  3.6100E-02  3.6100E-02  3.6100E-02  3.6100E-02
  3.6100E-02  3.6100E-02  3.6100E-02  3.6100E-02  3.6100E-02
  3.6100E-02  3.6100E-02  3.6000E-02  3.5900E-02  3.5400E-02
  3.4500E-02  3.3300E-02  3.1500E-02  2.9400E-02  2.5000E-02
  1.3000E-02  5.7000E-03  1.1000E-03  2.2000E-04  1.8000E-05
  5.3000E-07
  1.7000E-01  1.7000E-01  1.7000E-01  1.6900E-01  1.6900E-01
  1.6800E-01  1.6600E-01  1.6400E-01  1.6200E-01  1.5900E-01
  1.5600E-01  1.4900E-01  1.4000E-01  1.3100E-01  1.2100E-01
  1.1100E-01  1.0000E-01  8.0200E-02  5.4000E-02  2.5500E-02
  1.3700E-02  1.0800E-02  1.0600E-02  1.0200E-02  7.4000E-03
  1.3000E-03  3.3000E-04  2.6000E-04  1.4000E-04  3.0000E-05
  2.8000E-06
  1.0200E-01  1.0200E-01  1.0200E-01  1.0200E-01  1.0200E-01
  1.0200E-01  1.0200E-01  1.0200E-01  1.0200E-01  1.0200E-01
  1.0100E-01  1.0100E-01  1.0100E-01  9.9900E-02  9.8800E-02
  9.7300E-02  9.5400E-02  9.0400E-02  8.0000E-02  5.8200E-02
  3.7000E-02  2.1100E-02  1.1300E-02  6.1600E-03  3.1000E-03
  2.6000E-03  1.4000E-03  2.8000E-04  6.2000E-05  5.4000E-06
  2.1000E-07
  1.0400E-01  1.0400E-01  1.0400E-01  1.0400E-01  1.0400E-01
  1.0400E-01  1.0400E-01  1.0400E-01  1.0400E-01  1.0400E-01
  1.0400E-01  1.0300E-01  1.0300E-01  1.0200E-01  1.0100E-01
  9.9200E-02  9.7100E-02  9.1700E-02  8.0500E-02  5.7400E-02
  3.5600E-02  1.9800E-02  1.0400E-02  5.7100E-03  3.1000E-03
  2.6000E-03  1.4000E-03  2.5000E-04  5.0000E-05  3.8000E-06
  1.1000E-07
  7.1700E-02  7.1700E-02  7.1700E-02  7.1700E-02  7.1700E-02
  7.1700E-02  7.1700E-02  7.1700E-02  7.1700E-02  7.1700E-02
  7.1700E-02  7.1700E-02  7.1700E-02  7.1600E-02  7.1500E-02
  7.1400E-02  7.1100E-02  7.0400E-02  6.8100E-02  6.0900E-02
  5.0700E-02  3.9600E-02  2.9500E-02  2.1400E-02  1.1000E-02
  1.8000E-03  3.4000E-04  2.1000E-05  2.2000E-06  7.4000E-08
  9.6000E-10
  7.2400E-02  7.2400E-02  7.2400E-02  7.2400E-02  7.2400E-02
  7.2400E-02  7.2400E-02  7.2400E-02  7.2400E-02  7.2400E-02
  7.2400E-02  7.2400E-02  7.2400E-02  7.2300E-02  7.2200E-02
  7.2100E-02  7.1800E-02  7.1000E-02  6.8600E-02  6.1200E-02
  5.0600E-02  3.9300E-02  2.9200E-02  2.1000E-02  1.0000E-02
  1.7000E-03  3.2000E-04  1.9000E-05  1.9000E-06  5.9000E-08
  6.3000E-10
  4.3000E-01  4.2900E-01  4.2600E-01  4.2200E-01  4.1500E-01
  3.9700E-01  3.7400E-01  3.4600E-01  3.1500E-01  2.8200E-01
  2.4900E-01  1.8500E-01  1.3100E-01  8.9600E-02  6.1100E-02
  4.3300E-02  3.3700E-02  2.7900E-02  2.7100E-02  1.7500E-02
  7.2600E-03  2.8400E-03  1.8500E-03  1.7800E-03  1.5000E-03
  2.7000E-04  5.5000E-05  4.2000E-05  2.2000E-05  4.9000E-06
  4.5000E-07
  2.8700E-01  2.8700E-01  2.8700E-01  2.8700E-01  2.8700E-01
  2.8600E-01  2.8500E-01  2.8200E-01  2.7700E-01  2.6900E-01
  2.6000E-01  2.3400E-01  2.0200E-01  1.6600E-01  1.3100E-01
  9.9900E-02  7.3500E-02  3.7100E-02  1.4300E-02  9.3900E-03
  8.4700E-03  5.7400E-03  3.1900E-03  1.6000E-03  5.0000E-04
  3.5000E-04  2.0000E-04  4.1000E-05  8.8000E-06  7.6000E-07
  2.9000E-08
  2.9100E-01  2.9100E-01  2.9100E-01  2.9100E-01  2.9100E-01
  2.9000E-01  2.8900E-01  2.8500E-01  2.8000E-01  2.7300E-01
  2.6300E-01  2.3600E-01  2.0200E-01  1.6500E-01  1.2900E-01
  9.7100E-02  7.0700E-02  3.5100E-02  1.3700E-02  9.7200E-03
  8.5200E-03  5.5600E-03  2.9800E-03  1.4600E-03  4.8000E-04
  3.6000E-04  2.0000E-04  3.6000E-05  7.2000E-06  5.4000E-07
  1.5000E-08
  2.9900E-01  2.9900E-01  2.9900E-01  2.9900E-01  2.9900E-01
  2.9800E-01  2.9700E-01  2.9500E-01  2.9000E-01  2.8200E-01
  2.7100E-01  2.4100E-01  2.0400E-01  1.6700E-01  1.3200E-01
  1.0200E-01  7.7300E-02  4.2200E-02  1.5700E-02  3.6100E-03
  2.3500E-03  2.3000E-03  2.0400E-03  1.6300E-03  8.8000E-04
  1.6000E-04  3.0000E-05  1.8000E-06  1.9000E-07  6.3000E-09
  8.3000E-11
  3.0500E-01  3.0500E-01  3.0500E-01  3.0500E-01  3.0500E-01
  3.0400E-01  3.0300E-01  3.0000E-01  2.9500E-01  2.8600E-01
  2.7300E-01  2.4100E-01  2.0300E-01  1.6400E-01  1.2900E-01
  9.9200E-02  7.4700E-02  4.0400E-02  1.4900E-02  3.4600E-03
  2.3400E-03  2.2900E-03  2.0100E-03  1.5900E-03  8.6000E-04
  1.5000E-04  2.8000E-05  1.6000E-06  1.6000E-07  5.0000E-09
  5.5000E-11
  1.6200E+00  1.5800E+00  1.4600E+00  1.2800E+00  1.0600E+00
  6.4300E-01  3.3400E-01  1.5800E-01  7.8400E-02  5.0500E-02
  4.4100E-02  4.2900E-02  3.6300E-02  2.6000E-02  1.6700E-02
  1.0000E-02  5.9000E-03  2.5800E-03  2.0500E-03  1.5300E-03
  6.5900E-04  2.3900E-04  1.3500E-04  1.2600E-04  1.1000E-04
  2.0000E-05  3.9000E-06  3.0000E-06  1.6000E-06  3.4000E-07
  3.2000E-08