  1.0100E-02  1.0100E-02  1.0100E-02  1.0100E-02  1.0100E-02
  1.0100E-02  1.0100E-02  1.0100E-02  1.0100E-02  1.0100E-02
  1.0100E-02  1.0100E-02  1.0100E-02  1.0100E-02  1.0100E-02
  1.0100E-02  1.0100E-02  1.0100E-02  1.0100E-02  1.0100E-02
  1.0000E-02  9.9800E-03  9.9200E-03  9.8500E-03  9.7000E-03
  9.1000E-03  8.5000E-03  6.8000E-03  5.2000E-03  2.8000E-03
  7.7000E-04
  3.6100E-02  3.6100E-02  3.6100E-02  3.6100E-02  3.6100E-02
  3.6000E-02  3.6000E-02  3.6000E-02  3.6000E-02  3.6000E-02
  3.5900E-02  3.5900E-02  3.5800E-02  3.5700E-02  3.5600E-02
  3.5400E-02  3.5300E-02  3.5000E-02  3.4400E-02  3.3100E-02
  3.1600E-02  2.9800E-02  2.7800E-02  2.5700E-02  2.1000E-02
  1.2000E-02  5.3000E-03  1.2000E-03  8.9000E-04  6.7000E-04
  1.7000E-04
  1.7700E-02  1.7700E-02  1.7700E-02  1.7700E-02  1.7700E-02
  1.7700E-02  1.7700E-02  1.7700E-02  1.7700E-02  1.7700E-02
  1.7700E-02  1.7700E-02  1.7700E-02  1.7700E-02  1.7700E-02
  1.7600E-02  1.7600E-02  1.7600E-02  1.7600E-02  1.7600E-02
  1.7600E-02  1.7500E-02  1.7400E-02  1.7300E-02  1.7000E-02
  1.5000E-02  1.2000E-02  6.4000E-03  3.0000E-03  6.3000E-04
  5.3000E-05
  1.9500E-02  1.9500E-02  1.9500E-02  1.9500E-02  1.9500E-02
  1.9500E-02  1.9500E-02  1.9500E-02  1.9500E-02  1.9500E-02
  1.9500E-02  1.9500E-02  1.9500E-02  1.9500E-02  1.9500E-02
  1.9500E-02  1.9500E-02  1.9500E-02  1.9500E-02  1.9500E-02
  1.9400E-02  1.9400E-02  1.9200E-02  1.9000E-02  1.8000E-02
  1.6000E-02  1.2000E-02  5.7000E-03  2.3000E-03  3.8000E-04
  2.0000E-05
  7.9600E-02  7.9600E-02  7.9500E-02  7.9500E-02  7.9500E-02
  7.9300E-02  7.9200E-02  7.8900E-02  7.8700E-02  7.8400E-02
  7.8000E-02  7.7100E-02  7.6100E-02  7.4900E-02  7.3500E-02
  7.2000E-02  7.0300E-02  6.6700E-02  6.0400E-02  4.8900E-02
  3.7600E-02  2.7600E-02  1.9500E-02  1.3700E-02  7.7000E-03
  6.0000E-03  4.2000E-03  7.1000E-04  2.0000E-04  1.6000E-04
  4.2000E-05
  4.6700E-02  4.6700E-02  4.6700E-02  4.6700E-02  4.6700E-02
  4.6700E-02  4.6700E-02  4.6700E-02  4.6700E-02  4.6700E-02
  4.6700E-02  4.6700E-02  4.6700E-02  4.6700E-02  4.6700E-02
  4.6600E-02  4.6600E-02  4.6400E-02  4.6000E-02  4.4600E-02
  4.2200E-02  3.8800E-02  3.4500E-02  2.9700E-02  2.0000E-02
  5.1000E-03  1.9000E-03  1.6000E-03  8.8000E-04  1.9000E-04
  1.5000E-05
  4.9900E-02  4.9900E-02  4.9900E-02  4.9900E-02  4.9900E-02
  4.9900E-02  4.9900E-02  4.9900E-02  4.9900E-02  4.9900E-02
  4.9900E-02  4.9900E-02  4.9900E-02  4.9800E-02  4.9800E-02
  4.9700E-02  4.9700E-02  4.9400E-02  4.8900E-02  4.7000E-02
  4.3900E-02  3.9600E-02  3.4400E-02  2.8800E-02  1.8000E-02
  4.1000E-03  2.0000E-03  1.6000E-03  7.5000E-04  1.2000E-04
  6.0000E-06
  3.2400E-02  3.2400E-02  3.2400E-02  3.2400E-02  3.2400E-02
  3.2400E-02  3.2400E-02  3.2400E-02  3.2400E-02  3.2400E-02
  3.2400E-02  3.2400E-02  3.2400E-02  3.2400E-02  3.2400E-02
  3.2400E-02  3.2400E-02  3.2400E-02  3.2300E-02  3.2300E-02
  3.2000E-02  3.1500E-02  3.0700E-02  2.9400E-02  2.6000E-02
  1.5000E-02  6.6000E-03  1.1000E-03  2.1000E-04  1.3000E-05
  2.4000E-07
  3.3100E-02  3.3100E-02  3.3100E-02  3.3100E-02  3.3100E-02
  3.3100E-02  3.3100E-02  3.3100E-02  3.3100E-02  3.3100E-02
  3.3100E-02  3.3100E-02  3.3100E-02  3.3100E-02  3.3100E-02
  3.3100E-02  3.3100E-02  3.3100E-02  3.3000E-02  3.2900E-02
  3.2700E-02  3.2100E-02  3.1200E-02  2.9800E-02  2.6000E-02
  1.4000E-02  6.2000E-03  1.0000E-03  1.8000E-04  9.4000E-06
  1.4000E-07
  1.6700E-01  1.6700E-01  1.6700E-01  1.6600E-01  1.6600E-01
  1.6500E-01  1.6300E-01  1.6100E-01  1.5800E-01  1.5500E-01
  1.5200E-01  1.4400E-01  1.3500E-01  1.2500E-01  1.1500E-01
  1.0400E-01  9.3700E-02  7.3500E-02  4.8300E-02  2.3900E-02
  1.6500E-02  1.5800E-02  1.5200E-02  1.3000E-02  6.8000E-03
  1.5000E-03  1.3000E-03  2.4000E-04  5.1000E-05  4.0000E-05
  1.0000E-05
  1.0500E-01  1.0500E-01  1.0500E-01  1.0500E-01  1.0500E-01
  1.0500E-01  1.0500E-01  1.0500E-01  1.0500E-01  1.0500E-01
  1.0500E-01  1.0500E-01  1.0400E-01  1.0300E-01  1.0200E-01
  1.0000E-01  9.7700E-02  9.1400E-02  7.8700E-02  5.3100E-02
  3.0600E-02  1.6000E-02  9.0900E-03  6.7800E-03  6.4000E-03
  2.7000E-03  6.0000E-04  3.5000E-04  2.1000E-04  4.7000E-05
  3.6000E-06
  1.1300E-01  1.1300E-01  1.1300E-01  1.1300E-01  1.1300E-01
  1.1300E-01  1.1300E-01  1.1300E-01  1.1300E-01  1.1200E-01
  1.1200E-01  1.1200E-01  1.1100E-01  1.1000E-01  1.0800E-01
  1.0500E-01  1.0200E-01  9.4300E-02  7.8600E-02  4.9400E-02
  2.6300E-02  1.3300E-02  8.1500E-03  6.9400E-03  6.7000E-03
  2.1000E-03  5.1000E-04  3.8000E-04  1.9000E-04  3.0000E-05
  1.5000E-06
  8.6300E-02  8.6300E-02  8.6300E-02  8.6300E-02  8.6300E-02
  8.6300E-02  8.6300E-02  8.6300E-02  8.6300E-02  8.6300E-02
  8.6300E-02  8.6300E-02  8.6200E-02  8.6100E-02  8.5900E-02
  8.5500E-02  8.5000E-02  8.3200E-02  7.8200E-02  6.3900E-02
  4.6000E-02  2.9500E-02  1.7300E-02  9.6900E-03  3.6000E-03
  2.5000E-03  1.5000E-03  3.0000E-04  5.6000E-05  3.3000E-06
  6.0000E-08
  8.8300E-02  8.8300E-02  8.8300E-02  8.8300E-02  8.8300E-02
  8.8300E-02  8.8300E-02  8.8300E-02  8.8300E-02  8.8300E-02
  8.8300E-02  8.8300E-02  8.8200E-02  8.8100E-02  8.7800E-02
  8.7400E-02  8.6800E-02  8.4800E-02  7.9200E-02  6.3800E-02
  4.5000E-02  2.8200E-02  1.6200E-02  8.9300E-03  3.4000E-03
  2.5000E-03  1.5000E-03  2.7000E-04  4.7000E-05  2.4000E-06
  3.4000E-08
  8.1300E-02  8.1300E-02  8.1300E-02  8.1300E-02  8.1300E-02
  8.1300E-02  8.1300E-02  8.1300E-02  8.1300E-02  8.1300E-02
  8.1300E-02  8.1300E-02  8.1200E-02  8.1100E-02  8.0800E-02
  8.0300E-02  7.9600E-02  7.7500E-02  7.2400E-02  6.0300E-02
  4.6900E-02  3.4900E-02  2.5200E-02  1.7800E-02  8.7000E-03
  1.4000E-03  2.5000E-04  1.2000E-05  1.1000E-06  2.2000E-08
  1.3000E-10
  8.1700E-02  8.1700E-02  8.1700E-02  8.1700E-02  8.1700E-02
  8.1700E-02  8.1700E-02  8.1700E-02  8.1700E-02  8.1700E-02
  8.1700E-02  8.1700E-02  8.1600E-02  8.1500E-02  8.1200E-02
  8.0800E-02  8.0100E-02  7.8100E-02  7.3000E-02  6.0600E-02
  4.7000E-02  3.4700E-02  2.4900E-02  1.7500E-02  8.4000E-03
  1.3000E-03  2.3000E-04  1.1000E-05  9.2000E-07  1.8000E-08
  8.7000E-11
  4.2700E-01  4.2600E-01  4.2300E-01  4.1800E-01  4.1200E-01
  3.9400E-01  3.7100E-01  3.4200E-01  3.1100E-01  2.7800E-01
  2.4500E-01  1.8200E-01  1.2800E-01  8.7500E-02  5.9900E-02
  4.3200E-02  3.4500E-02  2.9700E-02  2.8700E-02  1.7100E-02
  6.6800E-03  3.1700E-03  2.7600E-03  2.6800E-03  1.6000E-03
  2.6000E-04  2.2000E-04  4.3000E-05  8.6000E-06  6.6000E-06
  1.7000E-06
  2.9100E-01  2.9100E-01  2.9100E-01  2.9100E-01  2.9100E-01
  2.9000E-01  2.8900E-01  2.8500E-01  2.8000E-01  2.7200E-01
  2.6200E-01  2.3400E-01  2.0000E-01  1.6300E-01  1.2700E-01
  9.5400E-02  6.9100E-02  3.4100E-02  1.4000E-02  1.0900E-02
  8.9400E-03  5.2200E-03  2.5300E-03  1.2800E-03  8.5000E-04
  4.4000E-04  9.5000E-05  4.7000E-05  3.0000E-05  6.5000E-06
  4.9000E-07
  3.1100E-01  3.1100E-01  3.1100E-01  3.1100E-01  3.1100E-01
  3.1000E-01  3.0800E-01  3.0300E-01  2.9600E-01  2.8600E-01
  2.7300E-01  2.3900E-01  1.9800E-01  1.5600E-01  1.1700E-01
  8.3700E-02  5.8100E-02  2.7100E-02  1.2800E-02  1.1400E-02
  8.1100E-03  4.1300E-03  1.8700E-03  1.0600E-03  9.0000E-04
  3.5000E-04  7.3000E-05  5.1000E-05  2.5000E-05  4.1000E-06
  2.0000E-07
  3.5200E-01  3.5200E-01  3.5200E-01  3.5200E-01  3.5200E-01
  3.5100E-01  3.4900E-01  3.4200E-01  3.3100E-01  3.1500E-01
  2.9500E-01  2.4500E-01  1.9400E-01  1.4700E-01  1.0800E-01
  7.6900E-02  5.3700E-02  2.5000E-02  7.7700E-03  2.9300E-03
  2.8000E-03  2.2500E-03  1.4700E-03  8.5400E-04  2.7000E-04
  1.4000E-04  9.3000E-05  1.9000E-05  3.5000E-06  2.0000E-07
  3.7000E-09
  1.5500E+00  1.5100E+00  1.4000E+00  1.2400E+00  1.0400E+00
  6.5400E-01  3.5400E-01  1.7400E-01  8.8500E-02  5.6200E-02
  4.7800E-02  4.6500E-02  4.0000E-02  2.9100E-02  1.8800E-02
  1.1300E-02  6.6600E-03  2.9900E-03  2.4800E-03  1.7200E-03
  6.7700E-04  2.7500E-04  2.1700E-04  2.1300E-04  1.4000E-04
  2.1000E-05  1.7000E-05  3.4000E-06  6.7000E-07  5.1000E-07
  1.3000E-07