  1.6700E-02  1.6700E-02  1.6700E-02  1.6700E-02  1.6700E-02
  1.6700E-02  1.6700E-02  1.6700E-02  1.6700E-02  1.6700E-02
  1.6700E-02  1.6700E-02  1.6700E-02  1.6600E-02  1.6600E-02
  1.6600E-02  1.6600E-02  1.6600E-02  1.6500E-02  1.6400E-02
  1.6200E-02  1.6000E-02  1.5700E-02  1.5500E-02  1.5000E-02
  1.3000E-02  1.1000E-02  6.7000E-03  3.9000E-03  1.3000E-03
  1.8000E-04
  6.0000E-02  6.0000E-02  6.0000E-02  6.0000E-02  6.0000E-02
  6.0000E-02  5.9900E-02  5.9800E-02  5.9700E-02  5.9600E-02
  5.9500E-02  5.9200E-02  5.8800E-02  5.8300E-02  5.7800E-02
  5.7200E-02  5.6600E-02  5.5200E-02  5.2600E-02  4.7600E-02
  4.1800E-02  3.5800E-02  3.0000E-02  2.4500E-02  1.5000E-02
  3.9000E-03  1.6000E-03  1.4000E-03  8.8000E-04  2.5000E-04
  2.8000E-05
  2.9900E-02  2.9900E-02  2.9900E-02  2.9900E-02  2.9900E-02
  2.9900E-02  2.9900E-02  2.9900E-02  2.9900E-02  2.9900E-02
  2.9900E-02  2.9900E-02  2.9900E-02  2.9900E-02  2.9900E-02
  2.9900E-02  2.9900E-02  2.9900E-02  2.9800E-02  2.9600E-02
  2.9200E-02  2.8600E-02  2.7800E-02  2.6600E-02  2.4000E-02
  1.5000E-02  8.2000E-03  2.1000E-03  5.6000E-04  6.0000E-05
  2.7000E-06
  3.1100E-02  3.1100E-02  3.1100E-02  3.1100E-02  3.1100E-02
  3.1100E-02  3.1100E-02  3.1100E-02  3.1100E-02  3.1100E-02
  3.1100E-02  3.1100E-02  3.1100E-02  3.1100E-02  3.1100E-02
  3.1100E-02  3.1100E-02  3.1100E-02  3.1000E-02  3.0800E-02
  3.0300E-02  2.9600E-02  2.8600E-02  2.7400E-02  2.4000E-02
  1.5000E-02  7.7000E-03  1.8000E-03  4.4000E-04  4.0000E-05
  1.3000E-06
  1.4100E-01  1.4100E-01  1.4100E-01  1.4100E-01  1.4000E-01
  1.4000E-01  1.3900E-01  1.3800E-01  1.3600E-01  1.3500E-01
  1.3300E-01  1.2800E-01  1.2300E-01  1.1700E-01  1.1100E-01
  1.0400E-01  9.7300E-02  8.2900E-02  6.2300E-02  3.4900E-02
  1.8700E-02  1.1700E-02  9.6500E-03  9.4400E-03  8.7000E-03
  2.8000E-03  5.4000E-04  2.7000E-04  1.9000E-04  5.3000E-05
  5.7000E-06
  8.3800E-02  8.3800E-02  8.3800E-02  8.3800E-02  8.3800E-02
  8.3800E-02  8.3800E-02  8.3800E-02  8.3800E-02  8.3800E-02
  8.3700E-02  8.3600E-02  8.3400E-02  8.3100E-02  8.2700E-02
  8.2000E-02  8.1200E-02  7.8900E-02  7.3700E-02  6.0800E-02
  4.5500E-02  3.1000E-02  1.9600E-02  1.1700E-02  4.4000E-03
  2.6000E-03  1.9000E-03  5.4000E-04  1.4000E-04  1.4000E-05
  6.0000E-07
  8.6300E-02  8.6300E-02  8.6300E-02  8.6300E-02  8.6300E-02
  8.6300E-02  8.6200E-02  8.6200E-02  8.6200E-02  8.6200E-02
  8.6200E-02  8.6000E-02  8.5800E-02  8.5400E-02  8.4900E-02
  8.4200E-02  8.3300E-02  8.0700E-02  7.4800E-02  6.0800E-02
  4.4400E-02  2.9500E-02  1.8100E-02  1.0600E-02  4.1000E-03
  2.7000E-03  1.9000E-03  4.7000E-04  1.1000E-04  9.5000E-06
  2.9000E-07
  5.8100E-02  5.8100E-02  5.8100E-02  5.8100E-02  5.8100E-02
  5.8100E-02  5.8100E-02  5.8100E-02  5.8100E-02  5.8100E-02
  5.8100E-02  5.8100E-02  5.8100E-02  5.8000E-02  5.8000E-02
  5.8000E-02  5.7900E-02  5.7700E-02  5.7000E-02  5.4300E-02
  4.9400E-02  4.2800E-02  3.5400E-02  2.8300E-02  1.7000E-02
  3.8000E-03  8.7000E-04  6.4000E-05  7.6000E-06  2.8000E-07
  3.8000E-09
  5.8600E-02  5.8600E-02  5.8600E-02  5.8600E-02  5.8600E-02
  5.8600E-02  5.8600E-02  5.8600E-02  5.8600E-02  5.8600E-02
  5.8600E-02  5.8600E-02  5.8600E-02  5.8600E-02  5.8600E-02
  5.8600E-02  5.8500E-02  5.8300E-02  5.7500E-02  5.4700E-02
  4.9600E-02  4.2800E-02  3.5300E-02  2.8000E-02  1.6000E-02
  3.6000E-03  8.2000E-04  5.9000E-05  6.6000E-06  2.2000E-07
  2.4000E-09
  3.3600E-01  3.3600E-01  3.3500E-01  3.3200E-01  3.2900E-01
  3.2000E-01  3.0800E-01  2.9300E-01  2.7600E-01  2.5700E-01
  2.3700E-01  1.9500E-01  1.5500E-01  1.1900E-01  8.9500E-02
  6.6300E-02  4.9400E-02  3.0900E-02  2.4600E-02  2.2800E-02
  1.4700E-02  7.1500E-03  3.2700E-03  2.0100E-03  1.8000E-03
  6.9000E-04  1.2000E-04  5.0000E-05  3.5000E-05  9.9000E-06
  1.1000E-06
  2.1900E-01  2.1900E-01  2.1900E-01  2.1900E-01  2.1900E-01
  2.1900E-01  2.1900E-01  2.1800E-01  2.1600E-01  2.1400E-01
  2.1100E-01  2.0100E-01  1.8700E-01  1.7000E-01  1.5000E-01
  1.2900E-01  1.0700E-01  6.9900E-02  3.2300E-02  1.0800E-02
  8.9400E-03  8.3600E-03  6.4000E-03  4.1700E-03  1.4000E-03
  4.0000E-04  3.3000E-04  9.4000E-05  2.4000E-05  2.4000E-06
  1.0000E-07
  2.2600E-01  2.2600E-01  2.2600E-01  2.2600E-01  2.2600E-01
  2.2600E-01  2.2600E-01  2.2500E-01  2.2300E-01  2.2000E-01
  2.1600E-01  2.0600E-01  1.9000E-01  1.7100E-01  1.4900E-01
  1.2600E-01  1.0400E-01  6.5800E-02  2.9300E-02  1.0400E-02
  9.1800E-03  8.3100E-03  6.0800E-03  3.8000E-03  1.2000E-03
  4.3000E-04  3.2000E-04  8.3000E-05  1.9000E-05  1.6000E-06
  5.0000E-08
  2.0600E-01  2.0600E-01  2.0600E-01  2.0600E-01  2.0600E-01
  2.0600E-01  2.0600E-01  2.0600E-01  2.0500E-01  2.0400E-01
  2.0200E-01  1.9600E-01  1.8600E-01  1.7200E-01  1.5500E-01
  1.3700E-01  1.1900E-01  8.4300E-02  4.5700E-02  1.3900E-02
  4.5500E-03  2.7800E-03  2.6700E-03  2.5800E-03  1.9000E-03
  5.0000E-04  1.2000E-04  8.5000E-06  9.9000E-07  3.6000E-08
  4.9000E-10
  2.0800E-01  2.0800E-01  2.0800E-01  2.0800E-01  2.0800E-01
  2.0800E-01  2.0800E-01  2.0800E-01  2.0700E-01  2.0600E-01
  2.0400E-01  1.9800E-01  1.8700E-01  1.7300E-01  1.5600E-01
  1.3700E-01  1.1800E-01  8.3100E-02  4.4500E-02  1.3300E-02
  4.3800E-03  2.7700E-03  2.6800E-03  2.5700E-03  1.9000E-03
  4.7000E-04  1.1000E-04  7.7000E-06  8.6000E-07  2.9000E-08
  3.2000E-10
  1.2400E+00  1.2200E+00  1.1600E+00  1.0700E+00  9.6100E-01
  7.0600E-01  4.6700E-01  2.8300E-01  1.6200E-01  9.1900E-02
  5.6800E-02  3.7400E-02  3.6500E-02  3.4100E-02  2.8400E-02
  2.1500E-02  1.5200E-02  6.7600E-03  2.4600E-03  1.9700E-03
  1.4500E-03  7.3400E-04  3.1900E-04  1.7100E-04  1.4000E-04
  5.6000E-05  1.0000E-05  3.9000E-06  2.7000E-06  7.7000E-07
  8.2000E-08
  9.6200E-01  9.6100E-01  9.5800E-01  9.4400E-01  9.1400E-01
  7.9200E-01  6.1400E-01  4.3000E-01  2.7900E-01  1.7000E-01
  9.9900E-02  3.2600E-02  1.2600E-02  8.2400E-03  7.7900E-03
  7.7000E-03  7.1900E-03  5.2600E-03  2.4800E-03  5.9400E-04
  3.5900E-04  3.4700E-04  2.7900E-04  1.8700E-04  6.2000E-05
  1.6000E-05  1.3000E-05  3.9000E-06  9.8000E-07  9.8000E-08
  4.2000E-09