  2.3400E-02  2.3400E-02  2.3400E-02  2.3400E-02  2.3400E-02
  2.3400E-02  2.3400E-02  2.3400E-02  2.3400E-02  2.3400E-02
  2.3400E-02  2.3400E-02  2.3300E-02  2.3300E-02  2.3300E-02
  2.3200E-02  2.3200E-02  2.3100E-02  2.2900E-02  2.2600E-02
  2.2100E-02  2.1500E-02  2.0900E-02  2.0200E-02  1.9000E-02
  1.4000E-02  1.0000E-02  4.9000E-03  2.2000E-03  4.9000E-04
  4.9000E-05
  8.6200E-02  8.6200E-02  8.6200E-02  8.6100E-02  8.6100E-02
  8.5900E-02  8.5800E-02  8.5500E-02  8.5200E-02  8.4900E-02
  8.4500E-02  8.3600E-02  8.2500E-02  8.1200E-02  7.9800E-02
  7.8200E-02  7.6400E-02  7.2500E-02  6.5900E-02  5.3800E-02
  4.1800E-02  3.1000E-02  2.2000E-02  1.5200E-02  6.8000E-03
  2.0000E-03  1.9000E-03  1.0000E-03  4.1000E-04  7.5000E-05
  6.1000E-06
  4.3300E-02  4.3300E-02  4.3300E-02  4.3300E-02  4.3300E-02
  4.3300E-02  4.3300E-02  4.3300E-02  4.3300E-02  4.3300E-02
  4.3300E-02  4.3300E-02  4.3300E-02  4.3300E-02  4.3300E-02
  4.3200E-02  4.3200E-02  4.3100E-02  4.2700E-02  4.1600E-02
  3.9800E-02  3.7300E-02  3.4100E-02  3.0500E-02  2.3000E-02
  9.5000E-03  3.5000E-03  5.2000E-04  1.0000E-04  7.8000E-06
  2.8000E-07
  4.4300E-02  4.4300E-02  4.4300E-02  4.4300E-02  4.4300E-02
  4.4300E-02  4.4300E-02  4.4300E-02  4.4300E-02  4.4300E-02
  4.4300E-02  4.4300E-02  4.4300E-02  4.4200E-02  4.4200E-02
  4.4200E-02  4.4100E-02  4.4000E-02  4.3600E-02  4.2400E-02
  4.0500E-02  3.7700E-02  3.4400E-02  3.0600E-02  2.3000E-02
  9.1000E-03  3.2000E-03  4.5000E-04  8.2000E-05  5.6000E-06
  1.5000E-07
  2.2200E-01  2.2200E-01  2.2200E-01  2.2100E-01  2.2000E-01
  2.1800E-01  2.1400E-01  2.1000E-01  2.0500E-01  1.9900E-01
  1.9200E-01  1.7800E-01  1.6100E-01  1.4400E-01  1.2600E-01
  1.0900E-01  9.3400E-02  6.5500E-02  3.6300E-02  1.5600E-02
  1.2300E-02  1.2100E-02  1.0800E-02  8.5000E-03  4.0000E-03
  4.5000E-04  3.2000E-04  1.9000E-04  7.3000E-05  1.3000E-05
  1.0000E-06
  1.3400E-01  1.3400E-01  1.3400E-01  1.3400E-01  1.3400E-01
  1.3400E-01  1.3400E-01  1.3400E-01  1.3400E-01  1.3400E-01
  1.3400E-01  1.3200E-01  1.3100E-01  1.2800E-01  1.2400E-01
  1.2000E-01  1.1400E-01  1.0100E-01  7.8100E-02  4.2900E-02
  2.0100E-02  8.9200E-03  4.6200E-03  3.3900E-03  3.2000E-03
  1.9000E-03  7.2000E-04  1.0000E-04  1.9000E-05  1.4000E-06
  4.8000E-08
  1.3700E-01  1.3700E-01  1.3700E-01  1.3700E-01  1.3700E-01
  1.3700E-01  1.3700E-01  1.3700E-01  1.3700E-01  1.3600E-01
  1.3600E-01  1.3500E-01  1.3300E-01  1.3000E-01  1.2600E-01
  1.2100E-01  1.1500E-01  1.0100E-01  7.7400E-02  4.1500E-02
  1.9000E-02  8.3700E-03  4.4500E-03  3.4200E-03  3.3000E-03
  1.8000E-03  6.7000E-04  8.8000E-05  1.5000E-05  9.9000E-07
  2.6000E-08
  1.0100E-01  1.0100E-01  1.0100E-01  1.0100E-01  1.0100E-01
  1.0100E-01  1.0100E-01  1.0100E-01  1.0100E-01  1.0100E-01
  1.0100E-01  1.0000E-01  1.0000E-01  9.9600E-02  9.8800E-02
  9.7500E-02  9.5800E-02  9.0900E-02  8.0500E-02  5.9700E-02
  4.0600E-02  2.6400E-02  1.6800E-02  1.0600E-02  4.2000E-03
  5.0000E-04  7.7000E-05  3.7000E-06  3.5000E-07  1.1000E-08
  1.3000E-10
  1.0100E-01  1.0100E-01  1.0100E-01  1.0100E-01  1.0100E-01
  1.0100E-01  1.0100E-01  1.0100E-01  1.0100E-01  1.0100E-01
  1.0100E-01  1.0100E-01  1.0100E-01  1.0000E-01  9.9400E-02
  9.8100E-02  9.6300E-02  9.1300E-02  8.0700E-02  5.9500E-02
  4.0300E-02  2.6100E-02  1.6500E-02  1.0400E-02  4.1000E-03
  4.8000E-04  7.3000E-05  3.4000E-06  3.1000E-07  8.6000E-09
  9.3000E-11
  7.0500E-01  7.0100E-01  6.8900E-01  6.7100E-01  6.4600E-01
  5.8100E-01  5.0100E-01  4.1600E-01  3.3300E-01  2.5900E-01
  1.9500E-01  1.0400E-01  5.6100E-02  3.5300E-02  2.8800E-02
  2.7700E-02  2.7600E-02  2.4700E-02  1.5400E-02  4.3800E-03
  1.5600E-03  1.3100E-03  1.2500E-03  1.0400E-03  5.1000E-04
  5.0000E-05  3.3000E-05  1.9000E-05  7.6000E-06  1.3000E-06
  1.0000E-07
  4.9600E-01  4.9600E-01  4.9600E-01  4.9500E-01  4.9400E-01
  4.8500E-01  4.6700E-01  4.3600E-01  3.9600E-01  3.4800E-01
  2.9800E-01  2.0200E-01  1.2600E-01  7.4500E-02  4.2300E-02
  2.3900E-02  1.4300E-02  7.9700E-03  7.3100E-03  5.4500E-03
  2.7300E-03  1.1400E-03  4.8300E-04  2.7400E-04  2.2000E-04
  1.4000E-04  5.5000E-05  7.6000E-06  1.4000E-06  1.0000E-07
  3.5000E-09
  5.0800E-01  5.0800E-01  5.0800E-01  5.0700E-01  5.0500E-01
  4.9600E-01  4.7500E-01  4.4200E-01  3.9800E-01  3.4800E-01
  2.9500E-01  1.9600E-01  1.2100E-01  6.9800E-02  3.9000E-02
  2.1900E-02  1.3200E-02  7.8200E-03  7.3400E-03  5.2700E-03
  2.5400E-03  1.0400E-03  4.4200E-04  2.6400E-04  2.3000E-04
  1.4000E-04  5.1000E-05  6.6000E-06  1.1000E-06  7.3000E-08
  1.9000E-09