  1.3000E-01  1.3000E-01  1.3000E-01  1.3000E-01  1.3000E-01
  1.2900E-01  1.2900E-01  1.2800E-01  1.2700E-01  1.2600E-01
  1.2400E-01  1.2100E-01  1.1700E-01  1.1300E-01  1.0900E-01
  1.0400E-01  9.8700E-02  8.8100E-02  7.2400E-02  4.9500E-02
  3.2500E-02  2.0900E-02  1.3300E-02  8.5800E-03  3.7000E-03
  5.9000E-04  1.4000E-04  1.5000E-05  2.8000E-06  2.6000E-07
  1.3000E-08
  6.7200E-01  6.6900E-01  6.6000E-01  6.4600E-01  6.2500E-01
  5.7200E-01  5.0700E-01  4.3500E-01  3.6400E-01  2.9600E-01
  2.3600E-01  1.4200E-01  8.0700E-02  4.4300E-02  2.4400E-02
  1.4200E-02  9.5300E-03  6.9400E-03  6.7600E-03  5.2900E-03
  3.3300E-03  1.9500E-03  1.1400E-03  6.7400E-04  2.6000E-04
  3.5000E-05  7.5000E-06  7.6000E-07  1.4000E-07  1.3000E-08
  6.2000E-10
  4.0700E-01  4.0700E-01  4.0700E-01  4.0700E-01  4.0600E-01
  4.0100E-01  3.9000E-01  3.7200E-01  3.4800E-01  3.1900E-01
  2.8700E-01  2.2400E-01  1.6800E-01  1.2400E-01  9.0800E-02
  6.6200E-02  4.8400E-02  2.6100E-02  1.0900E-02  2.8700E-03
  8.8200E-04  3.0900E-04  1.2100E-04  5.2300E-05  1.2000E-05
  7.3000E-07  8.9000E-08  4.1000E-09  4.2000E-10  1.7000E-11
  3.0000E-13