 3.3600E-02  3.3600E-02  3.3600E-02  3.3600E-02  3.3600E-02
  3.3600E-02  3.3600E-02  3.3600E-02  3.3500E-02  3.3500E-02
  3.3500E-02  3.3400E-02  3.3400E-02  3.3300E-02  3.3200E-02
  3.3100E-02  3.3000E-02  3.2700E-02  3.2200E-02  3.1200E-02
  2.9900E-02  2.8400E-02  2.6800E-02  2.5100E-02  2.2000E-02
  1.4000E-02  7.8000E-03  2.4000E-03  8.1000E-04  1.2000E-04
  7.9000E-06
  1.2700E-01  1.2700E-01  1.2700E-01  1.2700E-01  1.2700E-01
  1.2700E-01  1.2600E-01  1.2500E-01  1.2400E-01  1.2300E-01
  1.2200E-01  1.1900E-01  1.1600E-01  1.1200E-01  1.0800E-01
  1.0300E-01  9.8300E-02  8.8000E-02  7.2100E-02  4.7600E-02
  2.8700E-02  1.6200E-02  8.8800E-03  5.1300E-03  2.9000E-03
  2.5000E-03  1.5000E-03  3.9000E-04  1.1000E-04  1.4000E-05
  7.9000E-07
  6.5000E-02  6.5000E-02  6.5000E-02  6.5000E-02  6.5000E-02
  6.5000E-02  6.5000E-02  6.5000E-02  6.5000E-02  6.5000E-02
  6.5000E-02  6.4900E-02  6.4900E-02  6.4800E-02  6.4600E-02
  6.4400E-02  6.4100E-02  6.3200E-02  6.1200E-02  5.5900E-02
  4.8500E-02  4.0300E-02  3.2200E-02  2.5000E-02  1.4000E-02
  3.2000E-03  7.7000E-04  6.9000E-05  9.9000E-06  5.3000E-07
  1.1000E-08
  3.5500E-01  3.5400E-01  3.5300E-01  3.5000E-01  3.4700E-01
  3.3700E-01  3.2400E-01  3.0900E-01  2.9000E-01  2.7000E-01
  2.4900E-01  2.0500E-01  1.6300E-01  1.2500E-01  9.3500E-02
  6.8400E-02  4.9600E-02  2.7500E-02  1.7300E-02  1.6300E-02
  1.3000E-02  8.0600E-03  4.2900E-03  2.0900E-03  5.7000E-04
  3.7000E-04  2.3000E-04  5.9000E-05  1.6000E-05  2.0000E-06
  1.1000E-07
  2.2300E-01  2.2300E-01  2.2300E-01  2.2300E-01  2.2300E-01
  2.2300E-01  2.2200E-01  2.2100E-01  2.2000E-01  2.1700E-01
  2.1400E-01  2.0300E-01  1.8900E-01  1.7100E-01  1.5100E-01
  1.3100E-01  1.1000E-01  7.4300E-02  3.6700E-02  1.0200E-02
  4.5400E-03  4.0300E-03  3.9400E-03  3.5100E-03  2.3000E-03
  5.1000E-04  1.2000E-04  9.9000E-06  1.4000E-06  7.1000E-08
  1.4000E-09
  2.0100E-01  2.0100E-01  2.0100E-01  2.0100E-01  2.0100E-01
  2.0100E-01  2.0100E-01  2.0000E-01  1.9900E-01  1.9700E-01
  1.9500E-01  1.8600E-01  1.7400E-01  1.5900E-01  1.4300E-01
  1.2700E-01  1.1200E-01  8.4500E-02  5.4100E-02  2.5000E-02
  1.1700E-02  5.5300E-03  2.7000E-03  1.3600E-03  3.8000E-04
  2.5000E-05  2.9000E-06  9.6000E-08  7.2000E-09  1.6000E-10
  1.3000E-12
  1.5500E+00  1.5100E+00  1.4100E+00  1.2500E+00  1.0700E+00
  6.9000E-01  3.8700E-01  1.9600E-01  9.4600E-02  4.9200E-02
  3.2400E-02  2.7300E-02  2.6400E-02  2.2400E-02  1.7100E-02
  1.2100E-02  8.1500E-03  3.4300E-03  1.1300E-03  8.0000E-04
  6.8600E-04  4.4200E-04  2.3700E-04  1.1500E-04  2.9000E-05
  1.7000E-05  1.1000E-05  2.7000E-06  7.5000E-07  9.1000E-08
  5.1000E-09