  7.4500E-02  7.4500E-02  7.4500E-02  7.4500E-02  7.4400E-02
  7.4300E-02  7.4200E-02  7.4000E-02  7.3800E-02  7.3600E-02
  7.3300E-02  7.2700E-02  7.2000E-02  7.1100E-02  7.0100E-02
  6.9000E-02  6.7800E-02  6.5100E-02  6.0500E-02  5.2100E-02
  4.3500E-02  3.5400E-02  2.8300E-02  2.2300E-02  1.4000E-02
  3.8000E-03  1.2000E-03  1.7000E-04  3.6000E-05  3.7000E-06
  1.9000E-07
  3.4200E-01  3.4200E-01  3.4000E-01  3.3800E-01  3.3600E-01
  3.2800E-01  3.1700E-01  3.0500E-01  2.9000E-01  2.7300E-01
  2.5500E-01  2.1800E-01  1.8100E-01  1.4600E-01  1.1500E-01
  8.8300E-02  6.6700E-02  3.6400E-02  1.4300E-02  5.1700E-03
  4.5900E-03  4.4100E-03  3.7900E-03  3.0200E-03  1.7000E-03
  3.9000E-04  1.0000E-04  1.3000E-05  2.6000E-06  2.5000E-07
  1.2000E-08
  1.9200E-01  1.9200E-01  1.9200E-01  1.9200E-01  1.9200E-01
  1.9200E-01  1.9100E-01  1.9100E-01  1.9000E-01  1.8800E-01
  1.8600E-01  1.7900E-01  1.6900E-01  1.5800E-01  1.4400E-01
  1.3000E-01  1.1600E-01  8.9400E-02  5.7800E-02  2.6700E-02
  1.2400E-02  5.9300E-03  2.9500E-03  1.5200E-03  4.5000E-04
  3.7000E-05  5.2000E-06  2.8000E-07  3.2000E-08  1.4000E-09
  2.4000E-11
  1.5900E+00  1.5500E+00  1.4400E+00  1.2800E+00  1.0900E+00
  6.9600E-01  3.8700E-01  1.9300E-01  9.1100E-02  4.4900E-02
  2.7200E-02  2.1200E-02  2.0700E-02  1.8100E-02  1.4400E-02
  1.0700E-02  7.6300E-03  3.6400E-03  1.1200E-03  2.3700E-04
  1.7400E-04  1.7000E-04  1.4800E-04  1.1800E-04  6.7000E-05
  1.5000E-05  3.9000E-06  4.7000E-07  9.6000E-08  9.3000E-09
  4.5000E-10