  2.0900E-02  2.0900E-02  2.0900E-02  2.0900E-02  2.0900E-02
  2.0900E-02  2.0900E-02  2.0900E-02  2.0900E-02  2.0900E-02
  2.0900E-02  2.0900E-02  2.0800E-02  2.0800E-02  2.0800E-02
  2.0800E-02  2.0700E-02  2.0700E-02  2.0500E-02  2.0300E-02
  1.9900E-02  1.9500E-02  1.9100E-02  1.8600E-02  1.7000E-02
  1.4000E-02  1.1000E-02  5.6000E-03  2.8000E-03  7.0000E-04
  7.8000E-05
  7.6200E-02  7.6200E-02  7.6200E-02  7.6200E-02  7.6100E-02
  7.6100E-02  7.5900E-02  7.5800E-02  7.5600E-02  7.5300E-02
  7.5100E-02  7.4400E-02  7.3700E-02  7.2800E-02  7.1700E-02
  7.0600E-02  6.9300E-02  6.6600E-02  6.1700E-02  5.2600E-02
  4.3000E-02  3.3800E-02  2.5700E-02  1.8900E-02  9.5000E-03
  2.2000E-03  1.8000E-03  1.2000E-03  5.6000E-04  1.2000E-04
  1.0000E-05
  3.8200E-02  3.8200E-02  3.8200E-02  3.8200E-02  3.8200E-02
  3.8200E-02  3.8200E-02  3.8200E-02  3.8200E-02  3.8200E-02
  3.8200E-02  3.8200E-02  3.8200E-02  3.8200E-02  3.8200E-02
  3.8200E-02  3.8100E-02  3.8100E-02  3.7900E-02  3.7200E-02
  3.6100E-02  3.4500E-02  3.2400E-02  2.9900E-02  2.4000E-02
  1.2000E-02  5.0000E-03  8.7000E-04  1.9000E-04  1.6000E-05
  6.1000E-07
  3.9200E-02  3.9200E-02  3.9200E-02  3.9200E-02  3.9200E-02
  3.9200E-02  3.9200E-02  3.9200E-02  3.9200E-02  3.9200E-02
  3.9200E-02  3.9200E-02  3.9200E-02  3.9200E-02  3.9200E-02
  3.9200E-02  3.9200E-02  3.9100E-02  3.8900E-02  3.8200E-02
  3.7000E-02  3.5200E-02  3.2900E-02  3.0200E-02  2.4000E-02
  1.1000E-02  4.6000E-03  7.6000E-04  1.5000E-04  1.1000E-05
  3.2000E-07
  1.8900E-01  1.8900E-01  1.8900E-01  1.8800E-01  1.8800E-01
  1.8600E-01  1.8400E-01  1.8100E-01  1.7800E-01  1.7400E-01
  1.7000E-01  1.6000E-01  1.4900E-01  1.3700E-01  1.2500E-01
  1.1200E-01  9.9300E-02  7.5800E-02  4.7400E-02  2.0700E-02
  1.2400E-02  1.1300E-02  1.1100E-02  9.9800E-03  6.1000E-03
  8.1000E-04  3.1000E-04  2.3000E-04  1.1000E-04  2.2000E-05
  1.9000E-06
  1.1400E-01  1.1400E-01  1.1400E-01  1.1400E-01  1.1400E-01
  1.1400E-01  1.1400E-01  1.1300E-01  1.1300E-01  1.1300E-01
  1.1300E-01  1.1300E-01  1.1200E-01  1.1100E-01  1.0900E-01
  1.0600E-01  1.0400E-01  9.6000E-02  8.1300E-02  5.3600E-02
  3.0400E-02  1.5500E-02  7.7500E-03  4.4200E-03  3.0000E-03
  2.4000E-03  1.1000E-03  1.9000E-04  3.9000E-05  3.1000E-06
  1.2000E-07
  1.1600E-01  1.1600E-01  1.1600E-01  1.1600E-01  1.1600E-01
  1.1600E-01  1.1600E-01  1.1600E-01  1.1600E-01  1.1600E-01
  1.1500E-01  1.1500E-01  1.1400E-01  1.1300E-01  1.1100E-01
  1.0800E-01  1.0500E-01  9.6900E-02  8.1200E-02  5.2400E-02
  2.9000E-02  1.4500E-02  7.2100E-03  4.2300E-03  3.1000E-03
  2.4000E-03  1.1000E-03  1.7000E-04  3.1000E-05  2.2000E-06
  6.0000E-08
  8.1600E-02  8.1600E-02  8.1600E-02  8.1600E-02  8.1600E-02
  8.1600E-02  8.1600E-02  8.1600E-02  8.1600E-02  8.1600E-02
  8.1600E-02  8.1600E-02  8.1500E-02  8.1400E-02  8.1200E-02
  8.0800E-02  8.0300E-02  7.8600E-02  7.4300E-02  6.2600E-02
  4.8400E-02  3.5200E-02  2.4600E-02  1.6800E-02  7.6000E-03
  1.1000E-03  1.9000E-04  1.1000E-05  1.1000E-06  3.4000E-08
  4.4000E-10
  8.2300E-02  8.2300E-02  8.2300E-02  8.2300E-02  8.2300E-02
  8.2300E-02  8.2300E-02  8.2300E-02  8.2300E-02  8.2300E-02
  8.2300E-02  8.2200E-02  8.2200E-02  8.2000E-02  8.1800E-02
  8.1500E-02  8.0900E-02  7.9200E-02  7.4700E-02  6.2700E-02
  4.8200E-02  3.4900E-02  2.4300E-02  1.6500E-02  7.4000E-03
  1.1000E-03  1.8000E-04  9.7000E-06  9.4000E-07  2.8000E-08
  2.9000E-10
  5.0100E-01  5.0000E-01  4.9600E-01  4.8800E-01  4.7900E-01
  4.5200E-01  4.1700E-01  3.7700E-01  3.3300E-01  2.8800E-01
  2.4500E-01  1.6700E-01  1.0800E-01  6.8600E-02  4.5800E-02
  3.4500E-02  3.0200E-02  2.9100E-02  2.5800E-02  1.2100E-02
  4.0100E-03  1.9000E-03  1.6900E-03  1.6400E-03  1.1000E-03
  1.4000E-04  4.5000E-05  3.4000E-05  1.6000E-05  3.1000E-06
  2.7000E-07
  3.3900E-01  3.3900E-01  3.3900E-01  3.3900E-01  3.3800E-01
  3.3700E-01  3.3300E-01  3.2700E-01  3.1700E-01  3.0400E-01
  2.8700E-01  2.4400E-01  1.9500E-01  1.4700E-01  1.0600E-01
  7.3100E-02  4.8800E-02  2.1500E-02  1.0200E-02  9.1700E-03
  6.6900E-03  3.6700E-03  1.7300E-03  8.1400E-04  3.6000E-04
  2.9000E-04  1.4000E-04  2.3000E-05  4.7000E-06  3.8000E-07
  1.4000E-08
  3.4200E-01  3.4200E-01  3.4200E-01  3.4200E-01  3.4200E-01
  3.4100E-01  3.3700E-01  3.3100E-01  3.2100E-01  3.0600E-01
  2.8900E-01  2.4400E-01  1.9400E-01  1.4500E-01  1.0300E-01
  7.0500E-02  4.6600E-02  2.0400E-02  1.0300E-02  9.3800E-03
  6.5900E-03  3.4900E-03  1.6000E-03  7.5300E-04  3.7000E-04
  2.9000E-04  1.3000E-04  2.1000E-05  3.9000E-06  2.7000E-07
  7.3000E-09
  3.9300E-01  3.9300E-01  3.9300E-01  3.9300E-01  3.9300E-01
  3.9200E-01  3.8700E-01  3.7500E-01  3.5700E-01  3.3200E-01
  3.0300E-01  2.3800E-01  1.7800E-01  1.2800E-01  8.9400E-02
  6.1300E-02  4.1400E-02  1.8300E-02  5.4800E-03  1.9700E-03
  1.8800E-03  1.6600E-03  1.2800E-03  9.2000E-04  4.4000E-04
  6.5000E-05  1.1000E-05  6.2000E-07  6.1000E-08  2.0000E-09
  2.6000E-11
  1.8000E+00  1.7400E+00  1.5800E+00  1.3400E+00  1.0700E+00
  5.7900E-01  2.6400E-01  1.1500E-01  6.4500E-02  5.3700E-02
  5.3100E-02  4.7100E-02  3.3100E-02  1.9800E-02  1.0800E-02
  5.8100E-03  3.4500E-03  2.2900E-03  2.1700E-03  1.1200E-03
  3.6300E-04  1.4900E-04  1.2400E-04  1.2200E-04  8.3000E-05
  1.1000E-05  3.3000E-06  2.5000E-06  1.2000E-06  2.3000E-07
  2.0000E-08