  1.1700E-02  1.1700E-02  1.1700E-02  1.1700E-02  1.1700E-02
  1.1700E-02  1.1700E-02  1.1700E-02  1.1700E-02  1.1700E-02
  1.1700E-02  1.1700E-02  1.1700E-02  1.1700E-02  1.1700E-02
  1.1700E-02  1.1700E-02  1.1700E-02  1.1700E-02  1.1600E-02
  1.1600E-02  1.1500E-02  1.1400E-02  1.1300E-02  1.1000E-02
  1.0000E-02  9.3000E-03  7.1000E-03  5.1000E-03  2.4000E-03
  5.4000E-04
  4.1800E-02  4.1800E-02  4.1800E-02  4.1800E-02  4.1800E-02
  4.1700E-02  4.1700E-02  4.1700E-02  4.1700E-02  4.1600E-02
  4.1600E-02  4.1500E-02  4.1300E-02  4.1200E-02  4.1000E-02
  4.0800E-02  4.0600E-02  4.0100E-02  3.9200E-02  3.7300E-02
  3.5000E-02  3.2400E-02  2.9600E-02  2.6700E-02  2.1000E-02
  9.4000E-03  3.6000E-03  1.1000E-03  1.0000E-03  5.7000E-04
  1.1000E-04
  2.0600E-02  2.0600E-02  2.0600E-02  2.0600E-02  2.0600E-02
  2.0600E-02  2.0600E-02  2.0600E-02  2.0600E-02  2.0600E-02
  2.0600E-02  2.0600E-02  2.0600E-02  2.0600E-02  2.0600E-02
  2.0600E-02  2.0600E-02  2.0600E-02  2.0600E-02  2.0500E-02
  2.0500E-02  2.0300E-02  2.0200E-02  1.9900E-02  1.9000E-02
  1.6000E-02  1.2000E-02  5.2000E-03  2.0000E-03  3.5000E-04
  2.4000E-05
  2.2200E-02  2.2200E-02  2.2200E-02  2.2200E-02  2.2200E-02
  2.2200E-02  2.2200E-02  2.2200E-02  2.2200E-02  2.2200E-02
  2.2200E-02  2.2200E-02  2.2200E-02  2.2200E-02  2.2200E-02
  2.2200E-02  2.2200E-02  2.2200E-02  2.2200E-02  2.2200E-02
  2.2100E-02  2.1900E-02  2.1700E-02  2.1300E-02  2.0000E-02
  1.6000E-02  1.1000E-02  4.5000E-03  1.6000E-03  2.2000E-04
  9.8000E-06
  9.3100E-02  9.3100E-02  9.3000E-02  9.3000E-02  9.2900E-02
  9.2700E-02  9.2500E-02  9.2100E-02  9.1700E-02  9.1200E-02
  9.0600E-02  8.9300E-02  8.7600E-02  8.5700E-02  8.3600E-02
  8.1300E-02  7.8800E-02  7.3200E-02  6.4100E-02  4.8300E-02
  3.4100E-02  2.2900E-02  1.5100E-02  1.0500E-02  7.2000E-03
  6.2000E-03  3.0000E-03  3.4000E-04  2.2000E-04  1.4000E-04
  2.6000E-05
  5.4900E-02  5.4900E-02  5.4900E-02  5.4900E-02  5.4900E-02
  5.4900E-02  5.4900E-02  5.4900E-02  5.4900E-02  5.4900E-02
  5.4900E-02  5.4900E-02  5.4800E-02  5.4800E-02  5.4700E-02
  5.4600E-02  5.4500E-02  5.4200E-02  5.3300E-02  5.0600E-02
  4.6100E-02  4.0300E-02  3.3700E-02  2.7000E-02  1.5000E-02
  3.1000E-03  2.0000E-03  1.4000E-03  6.0000E-04  9.9000E-05
  6.2000E-06
  5.7700E-02  5.7700E-02  5.7700E-02  5.7700E-02  5.7700E-02
  5.7700E-02  5.7700E-02  5.7700E-02  5.7700E-02  5.7700E-02
  5.7700E-02  5.7700E-02  5.7700E-02  5.7600E-02  5.7500E-02
  5.7400E-02  5.7300E-02  5.6800E-02  5.5700E-02  5.2300E-02
  4.7000E-02  4.0300E-02  3.2800E-02  2.5500E-02  1.4000E-02
  2.8000E-03  2.2000E-03  1.3000E-03  4.9000E-04  6.4000E-05
  2.7000E-06
  3.7800E-02  3.7800E-02  3.7800E-02  3.7800E-02  3.7800E-02
  3.7800E-02  3.7800E-02  3.7800E-02  3.7800E-02  3.7800E-02
  3.7800E-02  3.7800E-02  3.7800E-02  3.7800E-02  3.7800E-02
  3.7800E-02  3.7800E-02  3.7700E-02  3.7700E-02  3.7500E-02
  3.6900E-02  3.5700E-02  3.4000E-02  3.1700E-02  2.6000E-02
  1.2000E-02  4.3000E-03  5.7000E-04  9.2000E-05  4.7000E-06
  7.7000E-08
  3.8400E-02  3.8400E-02  3.8400E-02  3.8400E-02  3.8400E-02
  3.8400E-02  3.8400E-02  3.8400E-02  3.8400E-02  3.8400E-02
  3.8400E-02  3.8400E-02  3.8400E-02  3.8400E-02  3.8400E-02
  3.8400E-02  3.8300E-02  3.8300E-02  3.8300E-02  3.8000E-02
  3.7400E-02  3.6200E-02  3.4300E-02  3.1900E-02  2.6000E-02
  1.1000E-02  4.1000E-03  5.1000E-04  7.8000E-05  3.6000E-06
  4.6000E-08
  1.9900E-01  1.9800E-01  1.9800E-01  1.9800E-01  1.9700E-01
  1.9500E-01  1.9200E-01  1.8900E-01  1.8400E-01  1.8000E-01
  1.7400E-01  1.6200E-01  1.4800E-01  1.3300E-01  1.1800E-01
  1.0400E-01  8.9400E-02  6.4700E-02  3.8300E-02  2.0300E-02
  1.8100E-02  1.7400E-02  1.4300E-02  9.9600E-03  3.7000E-03
  1.6000E-03  9.6000E-04  9.9000E-05  5.0000E-05  3.2000E-05
  6.0000E-06
  1.2600E-01  1.2600E-01  1.2600E-01  1.2600E-01  1.2600E-01
  1.2600E-01  1.2600E-01  1.2600E-01  1.2600E-01  1.2600E-01
  1.2600E-01  1.2500E-01  1.2300E-01  1.2100E-01  1.1800E-01
  1.1400E-01  1.1000E-01  9.8000E-02  7.6700E-02  4.2100E-02
  1.9700E-02  1.0000E-02  7.4900E-03  7.2800E-03  6.3000E-03
  1.4000E-03  4.1000E-04  3.2000E-04  1.4000E-04  2.3000E-05
  1.4000E-06
  1.3300E-01  1.3300E-01  1.3300E-01  1.3300E-01  1.3300E-01
  1.3300E-01  1.3300E-01  1.3300E-01  1.3300E-01  1.3200E-01
  1.3200E-01  1.3100E-01  1.2900E-01  1.2600E-01  1.2300E-01
  1.1800E-01  1.1200E-01  9.8600E-02  7.4500E-02  3.8100E-02
  1.7000E-02  9.2300E-03  7.7400E-03  7.6700E-03  6.1000E-03
  1.1000E-03  4.5000E-04  3.1000E-04  1.2000E-04  1.5000E-05
  6.2000E-07
  1.0400E-01  1.0400E-01  1.0400E-01  1.0400E-01  1.0400E-01
  1.0400E-01  1.0400E-01  1.0400E-01  1.0400E-01  1.0400E-01
  1.0400E-01  1.0400E-01  1.0400E-01  1.0300E-01  1.0300E-01
  1.0200E-01  1.0000E-01  9.5400E-02  8.4300E-02  5.9400E-02
  3.5500E-02  1.8800E-02  9.3700E-03  4.9600E-03  2.9000E-03
  2.3000E-03  1.0000E-03  1.4000E-04  2.2000E-05  1.1000E-06
  1.8000E-08
  1.0600E-01  1.0600E-01  1.0600E-01  1.0600E-01  1.0600E-01
  1.0600E-01  1.0600E-01  1.0600E-01  1.0600E-01  1.0600E-01
  1.0600E-01  1.0600E-01  1.0600E-01  1.0500E-01  1.0400E-01
  1.0300E-01  1.0200E-01  9.6500E-02  8.4700E-02  5.8600E-02
  3.4400E-02  1.7900E-02  8.7900E-03  4.6900E-03  2.9000E-03
  2.2000E-03  9.4000E-04  1.2000E-04  1.9000E-05  8.3000E-07
  1.1000E-08
  1.1300E-01  1.1300E-01  1.1300E-01  1.1300E-01  1.1300E-01
  1.1300E-01  1.1300E-01  1.1300E-01  1.1300E-01  1.1300E-01
  1.1300E-01  1.1200E-01  1.1100E-01  1.0900E-01  1.0700E-01
  1.0300E-01  9.9600E-02  9.0900E-02  7.6500E-02  5.3800E-02
  3.6000E-02  2.3500E-02  1.5100E-02  9.6600E-03  3.9000E-03
  4.6000E-04  6.7000E-05  2.7000E-06  2.0000E-07  3.8000E-09
  2.0000E-11
  1.1700E-01  1.1700E-01  1.1700E-01  1.1700E-01  1.1700E-01
  1.1700E-01  1.1700E-01  1.1700E-01  1.1700E-01  1.1700E-01
  1.1700E-01  1.1600E-01  1.1400E-01  1.1200E-01  1.0900E-01
  1.0500E-01  1.0100E-01  9.0900E-02  7.5600E-02  5.2400E-02
  3.4800E-02  2.2500E-02  1.4400E-02  9.1600E-03  3.7000E-03
  4.3000E-04  6.1000E-05  2.4000E-06  1.7000E-07  3.0000E-09
  1.3000E-11
  5.3500E-01  5.3300E-01  5.2800E-01  5.1900E-01  5.0700E-01
  4.7400E-01  4.3200E-01  3.8300E-01  3.3200E-01  2.8100E-01
  2.3200E-01  1.5000E-01  9.2500E-02  5.8300E-02  4.1200E-02
  3.4700E-02  3.3200E-02  3.2600E-02  2.5000E-02  8.9900E-03
  3.4000E-03  2.8600E-03  2.6900E-03  2.0600E-03  7.9000E-04
  2.4000E-04  1.5000E-04  1.5000E-05  7.4000E-06  4.9000E-06
  9.0000E-07
  3.6400E-01  3.6400E-01  3.6400E-01  3.6400E-01  3.6400E-01
  3.6200E-01  3.5700E-01  3.4900E-01  3.3500E-01  3.1700E-01
  2.9500E-01  2.4100E-01  1.8300E-01  1.3100E-01  8.8200E-02
  5.7100E-02  3.6400E-02  1.6900E-02  1.1900E-02  1.0300E-02
  5.6100E-03  2.3600E-03  1.1300E-03  8.8200E-04  8.2000E-04
  2.0000E-04  5.1000E-05  3.9000E-05  1.8000E-05  2.9000E-06
  1.8000E-07
  3.9400E-01  3.9400E-01  3.9400E-01  3.9400E-01  3.9300E-01
  3.9000E-01  3.8400E-01  3.7200E-01  3.5400E-01  3.3000E-01
  3.0100E-01  2.3600E-01  1.7100E-01  1.1500E-01  7.3700E-02
  4.5500E-02  2.8300E-02  1.4200E-02  1.1900E-02  9.2800E-03
  4.4100E-03  1.7400E-03  9.5600E-04  8.5900E-04  7.5000E-04
  1.4000E-04  5.1000E-05  3.5000E-05  1.3000E-05  1.7000E-06
  7.1000E-08
  2.0100E+00  1.9300E+00  1.7100E+00  1.4000E+00  1.0700E+00
  5.1100E-01  2.0300E-01  8.5900E-02  5.7400E-02  5.4700E-02
  5.3600E-02  4.1000E-02  2.4600E-02  1.2800E-02  6.4000E-03
  3.5100E-03  2.4800E-03  2.2200E-03  1.8800E-03  7.0300E-04
  2.3200E-04  1.7900E-04  1.7000E-04  1.3300E-04  5.1000E-05
  1.5000E-05  9.5000E-06  9.6000E-07  4.6000E-07  3.0000E-07
  5.6000E-08