  1.9800E-02  1.9800E-02  1.9800E-02  1.9800E-02  1.9800E-02
  1.9800E-02  1.9800E-02  1.9800E-02  1.9800E-02  1.9800E-02
  1.9800E-02  1.9800E-02  1.9800E-02  1.9700E-02  1.9700E-02
  1.9700E-02  1.9700E-02  1.9600E-02  1.9500E-02  1.9300E-02
  1.9000E-02  1.8600E-02  1.8200E-02  1.7800E-02  1.7000E-02
  1.4000E-02  1.1000E-02  5.9000E-03  3.0000E-03  8.2000E-04
  9.7000E-05
  7.2000E-02  7.2000E-02  7.2000E-02  7.2000E-02  7.1900E-02
  7.1900E-02  7.1700E-02  7.1600E-02  7.1400E-02  7.1200E-02
  7.1000E-02  7.0500E-02  6.9800E-02  6.9100E-02  6.8200E-02
  6.7200E-02  6.6200E-02  6.3800E-02  5.9600E-02  5.1600E-02
  4.3100E-02  3.4700E-02  2.7100E-02  2.0500E-02  1.1000E-02
  2.4000E-03  1.7000E-03  1.3000E-03  6.4000E-04  1.4000E-04
  1.3000E-05
  3.6000E-02  3.6000E-02  3.6000E-02  3.6000E-02  3.6000E-02
  3.6000E-02  3.6000E-02  3.6000E-02  3.6000E-02  3.6000E-02
  3.6000E-02  3.6000E-02  3.6000E-02  3.6000E-02  3.6000E-02
  3.6000E-02  3.6000E-02  3.5900E-02  3.5800E-02  3.5300E-02
  3.4400E-02  3.3100E-02  3.1400E-02  2.9300E-02  2.4000E-02
  1.3000E-02  5.7000E-03  1.1000E-03  2.5000E-04  2.2000E-05
  8.8000E-07
  3.7100E-02  3.7100E-02  3.7100E-02  3.7100E-02  3.7100E-02
  3.7100E-02  3.7100E-02  3.7100E-02  3.7100E-02  3.7100E-02
  3.7100E-02  3.7100E-02  3.7100E-02  3.7100E-02  3.7100E-02
  3.7100E-02  3.7000E-02  3.7000E-02  3.6800E-02  3.6300E-02
  3.5300E-02  3.3900E-02  3.2000E-02  2.9700E-02  2.4000E-02
  1.2000E-02  5.3000E-03  9.5000E-04  2.0000E-04  1.5000E-05
  4.5000E-07
  1.7600E-01  1.7600E-01  1.7600E-01  1.7500E-01  1.7500E-01
  1.7400E-01  1.7200E-01  1.7000E-01  1.6700E-01  1.6400E-01
  1.6000E-01  1.5200E-01  1.4300E-01  1.3300E-01  1.2200E-01
  1.1100E-01  1.0000E-01  7.9000E-02  5.1900E-02  2.3800E-02
  1.3100E-02  1.0900E-02  1.0800E-02  1.0200E-02  7.0000E-03
  1.1000E-03  3.2000E-04  2.5000E-04  1.3000E-04  2.7000E-05
  2.5000E-06
  1.0500E-01  1.0500E-01  1.0500E-01  1.0500E-01  1.0500E-01
  1.0500E-01  1.0500E-01  1.0500E-01  1.0500E-01  1.0500E-01
  1.0500E-01  1.0500E-01  1.0400E-01  1.0300E-01  1.0200E-01
  1.0000E-01  9.8100E-02  9.2400E-02  8.0700E-02  5.6900E-02
  3.4900E-02  1.9200E-02  1.0000E-02  5.4800E-03  3.0000E-03
  2.5000E-03  1.3000E-03  2.5000E-04  5.3000E-05  4.5000E-06
  1.7000E-07
  1.0800E-01  1.0800E-01  1.0800E-01  1.0800E-01  1.0800E-01
  1.0800E-01  1.0800E-01  1.0800E-01  1.0800E-01  1.0700E-01
  1.0700E-01  1.0700E-01  1.0600E-01  1.0500E-01  1.0400E-01
  1.0200E-01  9.9700E-02  9.3500E-02  8.1000E-02  5.6000E-02
  3.3600E-02  1.8000E-02  9.2600E-03  5.1300E-03  3.1000E-03
  2.5000E-03  1.3000E-03  2.2000E-04  4.3000E-05  3.2000E-06
  8.9000E-08
  7.4700E-02  7.4700E-02  7.4700E-02  7.4700E-02  7.4700E-02
  7.4700E-02  7.4700E-02  7.4700E-02  7.4700E-02  7.4700E-02
  7.4700E-02  7.4700E-02  7.4600E-02  7.4600E-02  7.4400E-02
  7.4300E-02  7.4000E-02  7.3000E-02  7.0100E-02  6.1700E-02
  5.0200E-02  3.8400E-02  2.8000E-02  1.9900E-02  9.6000E-03
  1.5000E-03  2.9000E-04  1.7000E-05  1.8000E-06  5.8000E-08
  7.4000E-10
  7.5400E-02  7.5400E-02  7.5400E-02  7.5400E-02  7.5400E-02
  7.5400E-02  7.5400E-02  7.5400E-02  7.5400E-02  7.5400E-02
  7.5400E-02  7.5400E-02  7.5300E-02  7.5300E-02  7.5200E-02
  7.4900E-02  7.4600E-02  7.3600E-02  7.0600E-02  6.1900E-02
  5.0100E-02  3.8100E-02  2.7700E-02  1.9600E-02  9.4000E-03
  1.5000E-03  2.7000E-04  1.5000E-05  1.5000E-06  4.6000E-08
  4.9000E-10
  4.5600E-01  4.5500E-01  4.5200E-01  4.4600E-01  4.3900E-01
  4.1800E-01  3.9000E-01  3.5800E-01  3.2200E-01  2.8500E-01
  2.4800E-01  1.7900E-01  1.2300E-01  8.1700E-02  5.4800E-02
  3.9300E-02  3.1600E-02  2.7900E-02  2.6800E-02  1.5600E-02
  5.9700E-03  2.4100E-03  1.7600E-03  1.7300E-03  1.3000E-03
  2.2000E-04  5.0000E-05  3.9000E-05  2.0000E-05  4.2000E-06
  3.8000E-07
  3.0600E-01  3.0600E-01  3.0600E-01  3.0600E-01  3.0600E-01
  3.0500E-01  3.0300E-01  2.9800E-01  2.9200E-01  2.8300E-01
  2.7000E-01  2.3900E-01  2.0000E-01  1.6000E-01  1.2300E-01
  9.0200E-02  6.4300E-02  3.0800E-02  1.2200E-02  9.2600E-03
  7.8700E-03  4.9800E-03  2.6100E-03  1.2700E-03  4.3000E-04
  3.3000E-04  1.8000E-04  3.4000E-05  7.1000E-06  6.0000E-07
  2.3000E-08
  3.0900E-01  3.0900E-01  3.0900E-01  3.0900E-01  3.0900E-01
  3.0800E-01  3.0600E-01  3.0200E-01  2.9500E-01  2.8500E-01
  2.7300E-01  2.4000E-01  2.0000E-01  1.5900E-01  1.2100E-01
  8.7800E-02  6.1800E-02  2.9200E-02  1.2000E-02  9.5900E-03
  7.8900E-03  4.8000E-03  2.4400E-03  1.1700E-03  4.3000E-04
  3.4000E-04  1.7000E-04  3.0000E-05  5.9000E-06  4.3000E-07
  1.2000E-08
  3.4700E-01  3.4700E-01  3.4700E-01  3.4700E-01  3.4700E-01
  3.4600E-01  3.4300E-01  3.3600E-01  3.2500E-01  3.0800E-01
  2.8700E-01  2.4000E-01  1.9100E-01  1.4700E-01  1.1100E-01
  8.1500E-02  5.9200E-02  3.0000E-02  1.0300E-02  2.5600E-03
  2.0000E-03  1.9300E-03  1.6300E-03  1.2500E-03  6.5000E-04
  1.1000E-04  2.0000E-05  1.2000E-06  1.2000E-07  4.0000E-09
  5.2000E-11
  3.5700E-01  3.5700E-01  3.5700E-01  3.5700E-01  3.5700E-01
  3.5600E-01  3.5200E-01  3.4400E-01  3.3000E-01  3.1100E-01
  2.8800E-01  2.3700E-01  1.8700E-01  1.4300E-01  1.0600E-01
  7.8000E-02  5.6300E-02  2.8300E-02  9.6300E-03  2.4500E-03
  1.9700E-03  1.8900E-03  1.5900E-03  1.2100E-03  6.2000E-04
  1.0000E-04  1.9000E-05  1.0000E-06  1.0000E-07  3.1000E-09
  3.4000E-11
  1.8200E+00  1.7600E+00  1.6000E+00  1.3600E+00  1.0900E+00
  5.9000E-01  2.6900E-01  1.1400E-01  5.7600E-02  4.3500E-02
  4.2000E-02  3.9000E-02  2.9500E-02  1.9200E-02  1.1400E-02
  6.5100E-03  3.7900E-03  1.9300E-03  1.7400E-03  1.1500E-03
  4.5100E-04  1.6400E-04  1.0700E-04  1.0400E-04  8.2000E-05
  1.3000E-05  3.0000E-06  2.3000E-06  1.2000E-06  2.5000E-07
  2.3000E-08