  9.9700E-03  9.9700E-03  9.9700E-03  9.9700E-03  9.9700E-03
  9.9700E-03  9.9700E-03  9.9700E-03  9.9700E-03  9.9700E-03
  9.9700E-03  9.9700E-03  9.9600E-03  9.9600E-03  9.9600E-03
  9.9600E-03  9.9500E-03  9.9400E-03  9.9300E-03  9.9000E-03
  9.8600E-03  9.8100E-03  9.7500E-03  9.6800E-03  9.5000E-03
  9.0000E-03  8.3000E-03  6.8000E-03  5.3000E-03  2.9000E-03
  8.0000E-04
  3.5400E-02  3.5400E-02  3.5400E-02  3.5400E-02  3.5400E-02
  3.5400E-02  3.5400E-02  3.5400E-02  3.5400E-02  3.5300E-02
  3.5300E-02  3.5300E-02  3.5200E-02  3.5100E-02  3.5000E-02
  3.4800E-02  3.4700E-02  3.4400E-02  3.3800E-02  3.2600E-02
  3.1100E-02  2.9400E-02  2.7600E-02  2.5500E-02  2.1000E-02
  1.2000E-02  5.5000E-03  1.2000E-03  8.7000E-04  6.8000E-04
  1.8000E-04
  1.7300E-02  1.7300E-02  1.7300E-02  1.7300E-02  1.7300E-02
  1.7300E-02  1.7300E-02  1.7300E-02  1.7300E-02  1.7300E-02
  1.7300E-02  1.7300E-02  1.7300E-02  1.7300E-02  1.7300E-02
  1.7300E-02  1.7300E-02  1.7300E-02  1.7300E-02  1.7300E-02
  1.7300E-02  1.7200E-02  1.7100E-02  1.7000E-02  1.7000E-02
  1.5000E-02  1.2000E-02  6.6000E-03  3.1000E-03  6.8000E-04
  5.8000E-05
  1.9200E-02  1.9200E-02  1.9200E-02  1.9200E-02  1.9200E-02
  1.9200E-02  1.9200E-02  1.9200E-02  1.9200E-02  1.9200E-02
  1.9200E-02  1.9200E-02  1.9200E-02  1.9200E-02  1.9200E-02
  1.9200E-02  1.9200E-02  1.9200E-02  1.9200E-02  1.9200E-02
  1.9100E-02  1.9100E-02  1.8900E-02  1.8800E-02  1.8000E-02
  1.6000E-02  1.2000E-02  5.8000E-03  2.4000E-03  4.1000E-04
  2.2000E-05
  7.8100E-02  7.8100E-02  7.8100E-02  7.8000E-02  7.8000E-02
  7.7900E-02  7.7700E-02  7.7500E-02  7.7300E-02  7.7000E-02
  7.6600E-02  7.5800E-02  7.4800E-02  7.3700E-02  7.2400E-02
  7.0900E-02  6.9400E-02  6.5800E-02  5.9900E-02  4.8900E-02
  3.7900E-02  2.8000E-02  2.0100E-02  1.4200E-02  7.9000E-03
  5.9000E-03  4.3000E-03  7.8000E-04  2.0000E-04  1.6000E-04
  4.4000E-05
  4.5800E-02  4.5800E-02  4.5800E-02  4.5800E-02  4.5800E-02
  4.5800E-02  4.5800E-02  4.5800E-02  4.5800E-02  4.5800E-02
  4.5800E-02  4.5800E-02  4.5800E-02  4.5800E-02  4.5800E-02
  4.5700E-02  4.5700E-02  4.5500E-02  4.5100E-02  4.3900E-02
  4.1700E-02  3.8500E-02  3.4400E-02  2.9900E-02  2.1000E-02
  5.4000E-03  1.9000E-03  1.6000E-03  9.1000E-04  2.0000E-04
  1.6000E-05
  4.9100E-02  4.9100E-02  4.9100E-02  4.9100E-02  4.9100E-02
  4.9100E-02  4.9100E-02  4.9100E-02  4.9100E-02  4.9100E-02
  4.9100E-02  4.9000E-02  4.9000E-02  4.9000E-02  4.9000E-02
  4.8900E-02  4.8800E-02  4.8600E-02  4.8100E-02  4.6400E-02
  4.3500E-02  3.9400E-02  3.4400E-02  2.9000E-02  1.9000E-02
  4.3000E-03  2.0000E-03  1.6000E-03  7.9000E-04  1.3000E-04
  6.6000E-06
  3.1800E-02  3.1800E-02  3.1800E-02  3.1800E-02  3.1800E-02
  3.1800E-02  3.1800E-02  3.1800E-02  3.1800E-02  3.1800E-02
  3.1800E-02  3.1800E-02  3.1800E-02  3.1800E-02  3.1800E-02
  3.1800E-02  3.1800E-02  3.1800E-02  3.1800E-02  3.1700E-02
  3.1500E-02  3.1000E-02  3.0200E-02  2.9100E-02  2.6000E-02
  1.5000E-02  6.9000E-03  1.2000E-03  2.3000E-04  1.4000E-05
  2.7000E-07
  3.2500E-02  3.2500E-02  3.2500E-02  3.2500E-02  3.2500E-02
  3.2500E-02  3.2500E-02  3.2500E-02  3.2500E-02  3.2500E-02
  3.2500E-02  3.2500E-02  3.2500E-02  3.2500E-02  3.2500E-02
  3.2500E-02  3.2500E-02  3.2500E-02  3.2500E-02  3.2400E-02
  3.2200E-02  3.1600E-02  3.0800E-02  2.9500E-02  2.6000E-02
  1.5000E-02  6.5000E-03  1.1000E-03  1.9000E-04  1.1000E-05
  1.6000E-07
  1.6300E-01  1.6300E-01  1.6300E-01  1.6300E-01  1.6200E-01
  1.6100E-01  1.6000E-01  1.5800E-01  1.5500E-01  1.5200E-01
  1.4900E-01  1.4200E-01  1.3300E-01  1.2400E-01  1.1400E-01
  1.0400E-01  9.3900E-02  7.4300E-02  4.9500E-02  2.4700E-02
  1.6500E-02  1.5500E-02  1.5100E-02  1.3200E-02  7.3000E-03
  1.5000E-03  1.3000E-03  2.7000E-04  5.3000E-05  4.0000E-05
  1.1000E-05
  1.0300E-01  1.0300E-01  1.0300E-01  1.0300E-01  1.0300E-01
  1.0300E-01  1.0300E-01  1.0300E-01  1.0300E-01  1.0300E-01
  1.0300E-01  1.0300E-01  1.0200E-01  1.0100E-01  9.9900E-02
  9.8200E-02  9.6000E-02  9.0300E-02  7.8500E-02  5.4100E-02
  3.1900E-02  1.7100E-02  9.5600E-03  6.8600E-03  6.3000E-03
  2.9000E-03  6.6000E-04  3.5000E-04  2.2000E-04  5.1000E-05
  4.0000E-06
  1.1000E-01  1.1000E-01  1.1000E-01  1.1000E-01  1.1000E-01
  1.1000E-01  1.1000E-01  1.1000E-01  1.1000E-01  1.1000E-01
  1.1000E-01  1.0900E-01  1.0900E-01  1.0800E-01  1.0600E-01
  1.0400E-01  1.0100E-01  9.3400E-02  7.8700E-02  5.0600E-02
  2.7600E-02  1.4100E-02  8.4100E-03  6.9300E-03  6.7000E-03
  2.3000E-03  5.3000E-04  3.8000E-04  2.0000E-04  3.3000E-05
  1.6000E-06
  8.4200E-02  8.4200E-02  8.4200E-02  8.4200E-02  8.4200E-02
  8.4200E-02  8.4200E-02  8.4200E-02  8.4200E-02  8.4200E-02
  8.4200E-02  8.4200E-02  8.4100E-02  8.4000E-02  8.3800E-02
  8.3500E-02  8.3100E-02  8.1500E-02  7.7100E-02  6.4000E-02
  4.7000E-02  3.0800E-02  1.8500E-02  1.0500E-02  3.8000E-03
  2.5000E-03  1.6000E-03  3.3000E-04  6.3000E-05  3.7000E-06
  6.9000E-08
  8.6200E-02  8.6200E-02  8.6200E-02  8.6200E-02  8.6200E-02
  8.6200E-02  8.6200E-02  8.6200E-02  8.6200E-02  8.6200E-02
  8.6200E-02  8.6200E-02  8.6100E-02  8.6000E-02  8.5800E-02
  8.5400E-02  8.4900E-02  8.3100E-02  7.8200E-02  6.4000E-02
  4.6100E-02  2.9600E-02  1.7400E-02  9.6900E-03  3.6000E-03
  2.5000E-03  1.5000E-03  2.9000E-04  5.2000E-05  2.8000E-06
  3.9000E-08
  7.7700E-02  7.7700E-02  7.7700E-02  7.7700E-02  7.7700E-02
  7.7700E-02  7.7700E-02  7.7700E-02  7.7700E-02  7.7700E-02
  7.7700E-02  7.7600E-02  7.7600E-02  7.7500E-02  7.7300E-02
  7.7000E-02  7.6500E-02  7.5000E-02  7.0900E-02  6.0500E-02
  4.8100E-02  3.6400E-02  2.6700E-02  1.9100E-02  9.5000E-03
  1.6000E-03  2.9000E-04  1.5000E-05  1.3000E-06  2.7000E-08
  1.7000E-10
  7.8200E-02  7.8200E-02  7.8200E-02  7.8200E-02  7.8200E-02
  7.8200E-02  7.8200E-02  7.8200E-02  7.8200E-02  7.8200E-02
  7.8200E-02  7.8200E-02  7.8200E-02  7.8100E-02  7.7900E-02
  7.7600E-02  7.7100E-02  7.5600E-02  7.1500E-02  6.0800E-02
  4.8100E-02  3.6200E-02  2.6400E-02  1.8800E-02  9.2000E-03
  1.5000E-03  2.7000E-04  1.3000E-05  1.1000E-06  2.2000E-08
  1.1000E-10
  4.1200E-01  4.1100E-01  4.0800E-01  4.0400E-01  3.9800E-01
  3.8200E-01  3.6000E-01  3.3500E-01  3.0600E-01  2.7500E-01
  2.4400E-01  1.8400E-01  1.3200E-01  9.2100E-02  6.3700E-02
  4.5800E-02  3.5900E-02  2.9700E-02  2.8900E-02  1.8500E-02
  7.5400E-03  3.4100E-03  2.8000E-03  2.7500E-03  1.8000E-03
  2.8000E-04  2.3000E-04  4.9000E-05  9.2000E-06  6.9000E-06
  1.9000E-06
  2.7900E-01  2.7900E-01  2.7900E-01  2.7900E-01  2.7900E-01
  2.7900E-01  2.7700E-01  2.7400E-01  2.7000E-01  2.6300E-01
  2.5500E-01  2.3100E-01  2.0000E-01  1.6600E-01  1.3200E-01
  1.0100E-01  7.5100E-02  3.8400E-02  1.5500E-02  1.1000E-02
  9.4900E-03  5.8400E-03  2.9100E-03  1.4600E-03  8.8000E-04
  4.9000E-04  1.1000E-04  4.9000E-05  3.2000E-05  7.4000E-06
  5.7000E-07
  3.0000E-01  3.0000E-01  3.0000E-01  3.0000E-01  3.0000E-01
  2.9900E-01  2.9700E-01  2.9300E-01  2.8700E-01  2.7900E-01
  2.6700E-01  2.3700E-01  1.9900E-01  1.6000E-01  1.2200E-01
  8.9500E-02  6.3400E-02  3.0400E-02  1.3600E-02  1.1600E-02
  8.7200E-03  4.6400E-03  2.1300E-03  1.1600E-03  9.3000E-04
  3.9000E-04  8.1000E-05  5.3000E-05  2.8000E-05  4.7000E-06
  2.3000E-07
  3.2700E-01  3.2700E-01  3.2700E-01  3.2700E-01  3.2700E-01
  3.2700E-01  3.2500E-01  3.2100E-01  3.1300E-01  3.0200E-01
  2.8600E-01  2.4600E-01  2.0100E-01  1.5700E-01  1.1900E-01
  8.7800E-02  6.3200E-02  3.1000E-02  1.0100E-02  3.2900E-03
  3.0900E-03  2.5900E-03  1.7600E-03  1.0500E-03  3.3000E-04
  1.6000E-04  1.1000E-04  2.3000E-05  4.4000E-06  2.6000E-07
  4.8000E-09
  3.4600E-01  3.4600E-01  3.4600E-01  3.4600E-01  3.4600E-01
  3.4600E-01  3.4300E-01  3.3700E-01  3.2700E-01  3.1200E-01
  2.9200E-01  2.4500E-01  1.9500E-01  1.4900E-01  1.1000E-01
  7.9500E-02  5.6100E-02  2.6600E-02  8.3800E-03  3.0800E-03
  2.9400E-03  2.3800E-03  1.5600E-03  9.0500E-04  2.9000E-04
  1.5000E-04  9.9000E-05  1.9000E-05  3.4000E-06  1.8000E-07
  2.6000E-09
  1.4900E+00  1.4600E+00  1.3600E+00  1.2100E+00  1.0300E+00
  6.6600E-01  3.7400E-01  1.9100E-01  9.7800E-02  5.9300E-02
  4.7600E-02  4.5500E-02  4.0900E-02  3.1200E-02  2.1100E-02
  1.3200E-02  7.9200E-03  3.3700E-03  2.5300E-03  1.9100E-03
  8.0000E-04  3.1400E-04  2.2800E-04  2.2400E-04  1.5000E-04
  2.2000E-05  1.9000E-05  4.0000E-06  7.4000E-07  5.5000E-07
  1.5000E-07