  3.1100E-02  3.1100E-02  3.1100E-02  3.1100E-02  3.1100E-02
  3.1100E-02  3.1100E-02  3.1100E-02  3.1100E-02  3.1100E-02
  3.1100E-02  3.1000E-02  3.1000E-02  3.0900E-02  3.0800E-02
  3.0700E-02  3.0600E-02  3.0400E-02  3.0000E-02  2.9200E-02
  2.8200E-02  2.7000E-02  2.5600E-02  2.4200E-02  2.1000E-02
  1.4000E-02  8.5000E-03  2.9000E-03  1.0000E-03  1.6000E-04
  1.1000E-05
  1.1700E-01  1.1700E-01  1.1700E-01  1.1700E-01  1.1700E-01
  1.1600E-01  1.1600E-01  1.1500E-01  1.1500E-01  1.1400E-01
  1.1300E-01  1.1100E-01  1.0800E-01  1.0500E-01  1.0200E-01
  9.7900E-02  9.3900E-02  8.5500E-02  7.2100E-02  5.0500E-02
  3.2600E-02  1.9700E-02  1.1400E-02  6.6500E-03  3.1000E-03
  2.5000E-03  1.7000E-03  5.0000E-04  1.5000E-04  2.0000E-05
  1.2000E-06
  5.9500E-02  5.9500E-02  5.9500E-02  5.9500E-02  5.9500E-02
  5.9500E-02  5.9500E-02  5.9500E-02  5.9500E-02  5.9500E-02
  5.9500E-02  5.9500E-02  5.9400E-02  5.9300E-02  5.9200E-02
  5.9100E-02  5.8900E-02  5.8300E-02  5.6900E-02  5.3100E-02
  4.7500E-02  4.0800E-02  3.3800E-02  2.7300E-02  1.7000E-02
  4.3000E-03  1.1000E-03  1.1000E-04  1.6000E-05  8.9000E-07
  1.8000E-08
  3.2500E-01  3.2400E-01  3.2300E-01  3.2100E-01  3.1800E-01
  3.1100E-01  3.0100E-01  2.8800E-01  2.7400E-01  2.5800E-01
  2.4100E-01  2.0400E-01  1.6800E-01  1.3400E-01  1.0400E-01
  7.9300E-02  5.9500E-02  3.3400E-02  1.8000E-02  1.5200E-02
  1.3700E-02  9.7200E-03  5.8400E-03  3.1600E-03  8.5000E-04
  3.6000E-04  2.7000E-04  7.7000E-05  2.2000E-05  2.8000E-06
  1.6000E-07
  2.0200E-01  2.0200E-01  2.0200E-01  2.0200E-01  2.0200E-01
  2.0200E-01  2.0200E-01  2.0100E-01  2.0000E-01  1.9900E-01
  1.9600E-01  1.8900E-01  1.7900E-01  1.6600E-01  1.5100E-01
  1.3400E-01  1.1700E-01  8.4400E-02  4.6600E-02  1.4700E-02
  5.4400E-03  3.8400E-03  3.7600E-03  3.6000E-03  2.6000E-03
  7.1000E-04  1.8000E-04  1.6000E-05  2.3000E-06  1.2000E-07
  2.5000E-09
  1.7900E-01  1.7900E-01  1.7900E-01  1.7900E-01  1.7900E-01
  1.7900E-01  1.7900E-01  1.7900E-01  1.7800E-01  1.7700E-01
  1.7600E-01  1.7000E-01  1.6200E-01  1.5100E-01  1.3900E-01
  1.2700E-01  1.1400E-01  9.0400E-02  6.1700E-02  3.1400E-02
  1.5900E-02  8.0900E-03  4.1900E-03  2.2200E-03  6.7000E-04
  4.9000E-05  5.9000E-06  2.1000E-07  1.6000E-08  3.6000E-10
  2.4000E-12
  1.4700E+00  1.4400E+00  1.3500E+00  1.2200E+00  1.0500E+00
  7.0900E-01  4.2000E-01  2.2500E-01  1.1300E-01  5.8000E-02
  3.4200E-02  2.3800E-02  2.3400E-02  2.1300E-02  1.7500E-02
  1.3300E-02  9.5400E-03  4.4800E-03  1.4200E-03  6.8800E-04
  6.5200E-04  4.8700E-04  2.9800E-04  1.6200E-04  4.2000E-05
  1.6000E-05  1.2000E-05  3.4000E-06  9.6000E-07  1.2000E-07
  7.1000E-09