  3.9900E-02  3.9900E-02  3.9900E-02  3.9900E-02  3.9900E-02
  3.9900E-02  3.9800E-02  3.9800E-02  3.9800E-02  3.9800E-02
  3.9700E-02  3.9600E-02  3.9500E-02  3.9400E-02  3.9200E-02
  3.9000E-02  3.8800E-02  3.8400E-02  3.7500E-02  3.5900E-02
  3.3800E-02  3.1600E-02  2.9100E-02  2.6700E-02  2.2000E-02
  1.2000E-02  6.0000E-03  1.5000E-03  4.5000E-04  6.1000E-05
  3.6000E-06
  1.5500E-01  1.5500E-01  1.5500E-01  1.5500E-01  1.5400E-01
  1.5400E-01  1.5300E-01  1.5100E-01  1.5000E-01  1.4800E-01
  1.4600E-01  1.4100E-01  1.3500E-01  1.2800E-01  1.2100E-01
  1.1400E-01  1.0600E-01  9.0500E-02  6.8000E-02  3.7800E-02
  1.8900E-02  9.1400E-03  4.9200E-03  3.4700E-03  3.1000E-03
  2.2000E-03  1.0000E-03  2.1000E-04  5.3000E-05  6.2000E-06
  3.3000E-07
  7.9800E-02  7.9800E-02  7.9800E-02  7.9800E-02  7.9800E-02
  7.9800E-02  7.9800E-02  7.9800E-02  7.9800E-02  7.9800E-02
  7.9700E-02  7.9600E-02  7.9400E-02  7.9200E-02  7.8700E-02
  7.8200E-02  7.7400E-02  7.5400E-02  7.0900E-02  6.0300E-02
  4.7900E-02  3.6000E-02  2.6100E-02  1.8500E-02  9.0000E-03
  1.5000E-03  3.1000E-04  2.4000E-05  3.2000E-06  1.6000E-07
  3.0000E-09
  4.4100E-01  4.4000E-01  4.3700E-01  4.3200E-01  4.2600E-01
  4.0800E-01  3.8500E-01  3.5700E-01  3.2600E-01  2.9300E-01
  2.5900E-01  1.9400E-01  1.3900E-01  9.5000E-02  6.3700E-02
  4.3100E-02  3.0600E-02  2.0900E-02  1.9500E-02  1.5700E-02
  8.7200E-03  3.8900E-03  1.5900E-03  7.1700E-04  4.1000E-04
  3.1000E-04  1.5000E-04  2.9000E-05  7.1000E-06  8.0000E-07
  4.3000E-08
  2.8200E-01  2.8200E-01  2.8200E-01  2.8200E-01  2.8200E-01
  2.8200E-01  2.8000E-01  2.7700E-01  2.7300E-01  2.6600E-01
  2.5700E-01  2.3300E-01  2.0300E-01  1.7000E-01  1.3800E-01
  1.0800E-01  8.2200E-02  4.4700E-02  1.6500E-02  5.2200E-03
  4.6000E-03  4.3000E-03  3.5000E-03  2.6100E-03  1.3000E-03
  2.1000E-04  4.1000E-05  3.0000E-06  3.9000E-07  1.9000E-08
  3.5000E-10
  2.7500E-01  2.7500E-01  2.7500E-01  2.7500E-01  2.7500E-01
  2.7500E-01  2.7400E-01  2.7100E-01  2.6600E-01  2.5900E-01
  2.4900E-01  2.2300E-01  1.9200E-01  1.6200E-01  1.3400E-01
  1.1000E-01  8.9400E-02  5.8600E-02  3.0900E-02  1.1000E-02
  4.1400E-03  1.6600E-03  7.0500E-04  3.1800E-04  7.6000E-05
  4.2000E-06  4.3000E-07  1.3000E-08  9.0000E-10  1.9000E-11
  6.5000E-14
  1.7600E+00  1.7100E+00  1.5600E+00  1.3400E+00  1.0900E+00
  6.1900E-01  2.9700E-01  1.3000E-01  6.2300E-02  4.1900E-02
  3.8400E-02  3.7000E-02  2.9700E-02  2.0500E-02  1.2800E-02
  7.5700E-03  4.3700E-03  1.7000E-03  1.1200E-03  9.7400E-04
  5.6100E-04  2.5200E-04  1.0100E-04  4.3400E-05  2.2000E-05
  1.7000E-05  8.0000E-06  1.6000E-06  3.9000E-07  4.4000E-08
  2.4000E-09