  9.8000E-03  9.8000E-03  9.8000E-03  9.8000E-03  9.8000E-03
  9.7900E-03  9.7900E-03  9.7900E-03  9.7900E-03  9.7900E-03
  9.7900E-03  9.7900E-03  9.7900E-03  9.7900E-03  9.7800E-03
  9.7800E-03  9.7800E-03  9.7700E-03  9.7600E-03  9.7300E-03
  9.6900E-03  9.6400E-03  9.5800E-03  9.5200E-03  9.4000E-03
  8.9000E-03  8.2000E-03  6.8000E-03  5.3000E-03  2.9000E-03
  8.3000E-04
  3.4800E-02  3.4800E-02  3.4800E-02  3.4800E-02  3.4800E-02
  3.4800E-02  3.4800E-02  3.4800E-02  3.4800E-02  3.4700E-02
  3.4700E-02  3.4600E-02  3.4600E-02  3.4500E-02  3.4400E-02
  3.4300E-02  3.4100E-02  3.3800E-02  3.3300E-02  3.2100E-02
  3.0700E-02  2.9100E-02  2.7300E-02  2.5400E-02  2.1000E-02
  1.2000E-02  5.7000E-03  1.3000E-03  8.6000E-04  6.9000E-04
  1.9000E-04
  1.7000E-02  1.7000E-02  1.7000E-02  1.7000E-02  1.7000E-02
  1.7000E-02  1.7000E-02  1.7000E-02  1.7000E-02  1.7000E-02
  1.7000E-02  1.7000E-02  1.7000E-02  1.7000E-02  1.7000E-02
  1.7000E-02  1.7000E-02  1.7000E-02  1.7000E-02  1.7000E-02
  1.7000E-02  1.6900E-02  1.6800E-02  1.6700E-02  1.6000E-02
  1.5000E-02  1.2000E-02  6.7000E-03  3.2000E-03  7.2000E-04
  6.3000E-05
  1.8900E-02  1.8900E-02  1.8900E-02  1.8900E-02  1.8900E-02
  1.8900E-02  1.8900E-02  1.8900E-02  1.8900E-02  1.8900E-02
  1.8900E-02  1.8900E-02  1.8900E-02  1.8900E-02  1.8900E-02
  1.8900E-02  1.8900E-02  1.8900E-02  1.8900E-02  1.8900E-02
  1.8900E-02  1.8800E-02  1.8700E-02  1.8500E-02  1.8000E-02
  1.6000E-02  1.2000E-02  5.9000E-03  2.5000E-03  4.3000E-04
  2.4000E-05
  7.6700E-02  7.6700E-02  7.6700E-02  7.6600E-02  7.6600E-02
  7.6500E-02  7.6300E-02  7.6100E-02  7.5900E-02  7.5600E-02
  7.5300E-02  7.4500E-02  7.3600E-02  7.2500E-02  7.1300E-02
  6.9900E-02  6.8400E-02  6.5000E-02  5.9300E-02  4.8800E-02
  3.8100E-02  2.8500E-02  2.0600E-02  1.4600E-02  8.0000E-03
  5.8000E-03  4.4000E-03  8.5000E-04  2.1000E-04  1.6000E-04
  4.7000E-05
  4.5000E-02  4.5000E-02  4.5000E-02  4.5000E-02  4.5000E-02
  4.5000E-02  4.5000E-02  4.5000E-02  4.5000E-02  4.5000E-02
  4.5000E-02  4.5000E-02  4.5000E-02  4.5000E-02  4.4900E-02
  4.4900E-02  4.4900E-02  4.4700E-02  4.4400E-02  4.3200E-02
  4.1100E-02  3.8100E-02  3.4300E-02  3.0000E-02  2.1000E-02
  5.8000E-03  1.9000E-03  1.6000E-03  9.4000E-04  2.2000E-04
  1.8000E-05
  4.8200E-02  4.8200E-02  4.8200E-02  4.8200E-02  4.8200E-02
  4.8200E-02  4.8200E-02  4.8200E-02  4.8200E-02  4.8200E-02
  4.8200E-02  4.8200E-02  4.8200E-02  4.8200E-02  4.8200E-02
  4.8100E-02  4.8100E-02  4.7900E-02  4.7400E-02  4.5800E-02
  4.3000E-02  3.9200E-02  3.4400E-02  2.9300E-02  1.9000E-02
  4.6000E-03  2.0000E-03  1.7000E-03  8.2000E-04  1.4000E-04
  7.2000E-06
  3.1200E-02  3.1200E-02  3.1200E-02  3.1200E-02  3.1200E-02
  3.1200E-02  3.1200E-02  3.1200E-02  3.1200E-02  3.1200E-02
  3.1200E-02  3.1200E-02  3.1200E-02  3.1200E-02  3.1200E-02
  3.1200E-02  3.1200E-02  3.1200E-02  3.1200E-02  3.1200E-02
  3.1000E-02  3.0500E-02  2.9800E-02  2.8800E-02  2.6000E-02
  1.5000E-02  7.2000E-03  1.3000E-03  2.5000E-04  1.6000E-05
  3.1000E-07
  3.2000E-02  3.2000E-02  3.2000E-02  3.2000E-02  3.2000E-02
  3.2000E-02  3.2000E-02  3.2000E-02  3.2000E-02  3.2000E-02
  3.2000E-02  3.2000E-02  3.2000E-02  3.2000E-02  3.2000E-02
  3.2000E-02  3.2000E-02  3.2000E-02  3.1900E-02  3.1900E-02
  3.1600E-02  3.1200E-02  3.0400E-02  2.9200E-02  2.6000E-02
  1.5000E-02  6.8000E-03  1.2000E-03  2.1000E-04  1.2000E-05
  1.8000E-07
  1.6000E-01  1.6000E-01  1.6000E-01  1.5900E-01  1.5900E-01
  1.5800E-01  1.5600E-01  1.5400E-01  1.5200E-01  1.5000E-01
  1.4700E-01  1.4000E-01  1.3200E-01  1.2300E-01  1.1300E-01
  1.0400E-01  9.3900E-02  7.5000E-02  5.0600E-02  2.5500E-02
  1.6600E-02  1.5300E-02  1.5000E-02  1.3400E-02  7.7000E-03
  1.5000E-03  1.3000E-03  2.9000E-04  5.5000E-05  4.1000E-05
  1.2000E-05
  1.0100E-01  1.0100E-01  1.0100E-01  1.0100E-01  1.0100E-01
  1.0100E-01  1.0100E-01  1.0100E-01  1.0100E-01  1.0100E-01
  1.0100E-01  1.0000E-01  9.9800E-02  9.9000E-02  9.7900E-02
  9.6400E-02  9.4400E-02  8.9200E-02  7.8200E-02  5.5000E-02
  3.3200E-02  1.8100E-02  1.0100E-02  6.9900E-03  6.2000E-03
  3.1000E-03  7.2000E-04  3.5000E-04  2.3000E-04  5.5000E-05
  4.4000E-06
  1.0800E-01  1.0800E-01  1.0800E-01  1.0800E-01  1.0800E-01
  1.0800E-01  1.0800E-01  1.0800E-01  1.0800E-01  1.0800E-01
  1.0800E-01  1.0700E-01  1.0700E-01  1.0500E-01  1.0400E-01
  1.0200E-01  9.9300E-02  9.2400E-02  7.8600E-02  5.1700E-02
  2.8800E-02  1.4900E-02  8.7200E-03  6.9300E-03  6.6000E-03
  2.5000E-03  5.6000E-04  3.9000E-04  2.1000E-04  3.6000E-05
  1.8000E-06
  8.2200E-02  8.2200E-02  8.2200E-02  8.2200E-02  8.2200E-02
  8.2200E-02  8.2200E-02  8.2200E-02  8.2200E-02  8.2200E-02
  8.2200E-02  8.2200E-02  8.2100E-02  8.2100E-02  8.1900E-02
  8.1600E-02  8.1200E-02  7.9900E-02  7.6000E-02  6.4000E-02
  4.7900E-02  3.2100E-02  1.9700E-02  1.1400E-02  4.0000E-03
  2.5000E-03  1.7000E-03  3.5000E-04  7.0000E-05  4.2000E-06
  8.0000E-08
  8.4200E-02  8.4200E-02  8.4200E-02  8.4200E-02  8.4200E-02
  8.4200E-02  8.4200E-02  8.4200E-02  8.4200E-02  8.4200E-02
  8.4100E-02  8.4100E-02  8.4100E-02  8.4000E-02  8.3800E-02
  8.3500E-02  8.3000E-02  8.1500E-02  7.7100E-02  6.4100E-02
  4.7100E-02  3.0900E-02  1.8500E-02  1.0500E-02  3.8000E-03
  2.5000E-03  1.6000E-03  3.2000E-04  5.8000E-05  3.1000E-06
  4.5000E-08
  7.4400E-02  7.4400E-02  7.4400E-02  7.4400E-02  7.4400E-02
  7.4400E-02  7.4400E-02  7.4400E-02  7.4400E-02  7.4400E-02
  7.4400E-02  7.4400E-02  7.4400E-02  7.4300E-02  7.4200E-02
  7.4000E-02  7.3700E-02  7.2500E-02  6.9300E-02  6.0300E-02
  4.9000E-02  3.7700E-02  2.8100E-02  2.0400E-02  1.0000E-02
  1.8000E-03  3.4000E-04  1.8000E-05  1.5000E-06  3.4000E-08
  2.1000E-10
  7.5100E-02  7.5100E-02  7.5100E-02  7.5100E-02  7.5100E-02
  7.5100E-02  7.5100E-02  7.5100E-02  7.5100E-02  7.5100E-02
  7.5100E-02  7.5100E-02  7.5100E-02  7.5000E-02  7.4900E-02
  7.4700E-02  7.4300E-02  7.3200E-02  6.9900E-02  6.0600E-02
  4.9000E-02  3.7500E-02  2.7700E-02  2.0000E-02  1.0000E-02
  1.7000E-03  3.1000E-04  1.6000E-05  1.3000E-06  2.7000E-08
  1.4000E-10
  3.9700E-01  3.9700E-01  3.9400E-01  3.9000E-01  3.8500E-01
  3.7000E-01  3.5100E-01  3.2700E-01  3.0100E-01  2.7200E-01
  2.4300E-01  1.8600E-01  1.3600E-01  9.6400E-02  6.7500E-02
  4.8500E-02  3.7400E-02  2.9700E-02  2.8900E-02  1.9700E-02
  8.4600E-03  3.7000E-03  2.8500E-03  2.8100E-03  1.9000E-03
  2.9000E-04  2.4000E-04  5.6000E-05  9.9000E-06  7.1000E-06
  2.1000E-06
  2.6800E-01  2.6800E-01  2.6800E-01  2.6800E-01  2.6800E-01
  2.6800E-01  2.6700E-01  2.6400E-01  2.6100E-01  2.5500E-01
  2.4700E-01  2.2700E-01  1.9900E-01  1.6800E-01  1.3700E-01
  1.0700E-01  8.0700E-02  4.2800E-02  1.7100E-02  1.1100E-02
  9.9700E-03  6.4500E-03  3.3400E-03  1.6600E-03  9.0000E-04
  5.5000E-04  1.3000E-04  5.1000E-05  3.5000E-05  8.3000E-06
  6.6000E-07
  2.9000E-01  2.9000E-01  2.9000E-01  2.9000E-01  2.9000E-01
  2.8900E-01  2.8700E-01  2.8400E-01  2.7900E-01  2.7100E-01
  2.6100E-01  2.3400E-01  2.0000E-01  1.6300E-01  1.2700E-01
  9.4800E-02  6.8500E-02  3.3800E-02  1.4500E-02  1.1700E-02
  9.2800E-03  5.1800E-03  2.4200E-03  1.2700E-03  9.5000E-04
  4.3000E-04  9.0000E-05  5.6000E-05  3.0000E-05  5.2000E-06
  2.6000E-07
  3.0700E-01  3.0700E-01  3.0700E-01  3.0700E-01  3.0700E-01
  3.0700E-01  3.0600E-01  3.0300E-01  2.9800E-01  2.8900E-01
  2.7700E-01  2.4400E-01  2.0500E-01  1.6500E-01  1.2800E-01
  9.7300E-02  7.1900E-02  3.7000E-02  1.2600E-02  3.6800E-03
  3.3200E-03  2.9000E-03  2.0500E-03  1.2600E-03  4.1000E-04
  1.7000E-04  1.2000E-04  2.7000E-05  5.4000E-06  3.3000E-07
  6.1000E-09
  3.2400E-01  3.2400E-01  3.2400E-01  3.2400E-01  3.2400E-01
  3.2400E-01  3.2200E-01  3.1800E-01  3.1100E-01  2.9900E-01
  2.8400E-01  2.4500E-01  2.0100E-01  1.5800E-01  1.2000E-01
  8.9400E-02  6.4700E-02  3.2200E-02  1.0600E-02  3.4100E-03
  3.1900E-03  2.6900E-03  1.8400E-03  1.0900E-03  3.5000E-04
  1.7000E-04  1.1000E-04  2.3000E-05  4.2000E-06  2.3000E-07
  3.3000E-09
  1.4400E+00  1.4100E+00  1.3200E+00  1.1900E+00  1.0200E+00
  6.7600E-01  3.9200E-01  2.0700E-01  1.0700E-01  6.2900E-02
  4.7700E-02  4.4300E-02  4.1200E-02  3.2800E-02  2.3100E-02
  1.4900E-02  9.2100E-03  3.8000E-03  2.5500E-03  2.0600E-03
  9.2900E-04  3.5900E-04  2.3800E-04  2.3300E-04  1.7000E-04
  2.4000E-05  2.0000E-05  4.7000E-06  8.1000E-07  5.8000E-07
  1.7000E-07