  2.5500E-02  2.5500E-02  2.5500E-02  2.5500E-02  2.5500E-02
  2.5500E-02  2.5500E-02  2.5500E-02  2.5500E-02  2.5500E-02
  2.5500E-02  2.5500E-02  2.5400E-02  2.5400E-02  2.5400E-02
  2.5300E-02  2.5300E-02  2.5100E-02  2.4900E-02  2.4400E-02
  2.3900E-02  2.3200E-02  2.2400E-02  2.1500E-02  2.0000E-02
  1.5000E-02  1.0000E-02  4.3000E-03  1.8000E-03  3.4000E-04
  2.7000E-05
  9.3900E-02  9.3900E-02  9.3900E-02  9.3900E-02  9.3800E-02
  9.3600E-02  9.3400E-02  9.3100E-02  9.2700E-02  9.2300E-02
  9.1800E-02  9.0600E-02  8.9200E-02  8.7600E-02  8.5700E-02
  8.3700E-02  8.1500E-02  7.6600E-02  6.8400E-02  5.4000E-02
  4.0100E-02  2.8300E-02  1.9100E-02  1.2500E-02  5.2000E-03
  2.2000E-03  2.0000E-03  8.6000E-04  3.0000E-04  4.7000E-05
  3.0000E-06
  4.7500E-02  4.7500E-02  4.7500E-02  4.7500E-02  4.7500E-02
  4.7500E-02  4.7500E-02  4.7500E-02  4.7500E-02  4.7500E-02
  4.7500E-02  4.7500E-02  4.7500E-02  4.7400E-02  4.7400E-02
  4.7300E-02  4.7300E-02  4.7100E-02  4.6600E-02  4.5000E-02
  4.2400E-02  3.9000E-02  3.4900E-02  3.0500E-02  2.2000E-02
  7.9000E-03  2.6000E-03  3.2000E-04  5.5000E-05  3.3000E-06
  7.5000E-08
  2.4700E-01  2.4700E-01  2.4600E-01  2.4500E-01  2.4400E-01
  2.4100E-01  2.3600E-01  2.3000E-01  2.2300E-01  2.1600E-01
  2.0700E-01  1.8800E-01  1.6700E-01  1.4500E-01  1.2400E-01
  1.0400E-01  8.6400E-02  5.6800E-02  2.9300E-02  1.4200E-02
  1.3000E-02  1.2300E-02  9.9400E-03  7.0600E-03  2.8000E-03
  3.6000E-04  3.3000E-04  1.5000E-04  5.1000E-05  7.6000E-06
  4.8000E-07
  1.5100E-01  1.5100E-01  1.5100E-01  1.5100E-01  1.5100E-01
  1.5100E-01  1.5100E-01  1.5000E-01  1.5000E-01  1.5000E-01
  1.4900E-01  1.4700E-01  1.4400E-01  1.4000E-01  1.3400E-01
  1.2700E-01  1.1900E-01  1.0100E-01  7.2300E-02  3.4400E-02
  1.4200E-02  6.1300E-03  3.7900E-03  3.3800E-03  3.3000E-03
  1.5000E-03  5.0000E-04  5.8000E-05  9.4000E-06  5.5000E-07
  1.2000E-08
  1.1400E-01  1.1400E-01  1.1400E-01  1.1400E-01  1.1400E-01
  1.1400E-01  1.1400E-01  1.1400E-01  1.1400E-01  1.1400E-01
  1.1400E-01  1.1400E-01  1.1300E-01  1.1200E-01  1.1000E-01
  1.0800E-01  1.0400E-01  9.6300E-02  8.0900E-02  5.4900E-02
  3.4700E-02  2.1200E-02  1.2800E-02  7.7300E-03  2.9000E-03
  3.0000E-04  4.2000E-05  1.8000E-06  1.6000E-07  4.0000E-09
  2.9000E-11
  8.3900E-01  8.3300E-01  8.1400E-01  7.8500E-01  7.4500E-01
  6.4300E-01  5.2600E-01  4.0900E-01  3.0400E-01  2.1700E-01
  1.5000E-01  7.0200E-02  3.8100E-02  2.9100E-02  2.8000E-02
  2.7700E-02  2.6200E-02  1.9800E-02  9.6400E-03  2.2400E-03
  1.1900E-03  1.1600E-03  1.0000E-03  7.3400E-04  2.9000E-04
  3.2000E-05  2.8000E-05  1.3000E-05  4.4000E-06  6.5000E-07
  4.1000E-08
  6.0400E-01  6.0400E-01  6.0300E-01  6.0200E-01  5.9800E-01
  5.7800E-01  5.3800E-01  4.7900E-01  4.0800E-01  3.3300E-01
  2.6300E-01  1.5100E-01  7.9700E-02  4.0000E-02  2.0200E-02
  1.1300E-02  7.9100E-03  6.7300E-03  6.2800E-03  3.4900E-03
  1.4100E-03  5.2800E-04  2.5200E-04  1.9200E-04  1.8000E-04
  9.0000E-05  3.0000E-05  3.5000E-06  5.6000E-07  3.2000E-08
  7.0000E-10