  8.8200E-03  8.8200E-03  8.8200E-03  8.8200E-03  8.8200E-03
  8.8200E-03  8.8200E-03  8.8200E-03  8.8200E-03  8.8200E-03
  8.8200E-03  8.8200E-03  8.8200E-03  8.8200E-03  8.8100E-03
  8.8100E-03  8.8100E-03  8.8000E-03  8.7900E-03  8.7700E-03
  8.7400E-03  8.7100E-03  8.6600E-03  8.6200E-03  8.5000E-03
  8.1000E-03  7.6000E-03  6.5000E-03  5.2000E-03  3.1000E-03
  1.0000E-03
  3.1400E-02  3.1400E-02  3.1400E-02  3.1400E-02  3.1400E-02
  3.1400E-02  3.1400E-02  3.1400E-02  3.1400E-02  3.1400E-02
  3.1300E-02  3.1300E-02  3.1200E-02  3.1200E-02  3.1100E-02
  3.1000E-02  3.0900E-02  3.0700E-02  3.0300E-02  2.9400E-02
  2.8400E-02  2.7100E-02  2.5700E-02  2.4200E-02  2.1000E-02
  1.3000E-02  6.9000E-03  1.6000E-03  7.9000E-04  7.0000E-04
  2.4000E-04
  1.5300E-02  1.5300E-02  1.5300E-02  1.5300E-02  1.5300E-02
  1.5300E-02  1.5300E-02  1.5300E-02  1.5300E-02  1.5300E-02
  1.5300E-02  1.5300E-02  1.5300E-02  1.5300E-02  1.5300E-02
  1.5300E-02  1.5300E-02  1.5300E-02  1.5300E-02  1.5300E-02
  1.5200E-02  1.5200E-02  1.5200E-02  1.5100E-02  1.5000E-02
  1.4000E-02  1.2000E-02  7.3000E-03  3.9000E-03  1.0000E-03
  1.1000E-04
  1.7400E-02  1.7400E-02  1.7400E-02  1.7400E-02  1.7400E-02
  1.7400E-02  1.7400E-02  1.7400E-02  1.7400E-02  1.7400E-02
  1.7400E-02  1.7400E-02  1.7400E-02  1.7400E-02  1.7400E-02
  1.7400E-02  1.7400E-02  1.7400E-02  1.7400E-02  1.7400E-02
  1.7300E-02  1.7300E-02  1.7200E-02  1.7100E-02  1.7000E-02
  1.5000E-02  1.2000E-02  6.7000E-03  3.1000E-03  6.1000E-04
  3.8000E-05
  6.8900E-02  6.8900E-02  6.8900E-02  6.8900E-02  6.8900E-02
  6.8800E-02  6.8700E-02  6.8500E-02  6.8400E-02  6.8200E-02
  6.7900E-02  6.7400E-02  6.6700E-02  6.5900E-02  6.5000E-02
  6.4000E-02  6.2800E-02  6.0300E-02  5.6000E-02  4.7700E-02
  3.9000E-02  3.0600E-02  2.3300E-02  1.7200E-02  9.5000E-03
  5.3000E-03  4.7000E-03  1.4000E-03  2.7000E-04  1.6000E-04
  6.1000E-05
  4.0300E-02  4.0300E-02  4.0300E-02  4.0300E-02  4.0300E-02
  4.0300E-02  4.0300E-02  4.0300E-02  4.0300E-02  4.0300E-02
  4.0300E-02  4.0300E-02  4.0300E-02  4.0300E-02  4.0300E-02
  4.0300E-02  4.0300E-02  4.0200E-02  4.0000E-02  3.9200E-02
  3.7900E-02  3.5900E-02  3.3300E-02  3.0100E-02  2.3000E-02
  8.0000E-03  2.4000E-03  1.5000E-03  1.1000E-03  3.2000E-04
  3.1000E-05
  4.3800E-02  4.3800E-02  4.3800E-02  4.3800E-02  4.3800E-02
  4.3800E-02  4.3800E-02  4.3800E-02  4.3800E-02  4.3800E-02
  4.3800E-02  4.3800E-02  4.3800E-02  4.3800E-02  4.3800E-02
  4.3800E-02  4.3700E-02  4.3600E-02  4.3300E-02  4.2200E-02
  4.0300E-02  3.7600E-02  3.4100E-02  3.0000E-02  2.1000E-02
  6.2000E-03  2.1000E-03  1.7000E-03  1.0000E-03  2.1000E-04
  1.2000E-05
  2.8300E-02  2.8300E-02  2.8300E-02  2.8300E-02  2.8300E-02
  2.8300E-02  2.8300E-02  2.8300E-02  2.8300E-02  2.8300E-02
  2.8300E-02  2.8300E-02  2.8300E-02  2.8300E-02  2.8300E-02
  2.8300E-02  2.8300E-02  2.8300E-02  2.8300E-02  2.8200E-02
  2.8100E-02  2.7900E-02  2.7500E-02  2.6800E-02  2.5000E-02
  1.6000E-02  8.8000E-03  1.9000E-03  4.2000E-04  2.9000E-05
  6.4000E-07
  2.9000E-02  2.9000E-02  2.9000E-02  2.9000E-02  2.9000E-02
  2.9000E-02  2.9000E-02  2.9000E-02  2.9000E-02  2.9000E-02
  2.9000E-02  2.9000E-02  2.9000E-02  2.9000E-02  2.9000E-02
  2.9000E-02  2.9000E-02  2.9000E-02  2.9000E-02  2.9000E-02
  2.8900E-02  2.8600E-02  2.8100E-02  2.7400E-02  2.5000E-02
  1.6000E-02  8.3000E-03  1.7000E-03  3.5000E-04  2.2000E-05
  3.6000E-07
  1.4100E-01  1.4100E-01  1.4000E-01  1.4000E-01  1.4000E-01
  1.3900E-01  1.3800E-01  1.3700E-01  1.3500E-01  1.3300E-01
  1.3100E-01  1.2600E-01  1.2100E-01  1.1400E-01  1.0700E-01
  1.0000E-01  9.2500E-02  7.7300E-02  5.6200E-02  3.0600E-02
  1.8100E-02  1.4400E-02  1.4000E-02  1.3600E-02  9.9000E-03
  1.9000E-03  1.3000E-03  5.0000E-04  8.6000E-05  4.1000E-05
  1.6000E-05
  8.8400E-02  8.8400E-02  8.8400E-02  8.8400E-02  8.8400E-02
  8.8400E-02  8.8400E-02  8.8400E-02  8.8400E-02  8.8400E-02
  8.8300E-02  8.8200E-02  8.7900E-02  8.7500E-02  8.6900E-02
  8.6000E-02  8.4900E-02  8.1800E-02  7.4800E-02  5.8400E-02
  4.0100E-02  2.4600E-02  1.4300E-02  8.7300E-03  5.8000E-03
  4.2000E-03  1.3000E-03  3.3000E-04  2.7000E-04  8.3000E-05
  8.0000E-06
  9.5700E-02  9.5700E-02  9.5700E-02  9.5700E-02  9.5700E-02
  9.5700E-02  9.5700E-02  9.5700E-02  9.5600E-02  9.5600E-02
  9.5500E-02  9.5300E-02  9.4900E-02  9.4300E-02  9.3400E-02
  9.2100E-02  9.0500E-02  8.6200E-02  7.6900E-02  5.6400E-02
  3.5800E-02  2.0400E-02  1.1500E-02  7.6000E-03  6.4000E-03
  3.5000E-03  8.6000E-04  4.0000E-04  2.6000E-04  5.5000E-05
  3.2000E-06
  7.1800E-02  7.1800E-02  7.1800E-02  7.1800E-02  7.1800E-02
  7.1800E-02  7.1800E-02  7.1800E-02  7.1800E-02  7.1800E-02
  7.1800E-02  7.1800E-02  7.1700E-02  7.1700E-02  7.1700E-02
  7.1600E-02  7.1400E-02  7.0800E-02  6.8900E-02  6.2100E-02
  5.1100E-02  3.8300E-02  2.6300E-02  1.6900E-02  6.3000E-03
  2.4000E-03  2.0000E-03  5.6000E-04  1.2000E-04  8.6000E-06
  1.8000E-07
  7.3500E-02  7.3500E-02  7.3500E-02  7.3500E-02  7.3500E-02
  7.3500E-02  7.3500E-02  7.3500E-02  7.3500E-02  7.3500E-02
  7.3500E-02  7.3500E-02  7.3500E-02  7.3500E-02  7.3400E-02
  7.3300E-02  7.3100E-02  7.2400E-02  7.0200E-02  6.2700E-02
  5.0800E-02  3.7300E-02  2.5100E-02  1.5800E-02  5.8000E-03
  2.5000E-03  2.0000E-03  5.0000E-04  1.0000E-04  6.3000E-06
  1.0000E-07
  6.0600E-02  6.0600E-02  6.0600E-02  6.0600E-02  6.0600E-02
  6.0600E-02  6.0600E-02  6.0600E-02  6.0600E-02  6.0600E-02
  6.0600E-02  6.0600E-02  6.0600E-02  6.0600E-02  6.0600E-02
  6.0600E-02  6.0500E-02  6.0300E-02  5.9500E-02  5.6100E-02
  5.0100E-02  4.2400E-02  3.4300E-02  2.6900E-02  1.5000E-02
  3.3000E-03  7.2000E-04  4.5000E-05  4.3000E-06  1.0000E-07
  6.8000E-10
  6.1400E-02  6.1400E-02  6.1400E-02  6.1400E-02  6.1400E-02
  6.1400E-02  6.1400E-02  6.1400E-02  6.1400E-02  6.1400E-02
  6.1400E-02  6.1400E-02  6.1400E-02  6.1400E-02  6.1400E-02
  6.1400E-02  6.1300E-02  6.1100E-02  6.0200E-02  5.6600E-02
  5.0200E-02  4.2300E-02  3.4000E-02  2.6500E-02  1.5000E-02
  3.2000E-03  6.7000E-04  4.0000E-05  3.7000E-06  8.1000E-08
  4.4000E-10
  3.2500E-01  3.2500E-01  3.2300E-01  3.2100E-01  3.1800E-01
  3.1000E-01  2.9800E-01  2.8400E-01  2.6700E-01  2.4900E-01
  2.3000E-01  1.9100E-01  1.5200E-01  1.1700E-01  8.8600E-02
  6.6200E-02  5.0100E-02  3.2900E-02  2.7600E-02  2.4800E-02
  1.4800E-02  6.7300E-03  3.5500E-03  2.9800E-03  2.7000E-03
  5.0000E-04  2.7000E-04  1.1000E-04  1.9000E-05  8.3000E-06
  3.2000E-06
  2.1500E-01  2.1500E-01  2.1500E-01  2.1500E-01  2.1500E-01
  2.1500E-01  2.1400E-01  2.1400E-01  2.1200E-01  2.1000E-01
  2.0700E-01  1.9800E-01  1.8500E-01  1.6800E-01  1.4800E-01
  1.2700E-01  1.0600E-01  6.8800E-02  3.1600E-02  1.2400E-02
  1.1400E-02  9.7300E-03  6.4400E-03  3.6000E-03  1.2000E-03
  8.5000E-04  2.8000E-04  5.8000E-05  5.0000E-05  1.5000E-05
  1.5000E-06
  2.3700E-01  2.3700E-01  2.3700E-01  2.3700E-01  2.3700E-01
  2.3600E-01  2.3600E-01  2.3500E-01  2.3200E-01  2.2900E-01
  2.2500E-01  2.1100E-01  1.9300E-01  1.7000E-01  1.4500E-01
  1.2000E-01  9.5600E-02  5.6500E-02  2.3900E-02  1.2200E-02
  1.1600E-02  8.5400E-03  4.8500E-03  2.4700E-03  1.1000E-03
  7.2000E-04  1.8000E-04  6.9000E-05  4.6000E-05  9.7000E-06
  5.5000E-07
  2.2100E-01  2.2100E-01  2.2100E-01  2.2100E-01  2.2100E-01
  2.2100E-01  2.2100E-01  2.2100E-01  2.2000E-01  2.1900E-01
  2.1600E-01  2.0800E-01  1.9600E-01  1.7800E-01  1.5800E-01
  1.3600E-01  1.1400E-01  7.4900E-02  3.5000E-02  8.7500E-03
  4.5100E-03  4.3500E-03  3.8300E-03  2.8500E-03  1.1000E-03
  2.6000E-04  2.3000E-04  6.7000E-05  1.5000E-05  1.0000E-06
  2.1000E-08
  2.2700E-01  2.2700E-01  2.2700E-01  2.2700E-01  2.2700E-01
  2.2700E-01  2.2700E-01  2.2700E-01  2.2600E-01  2.2500E-01
  2.2200E-01  2.1300E-01  1.9900E-01  1.8000E-01  1.5800E-01
  1.3400E-01  1.1100E-01  7.1100E-02  3.1800E-02  7.7800E-03
  4.4600E-03  4.3400E-03  3.6900E-03  2.6400E-03  1.0000E-03
  2.6000E-04  2.2000E-04  5.9000E-05  1.2000E-05  7.4000E-07
  1.2000E-08
  1.0400E+00  1.0300E+00  9.9200E-01  9.3400E-01  8.5900E-01
  6.7900E-01  4.9400E-01  3.3400E-01  2.1400E-01  1.3300E-01
  8.4800E-02  4.8500E-02  4.4200E-02  4.3400E-02  3.8900E-02
  3.1500E-02  2.3600E-02  1.1300E-02  4.1200E-03  3.2500E-03
  2.2700E-03  1.0500E-03  4.7600E-04  3.4200E-04  3.1000E-04
  6.0000E-05  3.0000E-05  1.2000E-05  2.1000E-06  9.3000E-07
  3.6000E-07
  8.0800E-01  8.0800E-01  8.0600E-01  8.0000E-01  7.8500E-01
  7.1900E-01  6.0800E-01  4.7400E-01  3.4500E-01  2.3700E-01
  1.5600E-01  6.2300E-02  2.5400E-02  1.4200E-02  1.1900E-02
  1.1800E-02  1.1500E-02  9.0400E-03  4.4500E-03  1.0900E-03
  7.5700E-04  6.9700E-04  4.8900E-04  2.7900E-04  8.8000E-05
  5.7000E-05  1.9000E-05  3.9000E-06  3.3000E-06  1.0000E-06
  9.8000E-08