  8.3800E-03  8.3800E-03  8.3800E-03  8.3800E-03  8.3800E-03
  8.3800E-03  8.3800E-03  8.3800E-03  8.3800E-03  8.3800E-03
  8.3800E-03  8.3700E-03  8.3700E-03  8.3700E-03  8.3700E-03
  8.3700E-03  8.3700E-03  8.3600E-03  8.3500E-03  8.3300E-03
  8.3100E-03  8.2800E-03  8.2400E-03  8.2000E-03  8.1000E-03
  7.8000E-03  7.4000E-03  6.3000E-03  5.2000E-03  3.2000E-03
  1.1000E-03
  2.9900E-02  2.9900E-02  2.9900E-02  2.9900E-02  2.9900E-02
  2.9900E-02  2.9900E-02  2.9900E-02  2.9900E-02  2.9800E-02
  2.9800E-02  2.9800E-02  2.9700E-02  2.9700E-02  2.9600E-02
  2.9500E-02  2.9500E-02  2.9300E-02  2.8900E-02  2.8200E-02
  2.7200E-02  2.6200E-02  2.4900E-02  2.3600E-02  2.1000E-02
  1.3000E-02  7.5000E-03  1.9000E-03  7.9000E-04  6.9000E-04
  2.7000E-04
  1.4500E-02  1.4500E-02  1.4500E-02  1.4500E-02  1.4500E-02
  1.4500E-02  1.4500E-02  1.4500E-02  1.4500E-02  1.4500E-02
  1.4500E-02  1.4500E-02  1.4500E-02  1.4500E-02  1.4500E-02
  1.4500E-02  1.4500E-02  1.4500E-02  1.4500E-02  1.4500E-02
  1.4500E-02  1.4400E-02  1.4400E-02  1.4300E-02  1.4000E-02
  1.3000E-02  1.2000E-02  7.6000E-03  4.3000E-03  1.2000E-03
  1.3000E-04
  1.6700E-02  1.6700E-02  1.6700E-02  1.6700E-02  1.6700E-02
  1.6700E-02  1.6700E-02  1.6700E-02  1.6700E-02  1.6700E-02
  1.6700E-02  1.6700E-02  1.6700E-02  1.6700E-02  1.6700E-02
  1.6700E-02  1.6700E-02  1.6700E-02  1.6700E-02  1.6700E-02
  1.6600E-02  1.6600E-02  1.6500E-02  1.6400E-02  1.6000E-02
  1.5000E-02  1.2000E-02  6.9000E-03  3.4000E-03  7.1000E-04
  4.8000E-05
  6.5500E-02  6.5500E-02  6.5500E-02  6.5500E-02  6.5500E-02
  6.5400E-02  6.5300E-02  6.5200E-02  6.5000E-02  6.4800E-02
  6.4600E-02  6.4200E-02  6.3600E-02  6.2900E-02  6.2100E-02
  6.1200E-02  6.0200E-02  5.8100E-02  5.4300E-02  4.7000E-02
  3.9100E-02  3.1400E-02  2.4400E-02  1.8500E-02  1.0000E-02
  5.1000E-03  4.7000E-03  1.7000E-03  3.3000E-04  1.6000E-04
  6.9000E-05
  3.8300E-02  3.8300E-02  3.8300E-02  3.8300E-02  3.8300E-02
  3.8300E-02  3.8300E-02  3.8300E-02  3.8300E-02  3.8300E-02
  3.8300E-02  3.8300E-02  3.8300E-02  3.8300E-02  3.8300E-02
  3.8200E-02  3.8200E-02  3.8200E-02  3.8000E-02  3.7400E-02
  3.6400E-02  3.4700E-02  3.2600E-02  2.9900E-02  2.4000E-02
  9.1000E-03  2.8000E-03  1.4000E-03  1.1000E-03  3.7000E-04
  4.0000E-05
  4.1900E-02  4.1900E-02  4.1900E-02  4.1900E-02  4.1900E-02
  4.1900E-02  4.1900E-02  4.1900E-02  4.1900E-02  4.1900E-02
  4.1900E-02  4.1900E-02  4.1900E-02  4.1900E-02  4.1900E-02
  4.1800E-02  4.1800E-02  4.1700E-02  4.1400E-02  4.0600E-02
  3.9000E-02  3.6700E-02  3.3700E-02  3.0100E-02  2.2000E-02
  7.1000E-03  2.3000E-03  1.7000E-03  1.1000E-03  2.5000E-04
  1.5000E-05
  2.7000E-02  2.7000E-02  2.7000E-02  2.7000E-02  2.7000E-02
  2.7000E-02  2.7000E-02  2.7000E-02  2.7000E-02  2.7000E-02
  2.7000E-02  2.7000E-02  2.7000E-02  2.7000E-02  2.7000E-02
  2.7000E-02  2.7000E-02  2.7000E-02  2.7000E-02  2.7000E-02
  2.6900E-02  2.6700E-02  2.6400E-02  2.5900E-02  2.4000E-02
  1.7000E-02  9.5000E-03  2.3000E-03  5.2000E-04  3.9000E-05
  8.9000E-07
  2.7800E-02  2.7800E-02  2.7800E-02  2.7800E-02  2.7800E-02
  2.7800E-02  2.7800E-02  2.7800E-02  2.7800E-02  2.7800E-02
  2.7800E-02  2.7800E-02  2.7800E-02  2.7800E-02  2.7800E-02
  2.7800E-02  2.7800E-02  2.7800E-02  2.7800E-02  2.7700E-02
  2.7600E-02  2.7400E-02  2.7100E-02  2.6500E-02  2.5000E-02
  1.7000E-02  9.1000E-03  2.0000E-03  4.3000E-04  2.8000E-05
  4.9000E-07
  1.3200E-01  1.3200E-01  1.3200E-01  1.3200E-01  1.3200E-01
  1.3100E-01  1.3000E-01  1.2900E-01  1.2800E-01  1.2600E-01
  1.2400E-01  1.2000E-01  1.1500E-01  1.1000E-01  1.0400E-01
  9.7700E-02  9.1100E-02  7.7600E-02  5.8200E-02  3.3100E-02
  1.9400E-02  1.4300E-02  1.3400E-02  1.3300E-02  1.1000E-02
  2.2000E-03  1.3000E-03  6.1000E-04  1.2000E-04  4.0000E-05
  1.8000E-05
  8.3100E-02  8.3100E-02  8.3100E-02  8.3100E-02  8.3100E-02
  8.3100E-02  8.3100E-02  8.3100E-02  8.3100E-02  8.3100E-02
  8.3000E-02  8.2900E-02  8.2700E-02  8.2400E-02  8.1900E-02
  8.1300E-02  8.0400E-02  7.8000E-02  7.2500E-02  5.8800E-02
  4.2600E-02  2.7700E-02  1.6800E-02  1.0200E-02  5.8000E-03
  4.5000E-03  1.6000E-03  3.2000E-04  2.9000E-04  1.0000E-04
  1.1000E-05
  9.0400E-02  9.0400E-02  9.0400E-02  9.0400E-02  9.0400E-02
  9.0400E-02  9.0400E-02  9.0400E-02  9.0300E-02  9.0300E-02
  9.0300E-02  9.0100E-02  8.9800E-02  8.9300E-02  8.8600E-02
  8.7600E-02  8.6400E-02  8.2900E-02  7.5300E-02  5.7700E-02
  3.8600E-02  2.3200E-02  1.3300E-02  8.3700E-03  6.2000E-03
  4.0000E-03  1.1000E-03  4.0000E-04  2.9000E-04  6.7000E-05
  4.1000E-06
  6.7400E-02  6.7400E-02  6.7400E-02  6.7400E-02  6.7400E-02
  6.7400E-02  6.7400E-02  6.7400E-02  6.7400E-02  6.7400E-02
  6.7400E-02  6.7400E-02  6.7400E-02  6.7400E-02  6.7300E-02
  6.7300E-02  6.7200E-02  6.6700E-02  6.5400E-02  6.0300E-02
  5.1500E-02  4.0300E-02  2.9100E-02  1.9600E-02  7.8000E-03
  2.4000E-03  2.1000E-03  6.7000E-04  1.6000E-04  1.2000E-05
  2.6000E-07
  6.9100E-02  6.9100E-02  6.9100E-02  6.9100E-02  6.9100E-02
  6.9100E-02  6.9100E-02  6.9100E-02  6.9100E-02  6.9100E-02
  6.9100E-02  6.9100E-02  6.9100E-02  6.9100E-02  6.9100E-02
  6.9000E-02  6.8800E-02  6.8400E-02  6.6800E-02  6.1100E-02
  5.1500E-02  3.9600E-02  2.8000E-02  1.8500E-02  7.1000E-03
  2.5000E-03  2.1000E-03  6.1000E-04  1.3000E-04  8.7000E-06
  1.5000E-07
  5.5800E-02  5.5800E-02  5.5800E-02  5.5800E-02  5.5800E-02
  5.5800E-02  5.5800E-02  5.5800E-02  5.5800E-02  5.5800E-02
  5.5800E-02  5.5800E-02  5.5800E-02  5.5800E-02  5.5700E-02
  5.5700E-02  5.5700E-02  5.5600E-02  5.5200E-02  5.3100E-02
  4.9000E-02  4.3000E-02  3.6100E-02  2.9200E-02  1.8000E-02
  4.3000E-03  9.9000E-04  6.7000E-05  6.6000E-06  1.7000E-07
  1.2000E-09
  5.6500E-02  5.6500E-02  5.6500E-02  5.6500E-02  5.6500E-02
  5.6500E-02  5.6500E-02  5.6500E-02  5.6500E-02  5.6500E-02
  5.6500E-02  5.6500E-02  5.6500E-02  5.6500E-02  5.6500E-02
  5.6500E-02  5.6400E-02  5.6300E-02  5.5900E-02  5.3700E-02
  4.9200E-02  4.3000E-02  3.5900E-02  2.8900E-02  1.7000E-02
  4.1000E-03  9.2000E-04  6.0000E-05  5.7000E-06  1.3000E-07
  7.4000E-10
  2.9300E-01  2.9300E-01  2.9200E-01  2.9000E-01  2.8800E-01
  2.8100E-01  2.7300E-01  2.6200E-01  2.4900E-01  2.3500E-01
  2.2000E-01  1.8800E-01  1.5500E-01  1.2500E-01  9.7800E-02
  7.5500E-02  5.8200E-02  3.7000E-02  2.7500E-02  2.6000E-02
  1.8000E-02  9.1500E-03  4.5000E-03  3.1600E-03  2.9000E-03
  7.1000E-04  2.8000E-04  1.4000E-04  2.7000E-05  8.7000E-06
  4.0000E-06
  1.9300E-01  1.9300E-01  1.9300E-01  1.9300E-01  1.9300E-01
  1.9300E-01  1.9300E-01  1.9200E-01  1.9100E-01  1.9000E-01
  1.8800E-01  1.8300E-01  1.7400E-01  1.6200E-01  1.4700E-01
  1.3100E-01  1.1400E-01  8.0200E-02  4.1200E-02  1.4500E-02
  1.1600E-02  1.0900E-02  8.1200E-03  5.0200E-03  1.6000E-03
  9.8000E-04  3.9000E-04  6.3000E-05  5.6000E-05  2.0000E-05
  2.1000E-06
  2.1200E-01  2.1200E-01  2.1200E-01  2.1200E-01  2.1200E-01
  2.1200E-01  2.1200E-01  2.1100E-01  2.1000E-01  2.0800E-01
  2.0500E-01  1.9600E-01  1.8400E-01  1.6700E-01  1.4800E-01
  1.2700E-01  1.0600E-01  6.9000E-02  3.1900E-02  1.3200E-02
  1.2400E-02  1.0200E-02  6.5300E-03  3.5300E-03  1.3000E-03
  8.9000E-04  2.5000E-04  7.5000E-05  5.6000E-05  1.3000E-05
  8.0000E-07
  1.8800E-01  1.8800E-01  1.8800E-01  1.8800E-01  1.8800E-01
  1.8800E-01  1.8800E-01  1.8800E-01  1.8700E-01  1.8700E-01
  1.8600E-01  1.8300E-01  1.7800E-01  1.6900E-01  1.5700E-01
  1.4200E-01  1.2600E-01  9.3000E-02  5.0900E-02  1.4700E-02
  5.7700E-03  4.9800E-03  4.7600E-03  3.8900E-03  1.8000E-03
  3.2000E-04  2.9000E-04  9.9000E-05  2.4000E-05  1.8000E-06
  3.9000E-08
  1.9400E-01  1.9400E-01  1.9400E-01  1.9400E-01  1.9400E-01
  1.9400E-01  1.9400E-01  1.9400E-01  1.9300E-01  1.9300E-01
  1.9200E-01  1.8800E-01  1.8200E-01  1.7200E-01  1.5800E-01
  1.4200E-01  1.2500E-01  8.9900E-02  4.7200E-02  1.3000E-02
  5.5200E-03  5.0300E-03  4.6800E-03  3.6900E-03  1.6000E-03
  3.2000E-04  2.8000E-04  8.8000E-05  2.0000E-05  1.3000E-06
  2.1000E-08
  8.3000E-01  8.2300E-01  8.0300E-01  7.7100E-01  7.2900E-01
  6.2200E-01  5.0000E-01  3.8000E-01  2.7600E-01  1.9300E-01
  1.3200E-01  6.8000E-02  4.9000E-02  4.6800E-02  4.6100E-02
  4.2300E-02  3.5700E-02  2.0900E-02  7.4800E-03  4.0900E-03
  3.4700E-03  1.9100E-03  8.6000E-04  4.9100E-04  4.3000E-04
  1.1000E-04  4.0000E-05  2.1000E-05  3.9000E-06  1.2000E-06
  5.6000E-07
  5.9300E-01  5.9300E-01  5.9300E-01  5.9100E-01  5.8800E-01
  5.6900E-01  5.3200E-01  4.7400E-01  4.0400E-01  3.2800E-01
  2.5600E-01  1.4000E-01  6.9500E-02  3.4700E-02  2.0900E-02
  1.6800E-02  1.6300E-02  1.5500E-02  1.0100E-02  2.7500E-03
  1.2700E-03  1.2100E-03  9.8800E-04  6.3900E-04  2.0000E-04
  1.1000E-04  4.3000E-05  6.7000E-06  6.0000E-06  2.2000E-06
  2.3000E-07
  6.9200E-01  6.9200E-01  6.9200E-01  6.8900E-01  6.8100E-01
  6.4600E-01  5.7800E-01  4.8600E-01  3.8500E-01  2.8900E-01
  2.0700E-01  9.5400E-02  4.2100E-02  2.2000E-02  1.6600E-02
  1.6000E-02  1.5800E-02  1.3200E-02  6.7100E-03  1.6200E-03
  1.1500E-03  1.0400E-03  7.0000E-04  3.8500E-04  1.3000E-04
  8.4000E-05  2.4000E-05  6.9000E-06  5.2000E-06  1.2000E-06
  7.4000E-08