  6.7000E-03  6.7000E-03  6.7000E-03  6.7000E-03  6.7000E-03
  6.7000E-03  6.7000E-03  6.7000E-03  6.7000E-03  6.7000E-03
  6.6900E-03  6.6900E-03  6.6900E-03  6.6900E-03  6.6900E-03
  6.6900E-03  6.6900E-03  6.6900E-03  6.6800E-03  6.6700E-03
  6.6600E-03  6.6400E-03  6.6200E-03  6.6000E-03  6.5000E-03
  6.4000E-03  6.1000E-03  5.5000E-03  4.8000E-03  3.4000E-03
  1.5000E-03
  2.4200E-02  2.4200E-02  2.4200E-02  2.4200E-02  2.4200E-02
  2.4200E-02  2.4200E-02  2.4200E-02  2.4200E-02  2.4200E-02
  2.4200E-02  2.4100E-02  2.4100E-02  2.4100E-02  2.4000E-02
  2.4000E-02  2.4000E-02  2.3900E-02  2.3700E-02  2.3300E-02
  2.2700E-02  2.2100E-02  2.1400E-02  2.0700E-02  1.9000E-02
  1.4000E-02  9.5000E-03  3.4000E-03  1.1000E-03  5.7000E-04
  3.8000E-04
  1.1500E-02  1.1500E-02  1.1500E-02  1.1500E-02  1.1500E-02
  1.1500E-02  1.1500E-02  1.1500E-02  1.1500E-02  1.1500E-02
  1.1500E-02  1.1500E-02  1.1500E-02  1.1500E-02  1.1500E-02
  1.1500E-02  1.1500E-02  1.1500E-02  1.1500E-02  1.1500E-02
  1.1500E-02  1.1500E-02  1.1500E-02  1.1500E-02  1.1000E-02
  1.1000E-02  1.0000E-02  7.9000E-03  5.4000E-03  2.1000E-03
  3.4000E-04
  1.4100E-02  1.4100E-02  1.4100E-02  1.4100E-02  1.4100E-02
  1.4100E-02  1.4100E-02  1.4100E-02  1.4100E-02  1.4100E-02
  1.4100E-02  1.4100E-02  1.4100E-02  1.4100E-02  1.4100E-02
  1.4100E-02  1.4100E-02  1.4100E-02  1.4100E-02  1.4100E-02
  1.4100E-02  1.4100E-02  1.4100E-02  1.4000E-02  1.4000E-02
  1.3000E-02  1.2000E-02  7.8000E-03  4.5000E-03  1.2000E-03
  1.1000E-04
  5.3100E-02  5.3100E-02  5.3100E-02  5.3100E-02  5.3100E-02
  5.3000E-02  5.3000E-02  5.2900E-02  5.2800E-02  5.2700E-02
  5.2600E-02  5.2400E-02  5.2000E-02  5.1700E-02  5.1200E-02
  5.0800E-02  5.0200E-02  4.9000E-02  4.6900E-02  4.2600E-02
  3.7700E-02  3.2500E-02  2.7400E-02  2.2500E-02  1.4000E-02
  5.1000E-03  4.1000E-03  2.8000E-03  9.3000E-04  1.3000E-04
  9.5000E-05
  3.0800E-02  3.0800E-02  3.0800E-02  3.0800E-02  3.0800E-02
  3.0800E-02  3.0800E-02  3.0800E-02  3.0800E-02  3.0800E-02
  3.0800E-02  3.0800E-02  3.0800E-02  3.0800E-02  3.0800E-02
  3.0800E-02  3.0800E-02  3.0800E-02  3.0700E-02  3.0500E-02
  3.0100E-02  2.9400E-02  2.8500E-02  2.7200E-02  2.4000E-02
  1.3000E-02  5.6000E-03  1.2000E-03  1.1000E-03  6.2000E-04
  1.0000E-04
  3.5000E-02  3.5000E-02  3.5000E-02  3.5000E-02  3.5000E-02
  3.5000E-02  3.5000E-02  3.5000E-02  3.5000E-02  3.5000E-02
  3.5000E-02  3.5000E-02  3.5000E-02  3.5000E-02  3.5000E-02
  3.5000E-02  3.5000E-02  3.4900E-02  3.4800E-02  3.4400E-02
  3.3700E-02  3.2600E-02  3.1000E-02  2.9000E-02  2.4000E-02
  1.1000E-02  3.7000E-03  1.5000E-03  1.3000E-03  4.5000E-04
  3.8000E-05
  2.2400E-02  2.2400E-02  2.2400E-02  2.2400E-02  2.2400E-02
  2.2400E-02  2.2400E-02  2.2400E-02  2.2400E-02  2.2400E-02
  2.2400E-02  2.2400E-02  2.2400E-02  2.2400E-02  2.2400E-02
  2.2400E-02  2.2400E-02  2.2400E-02  2.2400E-02  2.2400E-02
  2.2400E-02  2.2300E-02  2.2200E-02  2.2000E-02  2.1000E-02
  1.7000E-02  1.2000E-02  4.0000E-03  1.2000E-03  1.1000E-04
  3.3000E-06
  2.3300E-02  2.3300E-02  2.3300E-02  2.3300E-02  2.3300E-02
  2.3300E-02  2.3300E-02  2.3300E-02  2.3300E-02  2.3300E-02
  2.3300E-02  2.3300E-02  2.3300E-02  2.3300E-02  2.3300E-02
  2.3300E-02  2.3300E-02  2.3300E-02  2.3300E-02  2.3300E-02
  2.3300E-02  2.3200E-02  2.3100E-02  2.2800E-02  2.2000E-02
  1.7000E-02  1.2000E-02  3.5000E-03  9.5000E-04  8.1000E-05
  1.7000E-06
  1.0400E-01  1.0300E-01  1.0300E-01  1.0300E-01  1.0300E-01
  1.0300E-01  1.0300E-01  1.0200E-01  1.0100E-01  1.0100E-01
  9.9700E-02  9.7600E-02  9.5100E-02  9.2300E-02  8.9100E-02
  8.5600E-02  8.1900E-02  7.4000E-02  6.1500E-02  4.1900E-02
  2.6800E-02  1.7400E-02  1.2900E-02  1.1400E-02  1.1000E-02
  5.2000E-03  1.4000E-03  9.8000E-04  3.7000E-04  3.9000E-05
  2.6000E-05
  6.4800E-02  6.4800E-02  6.4800E-02  6.4800E-02  6.4800E-02
  6.4800E-02  6.4800E-02  6.4800E-02  6.4800E-02  6.4800E-02
  6.4800E-02  6.4700E-02  6.4700E-02  6.4600E-02  6.4400E-02
  6.4200E-02  6.3900E-02  6.3100E-02  6.1100E-02  5.5400E-02
  4.6900E-02  3.7000E-02  2.7200E-02  1.8900E-02  8.6000E-03
  4.7000E-03  3.3000E-03  5.0000E-04  2.6000E-04  1.7000E-04
  3.0000E-05
  7.2500E-02  7.2500E-02  7.2500E-02  7.2500E-02  7.2500E-02
  7.2500E-02  7.2500E-02  7.2500E-02  7.2500E-02  7.2500E-02
  7.2500E-02  7.2400E-02  7.2300E-02  7.2100E-02  7.1900E-02
  7.1500E-02  7.1000E-02  6.9700E-02  6.6400E-02  5.7500E-02
  4.5600E-02  3.3100E-02  2.2200E-02  1.4300E-02  6.8000E-03
  5.2000E-03  2.5000E-03  4.0000E-04  3.6000E-04  1.3000E-04
  1.1000E-05
  5.3100E-02  5.3100E-02  5.3100E-02  5.3100E-02  5.3100E-02
  5.3100E-02  5.3100E-02  5.3100E-02  5.3100E-02  5.3100E-02
  5.3100E-02  5.3100E-02  5.3100E-02  5.3100E-02  5.3100E-02
  5.3100E-02  5.3100E-02  5.3000E-02  5.2700E-02  5.1200E-02
  4.8000E-02  4.2800E-02  3.6100E-02  2.8800E-02  1.6000E-02
  2.9000E-03  2.2000E-03  1.2000E-03  4.0000E-04  4.0000E-05
  1.1000E-06
  5.4800E-02  5.4800E-02  5.4800E-02  5.4800E-02  5.4800E-02
  5.4800E-02  5.4800E-02  5.4800E-02  5.4800E-02  5.4800E-02
  5.4800E-02  5.4800E-02  5.4800E-02  5.4800E-02  5.4800E-02
  5.4800E-02  5.4800E-02  5.4700E-02  5.4300E-02  5.2500E-02
  4.8800E-02  4.3000E-02  3.5600E-02  2.7800E-02  1.5000E-02
  2.8000E-03  2.3000E-03  1.1000E-03  3.4000E-04  2.9000E-05
  6.0000E-07
  4.1900E-02  4.1900E-02  4.1900E-02  4.1900E-02  4.1900E-02
  4.1900E-02  4.1900E-02  4.1900E-02  4.1900E-02  4.1900E-02
  4.1900E-02  4.1900E-02  4.1900E-02  4.1900E-02  4.1900E-02
  4.1900E-02  4.1900E-02  4.1900E-02  4.1800E-02  4.1600E-02
  4.0800E-02  3.9100E-02  3.6500E-02  3.3100E-02  2.5000E-02
  9.2000E-03  2.8000E-03  2.7000E-04  3.3000E-05  1.1000E-06
  8.3000E-09
  4.2600E-02  4.2600E-02  4.2600E-02  4.2600E-02  4.2600E-02
  4.2600E-02  4.2600E-02  4.2600E-02  4.2600E-02  4.2600E-02
  4.2600E-02  4.2600E-02  4.2600E-02  4.2600E-02  4.2600E-02
  4.2600E-02  4.2600E-02  4.2600E-02  4.2500E-02  4.2200E-02
  4.1300E-02  3.9600E-02  3.6800E-02  3.3200E-02  2.5000E-02
  8.8000E-03  2.6000E-03  2.4000E-04  2.8000E-05  8.1000E-07
  5.1000E-09
  2.0800E-01  2.0800E-01  2.0700E-01  2.0700E-01  2.0600E-01
  2.0300E-01  2.0000E-01  1.9600E-01  1.9100E-01  1.8500E-01
  1.7800E-01  1.6300E-01  1.4700E-01  1.3000E-01  1.1300E-01
  9.6800E-02  8.1900E-02  5.7100E-02  3.4100E-02  2.3300E-02
  2.2700E-02  1.8900E-02  1.2500E-02  7.2000E-03  3.2000E-03
  2.1000E-03  5.0000E-04  2.7000E-04  1.1000E-04  1.0000E-05
  6.9000E-06
  1.3600E-01  1.3600E-01  1.3600E-01  1.3600E-01  1.3600E-01
  1.3600E-01  1.3600E-01  1.3600E-01  1.3600E-01  1.3600E-01
  1.3500E-01  1.3400E-01  1.3200E-01  1.2900E-01  1.2400E-01
  1.1900E-01  1.1200E-01  9.6800E-02  7.0300E-02  3.3200E-02
  1.5200E-02  1.0800E-02  1.0600E-02  9.8100E-03  5.5000E-03
  1.1000E-03  9.3000E-04  1.5000E-04  6.3000E-05  4.3000E-05
  7.5000E-06
  1.5300E-01  1.5300E-01  1.5300E-01  1.5300E-01  1.5300E-01
  1.5300E-01  1.5300E-01  1.5300E-01  1.5200E-01  1.5200E-01
  1.5100E-01  1.4900E-01  1.4600E-01  1.4000E-01  1.3400E-01
  1.2500E-01  1.1600E-01  9.4000E-02  6.1300E-02  2.4700E-02
  1.3000E-02  1.1900E-02  1.1200E-02  8.8700E-03  3.6000E-03
  1.3000E-03  7.5000E-04  1.0000E-04  8.6000E-05  3.3000E-05
  2.8000E-06
  1.2700E-01  1.2700E-01  1.2700E-01  1.2700E-01  1.2700E-01
  1.2700E-01  1.2700E-01  1.2700E-01  1.2700E-01  1.2700E-01
  1.2600E-01  1.2600E-01  1.2600E-01  1.2400E-01  1.2300E-01
  1.2000E-01  1.1600E-01  1.0500E-01  8.3100E-02  4.4400E-02
  1.9100E-02  8.3700E-03  5.6800E-03  5.4600E-03  4.6000E-03
  8.6000E-04  4.0000E-04  2.6000E-04  8.7000E-05  8.8000E-06
  2.4000E-07
  1.3100E-01  1.3100E-01  1.3100E-01  1.3100E-01  1.3100E-01
  1.3100E-01  1.3100E-01  1.3100E-01  1.3100E-01  1.3100E-01
  1.3100E-01  1.3000E-01  1.3000E-01  1.2800E-01  1.2600E-01
  1.2300E-01  1.1800E-01  1.0600E-01  8.1800E-02  4.1500E-02
  1.7000E-02  7.6600E-03  5.7000E-03  5.6000E-03  4.4000E-03
  7.5000E-04  4.1000E-04  2.4000E-04  7.3000E-05  6.3000E-06
  1.3000E-07
  1.5400E-01  1.5400E-01  1.5400E-01  1.5400E-01  1.5400E-01
  1.5400E-01  1.5400E-01  1.5400E-01  1.5400E-01  1.5300E-01
  1.5300E-01  1.5100E-01  1.4800E-01  1.4300E-01  1.3700E-01
  1.2900E-01  1.2000E-01  1.0100E-01  7.2900E-02  3.6800E-02
  1.6300E-02  6.7500E-03  3.0200E-03  1.8700E-03  1.6000E-03
  9.7000E-04  3.4000E-04  3.4000E-05  4.2000E-06  1.3000E-07
  1.1000E-09
  1.6200E-01  1.6200E-01  1.6200E-01  1.6200E-01  1.6200E-01
  1.6200E-01  1.6200E-01  1.6200E-01  1.6200E-01  1.6200E-01
  1.6100E-01  1.5800E-01  1.5400E-01  1.4700E-01  1.3900E-01
  1.3000E-01  1.1900E-01  9.8600E-02  6.9400E-02  3.3900E-02
  1.4600E-02  5.9700E-03  2.7100E-03  1.7500E-03  1.6000E-03
  9.0000E-04  3.0000E-04  2.9000E-05  3.4000E-06  9.8000E-08
  6.5000E-10
  5.0500E-01  5.0300E-01  4.9800E-01  4.9000E-01  4.7900E-01
  4.4900E-01  4.1000E-01  3.6500E-01  3.1700E-01  2.7000E-01
  2.2500E-01  1.4800E-01  9.3900E-02  6.2100E-02  4.6800E-02
  4.1400E-02  4.0400E-02  3.9200E-02  2.8400E-02  9.4600E-03
  4.8700E-03  4.6800E-03  3.6900E-03  2.2500E-03  7.4000E-04
  4.6000E-04  1.1000E-04  5.3000E-05  2.2000E-05  2.1000E-06
  1.4000E-06
  3.4400E-01  3.4400E-01  3.4400E-01  3.4400E-01  3.4400E-01
  3.4200E-01  3.3800E-01  3.3100E-01  3.2000E-01  3.0500E-01
  2.8500E-01  2.3700E-01  1.8300E-01  1.3300E-01  9.1000E-02
  6.0000E-02  3.9400E-02  2.0800E-02  1.7000E-02  1.3400E-02
  6.0500E-03  2.5000E-03  1.8100E-03  1.7700E-03  1.2000E-03
  1.9000E-04  1.6000E-04  2.7000E-05  1.1000E-05  7.4000E-06
  1.3000E-06
  4.2100E-01  4.2100E-01  4.2100E-01  4.2100E-01  4.2000E-01
  4.1600E-01  4.0600E-01  3.9000E-01  3.6600E-01  3.3500E-01
  2.9900E-01  2.2100E-01  1.5000E-01  9.4000E-02  5.6500E-02
  3.4400E-02  2.3100E-02  1.6900E-02  1.6200E-02  8.6700E-03
  3.0200E-03  1.7100E-03  1.6500E-03  1.4400E-03  6.4000E-04
  1.8000E-04  1.1000E-04  1.4000E-05  1.2000E-05  4.6000E-06
  3.9000E-07
  1.9100E+00  1.8400E+00  1.6500E+00  1.3700E+00  1.0700E+00
  5.4000E-01  2.2800E-01  9.7200E-02  6.0100E-02  5.4900E-02
  5.4500E-02  4.4300E-02  2.8100E-02  1.5400E-02  7.9400E-03
  4.4900E-03  3.2400E-03  2.9300E-03  2.4100E-03  8.1900E-04
  3.3900E-04  3.1800E-04  2.5900E-04  1.6100E-04  5.2000E-05
  3.1000E-05  7.4000E-06  3.6000E-06  1.4000E-06  1.4000E-07
  9.1000E-08