  3.6500E-02  3.6500E-02  3.6500E-02  3.6500E-02  3.6500E-02
  3.6500E-02  3.6400E-02  3.6400E-02  3.6400E-02  3.6400E-02
  3.6300E-02  3.6300E-02  3.6200E-02  3.6100E-02  3.6000E-02
  3.5800E-02  3.5700E-02  3.5300E-02  3.4700E-02  3.3400E-02
  3.1800E-02  3.0000E-02  2.8000E-02  2.6000E-02  2.2000E-02
  1.3000E-02  7.0000E-03  2.0000E-03  6.2000E-04  8.8000E-05
  5.4000E-06
  1.4000E-01  1.4000E-01  1.4000E-01  1.4000E-01  1.3900E-01
  1.3900E-01  1.3800E-01  1.3700E-01  1.3600E-01  1.3400E-01
  1.3300E-01  1.2900E-01  1.2500E-01  1.2000E-01  1.1400E-01
  1.0900E-01  1.0300E-01  8.9900E-02  7.0900E-02  4.3400E-02
  2.4100E-02  1.2600E-02  6.6300E-03  4.0500E-03  2.9000E-03
  2.4000E-03  1.3000E-03  3.0000E-04  7.8000E-05  9.4000E-06
  5.3000E-07
  7.1600E-02  7.1600E-02  7.1600E-02  7.1600E-02  7.1600E-02
  7.1600E-02  7.1600E-02  7.1600E-02  7.1600E-02  7.1600E-02
  7.1600E-02  7.1500E-02  7.1400E-02  7.1200E-02  7.1000E-02
  7.0600E-02  7.0200E-02  6.8900E-02  6.5900E-02  5.8400E-02
  4.8800E-02  3.8800E-02  2.9700E-02  2.2100E-02  1.2000E-02
  2.3000E-03  5.1000E-04  4.2000E-05  5.8000E-06  3.0000E-07
  5.9000E-09
  3.9800E-01  3.9800E-01  3.9500E-01  3.9200E-01  3.8700E-01
  3.7400E-01  3.5600E-01  3.3400E-01  3.1000E-01  2.8400E-01
  2.5600E-01  2.0200E-01  1.5200E-01  1.1100E-01  7.8200E-02
  5.4600E-02  3.8500E-02  2.2500E-02  1.7700E-02  1.6400E-02
  1.1100E-02  5.9100E-03  2.7400E-03  1.2300E-03  4.3000E-04
  3.5000E-04  1.9000E-04  4.2000E-05  1.1000E-05  1.3000E-06
  7.0000E-08
  2.5300E-01  2.5300E-01  2.5300E-01  2.5200E-01  2.5200E-01
  2.5200E-01  2.5100E-01  2.4900E-01  2.4600E-01  2.4200E-01
  2.3600E-01  2.2000E-01  1.9800E-01  1.7300E-01  1.4700E-01
  1.2100E-01  9.7400E-02  5.9400E-02  2.5500E-02  6.7300E-03
  4.2700E-03  4.2000E-03  3.8100E-03  3.1200E-03  1.8000E-03
  3.3000E-04  7.1000E-05  5.5000E-06  7.4000E-07  3.7000E-08
  7.4000E-10
  2.6100E-01  2.6100E-01  2.6100E-01  2.6100E-01  2.6100E-01
  2.6100E-01  2.6000E-01  2.5700E-01  2.5100E-01  2.4400E-01
  2.3400E-01  2.0900E-01  1.8300E-01  1.5600E-01  1.3300E-01
  1.1100E-01  9.3300E-02  6.5000E-02  3.7600E-02  1.5300E-02
  6.4600E-03  2.8300E-03  1.2900E-03  6.1400E-04  1.6000E-04
  9.6000E-06  1.0000E-06  3.2000E-08  2.4000E-09  5.3000E-11
  3.1000E-13
  1.8500E+00  1.7900E+00  1.6200E+00  1.3800E+00  1.1100E+00
  6.1100E-01  2.8200E-01  1.1700E-01  5.1200E-02  3.1300E-02
  2.7500E-02  2.6700E-02  2.2200E-02  1.6100E-02  1.0800E-02
  6.8400E-03  4.2100E-03  1.6300E-03  7.4000E-04  6.7300E-04
  4.8200E-04  2.6100E-04  1.2100E-04  5.3300E-05  1.7000E-05
  1.3000E-05  7.1000E-06  1.6000E-06  4.1000E-07  4.8000E-08
  2.6000E-09