mcnp       6     08/11/16 14:16:43     2         1000000      3907007673
 Albedo analysis of a 300cm x 300cm x 30 cm slab of Aluminum                    
ntal     3
    4   11   21
tally    4                   -1    0    0
 0 0 1 0 0 0 0 0 0 0 0 0 0 0 0 0 0 0 0 0 0 0 0 0 0 0 0 0 0 0 0 0 0 0 0 0 0
f        1
     10
d        1
u        0
s        0
m        0
c        0
et     102
  1.00000E-03  1.01622E-03  1.03271E-03  1.04947E-03  1.06649E-03  1.08380E-03
  1.10138E-03  1.11925E-03  1.13741E-03  1.15587E-03  1.17462E-03  1.19368E-03
  1.21304E-03  1.23272E-03  1.25273E-03  1.27305E-03  1.29370E-03  1.31469E-03
  1.33603E-03  1.35770E-03  1.37973E-03  1.40212E-03  1.42486E-03  1.44798E-03
  1.47147E-03  1.49535E-03  1.51961E-03  1.54427E-03  1.56932E-03  1.59478E-03
  1.62066E-03  1.64695E-03  1.67367E-03  1.70083E-03  1.72842E-03  1.75647E-03
  1.78496E-03  1.81392E-03  1.84335E-03  1.87326E-03  1.90365E-03  1.93454E-03
  1.96593E-03  1.99782E-03  2.03024E-03  2.06318E-03  2.09665E-03  2.13067E-03
  2.16524E-03  2.20037E-03  2.23607E-03  2.27235E-03  2.30922E-03  2.34668E-03
  2.38476E-03  2.42345E-03  2.46277E-03  2.50272E-03  2.54333E-03  2.58459E-03
  2.62653E-03  2.66914E-03  2.71245E-03  2.75646E-03  2.80118E-03  2.84663E-03
  2.89281E-03  2.93975E-03  2.98744E-03  3.03591E-03  3.08517E-03  3.13522E-03
  3.18609E-03  3.23779E-03  3.29032E-03  3.34370E-03  3.39795E-03  3.45308E-03
  3.50911E-03  3.56604E-03  3.62390E-03  3.68269E-03  3.74244E-03  3.80316E-03
  3.86487E-03  3.92758E-03  3.99130E-03  4.05606E-03  4.12186E-03  4.18874E-03
  4.25670E-03  4.32576E-03  4.39595E-03  4.46727E-03  4.53975E-03  4.61340E-03
  4.68825E-03  4.76432E-03  4.84162E-03  4.92017E-03  5.00000E-03
t        0
vals
  2.42554E-12 0.0004  2.45064E-14 0.0017  2.50477E-14 0.0017  2.56716E-14 0.0017
  2.63080E-14 0.0017  2.70282E-14 0.0017  2.77379E-14 0.0017  2.84798E-14 0.0017
  2.91744E-14 0.0017  2.99539E-14 0.0017  3.06413E-14 0.0017  3.12943E-14 0.0017
  3.20816E-14 0.0017  3.29490E-14 0.0017  3.38977E-14 0.0017  3.47507E-14 0.0017
  3.56931E-14 0.0017  3.65620E-14 0.0017  3.75415E-14 0.0017  3.84808E-14 0.0017
  3.95072E-14 0.0017  4.03908E-14 0.0017  4.14892E-14 0.0017  4.25652E-14 0.0017
  4.37416E-14 0.0017  4.50401E-14 0.0017  4.61854E-14 0.0016  4.74086E-14 0.0016
  4.85574E-14 0.0016  5.00229E-14 0.0016  5.13934E-14 0.0016  5.26997E-14 0.0016
  5.41610E-14 0.0016  5.55990E-14 0.0016  5.72138E-14 0.0016  5.87649E-14 0.0016
  6.03130E-14 0.0016  6.21105E-14 0.0016  6.36957E-14 0.0016  6.56819E-14 0.0016
  6.76890E-14 0.0016  6.95070E-14 0.0016  7.15657E-14 0.0016  7.34706E-14 0.0016
  7.53809E-14 0.0016  7.73543E-14 0.0016  7.97205E-14 0.0016  8.20025E-14 0.0016
  8.44051E-14 0.0016  8.67844E-14 0.0015  8.92069E-14 0.0015  9.18167E-14 0.0015
  9.43127E-14 0.0015  9.71870E-14 0.0015  1.00039E-13 0.0015  1.03056E-13 0.0015
  1.06014E-13 0.0015  1.09234E-13 0.0015  1.12690E-13 0.0015  1.16050E-13 0.0015
  1.19589E-13 0.0015  1.22969E-13 0.0015  1.26951E-13 0.0015  1.30857E-13 0.0015
  1.35007E-13 0.0015  1.39140E-13 0.0015  1.43531E-13 0.0014  1.48170E-13 0.0014
  1.53131E-13 0.0014  1.57876E-13 0.0014  1.63056E-13 0.0014  1.68279E-13 0.0014
  1.73545E-13 0.0014  1.79016E-13 0.0014  1.84981E-13 0.0014  1.90963E-13 0.0014
  1.97258E-13 0.0014  2.03893E-13 0.0014  2.10982E-13 0.0014  2.18146E-13 0.0013
  2.25191E-13 0.0013  2.32806E-13 0.0013  2.40112E-13 0.0013  2.48988E-13 0.0013
  2.57399E-13 0.0013  2.67271E-13 0.0013  2.76513E-13 0.0013  2.86562E-13 0.0013
  2.96586E-13 0.0013  3.06438E-13 0.0013  3.17804E-13 0.0012  3.30139E-13 0.0012
  3.42876E-13 0.0012  3.56028E-13 0.0012  3.70573E-13 0.0012  3.85122E-13 0.0012
  4.01298E-13 0.0012  4.21821E-13 0.0011  4.45630E-13 0.0011  4.71464E-13 0.0011
  8.51908E-13 0.0006  1.64272E-11 0.0003
tfc   16       1       1       1       1       1       1     102       1
          64000  1.64554E-11  1.20916E-03  5.98116E+04
         128000  1.64445E-11  8.55880E-04  6.08219E+04
         192000  1.64263E-11  7.01124E-04  6.08737E+04
         256000  1.64285E-11  6.07805E-04  6.09511E+04
         320000  1.64284E-11  5.43569E-04  6.10799E+04
         384000  1.64298E-11  4.95900E-04  6.12276E+04
         448000  1.64293E-11  4.59186E-04  6.12624E+04
         512000  1.64278E-11  4.29482E-04  6.13164E+04
         576000  1.64282E-11  4.04807E-04  6.13863E+04
         640000  1.64290E-11  3.83925E-04  6.14440E+04
         704000  1.64285E-11  3.66135E-04  6.14434E+04
         768000  1.64264E-11  3.50623E-04  6.14429E+04
         832000  1.64265E-11  3.36897E-04  6.14490E+04
         896000  1.64262E-11  3.24662E-04  6.14623E+04
         960000  1.64282E-11  3.13527E-04  6.15144E+04
        1000000  1.64272E-11  3.07291E-04  6.14858E+04
tally   11                   -1    0    0
 0 0 1 0 0 0 0 0 0 0 0 0 0 0 0 0 0 0 0 0 0 0 0 0 0 0 0 0 0 0 0 0 0 0 0 0 0
f        1
    100
d        1
u        0
s        0
m        0
c        2
  9.90000E-01  1.00000E+00
e        0
t        0
vals
  2.07890E-01 0.0020  1.00000E+00 0.0000
tfc   16       1       1       1       1       1       2       1       1
          64000  1.00000E+00  0.00000E+00  1.00000E+30
         128000  1.00000E+00  0.00000E+00  1.00000E+30
         192000  1.00000E+00  0.00000E+00  1.00000E+30
         256000  1.00000E+00  0.00000E+00  1.00000E+30
         320000  1.00000E+00  0.00000E+00  1.00000E+30
         384000  1.00000E+00  0.00000E+00  1.00000E+30
         448000  1.00000E+00  0.00000E+00  1.00000E+30
         512000  1.00000E+00  0.00000E+00  1.00000E+30
         576000  1.00000E+00  0.00000E+00  1.00000E+30
         640000  1.00000E+00  0.00000E+00  1.00000E+30
         704000  1.00000E+00  0.00000E+00  1.00000E+30
         768000  1.00000E+00  0.00000E+00  1.00000E+30
         832000  1.00000E+00  0.00000E+00  1.00000E+30
         896000  1.00000E+00  0.00000E+00  1.00000E+30
         960000  1.00000E+00  0.00000E+00  1.00000E+30
        1000000  1.00000E+00  0.00000E+00  1.00000E+30
tally   21                   -1    0    0
 0 0 1 0 0 0 0 0 0 0 0 0 0 0 0 0 0 0 0 0 0 0 0 0 0 0 0 0 0 0 0 0 0 0 0 0 0
f        1
    101
d        1
u        0
s        0
m        0
c        2
  9.90000E-01  1.00000E+00
e        0
t        0
vals
  0.00000E+00 0.0000  0.00000E+00 0.0000
tfc   16       1       1       1       1       1       2       1       1
          64000  0.00000E+00  0.00000E+00  0.00000E+00
         128000  0.00000E+00  0.00000E+00  0.00000E+00
         192000  0.00000E+00  0.00000E+00  0.00000E+00
         256000  0.00000E+00  0.00000E+00  0.00000E+00
         320000  0.00000E+00  0.00000E+00  0.00000E+00
         384000  0.00000E+00  0.00000E+00  0.00000E+00
         448000  0.00000E+00  0.00000E+00  0.00000E+00
         512000  0.00000E+00  0.00000E+00  0.00000E+00
         576000  0.00000E+00  0.00000E+00  0.00000E+00
         640000  0.00000E+00  0.00000E+00  0.00000E+00
         704000  0.00000E+00  0.00000E+00  0.00000E+00
         768000  0.00000E+00  0.00000E+00  0.00000E+00
         832000  0.00000E+00  0.00000E+00  0.00000E+00
         896000  0.00000E+00  0.00000E+00  0.00000E+00
         960000  0.00000E+00  0.00000E+00  0.00000E+00
        1000000  0.00000E+00  0.00000E+00  0.00000E+00
