1.000000e-03 7.357866e-01
1.068725e-03 7.405784e-01
1.142173e-03 7.462657e-01
1.220669e-03 7.517691e-01
1.304560e-03 7.567641e-01
1.394215e-03 7.640761e-01
1.490033e-03 7.704588e-01
1.592435e-03 7.774206e-01
1.701875e-03 7.843920e-01
1.818837e-03 7.917269e-01
1.943836e-03 7.991052e-01
2.077427e-03 8.056996e-01
2.220198e-03 8.126792e-01
2.372781e-03 8.187534e-01
2.535850e-03 8.246679e-01
2.710127e-03 8.295711e-01
2.896380e-03 8.335410e-01
3.095434e-03 8.377911e-01
3.308168e-03 8.395003e-01
3.535522e-03 8.414457e-01
3.778500e-03 8.421562e-01
4.038178e-03 8.422349e-01
4.315702e-03 8.422170e-01
4.612298e-03 8.427560e-01
4.929278e-03 8.423069e-01
5.268043e-03 8.423552e-01
5.630090e-03 8.422519e-01
6.017017e-03 8.422581e-01
6.430537e-03 8.429557e-01
6.872476e-03 8.441190e-01
7.344787e-03 8.460140e-01
7.849557e-03 8.477050e-01
8.389018e-03 8.508146e-01
8.965554e-03 8.538428e-01
9.581711e-03 8.573018e-01
1.024021e-02 8.619880e-01
1.094397e-02 8.669376e-01
1.169610e-02 8.715355e-01
1.249991e-02 8.769163e-01
1.335897e-02 8.824082e-01
1.427706e-02 8.879254e-01
1.525826e-02 8.930425e-01
1.630688e-02 8.981570e-01
1.742757e-02 9.027391e-01
1.862528e-02 9.065198e-01
1.990530e-02 9.102180e-01
2.127330e-02 9.134449e-01
2.273530e-02 9.158693e-01
2.429779e-02 9.182945e-01
2.596765e-02 9.205605e-01
2.775228e-02 9.215692e-01
2.965955e-02 9.240292e-01
3.169791e-02 9.253207e-01
3.387635e-02 9.269806e-01
3.620450e-02 9.280992e-01
3.869265e-02 9.292965e-01
4.135181e-02 9.302205e-01
4.419371e-02 9.313846e-01
4.723092e-02 9.323493e-01
5.047687e-02 9.329269e-01
5.394589e-02 9.328825e-01
5.765333e-02 9.325641e-01
6.161555e-02 9.326901e-01
6.585008e-02 9.315633e-01
7.037563e-02 9.303920e-01
7.521219e-02 9.289560e-01
8.038115e-02 9.273144e-01
8.590535e-02 9.245681e-01
9.180919e-02 9.220442e-01
9.811878e-02 9.184230e-01
1.048620e-01 9.153782e-01
1.120686e-01 9.111597e-01
1.197706e-01 9.069169e-01
1.280018e-01 9.022908e-01
1.367987e-01 8.978157e-01
1.462002e-01 8.928349e-01
1.562478e-01 8.872557e-01
1.669859e-01 8.826153e-01
1.784621e-01 8.780160e-01
1.907269e-01 8.736465e-01
2.038346e-01 8.703150e-01
2.178431e-01 8.695669e-01
2.328144e-01 8.730432e-01
2.488145e-01 8.913038e-01
2.659143e-01 9.014456e-01
2.841893e-01 8.992470e-01
3.037202e-01 8.984979e-01
3.245934e-01 8.972067e-01
3.469011e-01 8.962388e-01
3.707418e-01 8.952834e-01
3.962211e-01 8.946699e-01
4.234514e-01 8.938754e-01
4.525531e-01 8.931413e-01
4.836548e-01 8.926000e-01
5.168940e-01 8.923490e-01
5.524175e-01 8.917284e-01
5.903824e-01 8.910481e-01
6.309565e-01 8.911919e-01
6.743190e-01 8.908233e-01
7.206615e-01 8.907629e-01
7.701890e-01 8.901797e-01
8.231202e-01 8.901449e-01
8.796892e-01 8.901065e-01
9.401458e-01 8.900912e-01
1.004757e+00 8.892796e-01
1.073809e+00 8.892814e-01
1.147607e+00 8.895147e-01
1.226476e+00 8.895176e-01
1.310766e+00 8.892299e-01
1.400848e+00 8.890333e-01
1.497121e+00 8.894193e-01
1.600011e+00 8.894647e-01
1.709972e+00 8.894428e-01
1.827490e+00 8.897228e-01
1.953084e+00 8.895277e-01
2.087310e+00 8.900031e-01
2.230760e+00 8.905455e-01
2.384069e+00 8.905569e-01
2.547914e+00 8.911482e-01
2.723020e+00 8.921167e-01
2.910159e+00 8.923906e-01
3.110160e+00 8.935442e-01
3.323906e+00 8.939628e-01
3.552341e+00 8.953486e-01
3.796476e+00 8.961805e-01
4.057389e+00 8.974735e-01
4.336233e+00 8.986855e-01
4.634241e+00 9.000471e-01
4.952729e+00 9.018462e-01
5.293105e+00 9.035140e-01
5.656874e+00 9.055441e-01
6.045643e+00 9.076078e-01
6.461130e+00 9.103462e-01
6.905171e+00 9.129490e-01
7.379729e+00 9.164554e-01
7.886901e+00 9.196097e-01
8.428928e+00 9.234292e-01
9.008206e+00 9.272496e-01
9.627295e+00 9.310234e-01
1.028893e+01 9.354751e-01
1.099604e+01 9.407260e-01
1.175174e+01 9.453891e-01
1.255938e+01 9.510198e-01
1.342252e+01 9.564922e-01
1.434499e+01 9.629091e-01
1.533085e+01 9.697848e-01
1.638446e+01 9.766860e-01
1.751048e+01 9.840725e-01
1.871389e+01 9.914820e-01
2.000000e+01 1.000000e+00
