1.000000e-03 1.267156e-03
1.068725e-03 1.452751e-03
1.142173e-03 1.660540e-03
1.220669e-03 1.889967e-03
1.304560e-03 2.143698e-03
1.394215e-03 2.427416e-03
1.490033e-03 2.740819e-03
1.592435e-03 3.079091e-03
1.701875e-03 3.436667e-03
1.818837e-03 3.806779e-03
1.943836e-03 4.169291e-03
2.077427e-03 4.478359e-03
2.220198e-03 4.637605e-03
2.372781e-03 4.273522e-03
2.535850e-03 1.695264e-03
2.710127e-03 2.385811e-03
2.896380e-03 3.096411e-03
3.095434e-03 3.350502e-03
3.308168e-03 4.344194e-03
3.535522e-03 5.087023e-03
3.778500e-03 5.808508e-03
4.038178e-03 6.678221e-03
4.315702e-03 7.775918e-03
4.612298e-03 8.971460e-03
4.929278e-03 1.025949e-02
5.268043e-03 1.167231e-02
5.630090e-03 1.322492e-02
6.017017e-03 1.492684e-02
6.430537e-03 1.675759e-02
6.872476e-03 1.878506e-02
7.344787e-03 2.099374e-02
7.849557e-03 2.334773e-02
8.389018e-03 2.590146e-02
8.965554e-03 2.860811e-02
9.581711e-03 3.149055e-02
1.024021e-02 3.441299e-02
1.094397e-02 3.734027e-02
1.169610e-02 3.989819e-02
1.249991e-02 4.092569e-02
1.335897e-02 1.825148e-02
1.427706e-02 2.211231e-02
1.525826e-02 1.681967e-02
1.630688e-02 1.852211e-02
1.742757e-02 2.161775e-02
1.862528e-02 2.439431e-02
1.990530e-02 2.717788e-02
2.127330e-02 3.006259e-02
2.273530e-02 3.312287e-02
2.429779e-02 3.635317e-02
2.596765e-02 3.984571e-02
2.775228e-02 4.362896e-02
2.965955e-02 4.761736e-02
3.169791e-02 5.200380e-02
3.387635e-02 5.674353e-02
3.620450e-02 6.182796e-02
3.869265e-02 6.722425e-02
4.135181e-02 7.302260e-02
4.419371e-02 7.924189e-02
4.723092e-02 8.608118e-02
5.047687e-02 9.355384e-02
5.394589e-02 1.018520e-01
5.765333e-02 1.107273e-01
6.161555e-02 1.204858e-01
6.585008e-02 1.313262e-01
7.037563e-02 1.432070e-01
7.521219e-02 1.561481e-01
8.038115e-02 1.698966e-01
8.590535e-02 1.812632e-01
9.180919e-02 5.092305e-02
9.811878e-02 5.889255e-02
1.048620e-01 6.696041e-02
1.120686e-01 7.589148e-02
1.197706e-01 8.601155e-02
1.280018e-01 9.773259e-02
1.367987e-01 1.117257e-01
1.462002e-01 1.283836e-01
1.562478e-01 1.484697e-01
1.669859e-01 1.730831e-01
1.784621e-01 2.038230e-01
1.907269e-01 2.430626e-01
2.038346e-01 2.952310e-01
2.178431e-01 3.694542e-01
2.328144e-01 4.897056e-01
2.488145e-01 7.882411e-01
2.659143e-01 9.689707e-01
2.841893e-01 1.020601e+00
3.037202e-01 1.072410e+00
3.245934e-01 1.124205e+00
3.469011e-01 1.175214e+00
3.707418e-01 1.223758e+00
3.962211e-01 1.269699e+00
4.234514e-01 1.311998e+00
4.525531e-01 1.350559e+00
4.836548e-01 1.382945e+00
5.168940e-01 1.410559e+00
5.524175e-01 1.431867e+00
5.903824e-01 1.447178e+00
6.309565e-01 1.455629e+00
6.743190e-01 1.459008e+00
7.206615e-01 1.456443e+00
7.701890e-01 1.447619e+00
8.231202e-01 1.434511e+00
8.796892e-01 1.416293e+00
9.401458e-01 1.393746e+00
1.004757e+00 1.366762e+00
1.073809e+00 1.337814e+00
1.147607e+00 1.304649e+00
1.226476e+00 1.266247e+00
1.310766e+00 1.222719e+00
1.400848e+00 1.174718e+00
1.497121e+00 1.122593e+00
1.600011e+00 1.067566e+00
1.709972e+00 1.011503e+00
1.827490e+00 9.541184e-01
1.953084e+00 8.958814e-01
2.087310e+00 8.384229e-01
2.230760e+00 7.822892e-01
2.384069e+00 7.266149e-01
2.547914e+00 6.735582e-01
2.723020e+00 6.217524e-01
2.910159e+00 5.724941e-01
3.110160e+00 5.252611e-01
3.323906e+00 4.805953e-01
3.552341e+00 4.378429e-01
3.796476e+00 3.979938e-01
4.057389e+00 3.603429e-01
4.336233e+00 3.259004e-01
4.634241e+00 2.933181e-01
4.952729e+00 2.626633e-01
5.293105e+00 2.350573e-01
5.656874e+00 2.094680e-01
6.045643e+00 1.857797e-01
6.461130e+00 1.644392e-01
6.905171e+00 1.448198e-01
7.379729e+00 1.270498e-01
7.886901e+00 1.108583e-01
8.428928e+00 9.630238e-02
9.008206e+00 8.311113e-02
9.627295e+00 7.125258e-02
1.028893e+01 6.059017e-02
1.099604e+01 5.104234e-02
1.175174e+01 4.249967e-02
1.255938e+01 3.484377e-02
1.342252e+01 2.801705e-02
1.434499e+01 2.193882e-02
1.533085e+01 1.653028e-02
1.638446e+01 1.168125e-02
1.751048e+01 7.393404e-03
1.871389e+01 3.534779e-03
2.000000e+01 1.093325e-04
