1.000000e-03 6.464444e-01
1.047452e-03 6.928079e-01
1.097156e-03 7.418583e-01
1.149219e-03 7.930074e-01
1.203752e-03 8.462753e-01
1.260872e-03 9.016600e-01
1.320704e-03 9.588815e-01
1.383374e-03 1.017983e+00
1.449018e-03 1.078715e+00
1.517777e-03 1.141179e+00
1.589799e-03 1.204888e+00
1.665239e-03 1.269852e+00
1.744258e-03 1.335932e+00
1.827027e-03 1.402879e+00
1.913724e-03 1.470905e+00
2.004534e-03 1.539452e+00
2.099654e-03 1.608839e+00
2.199287e-03 1.678660e+00
2.303648e-03 1.749014e+00
2.412961e-03 1.819974e+00
2.527462e-03 1.891706e+00
2.647395e-03 1.964320e+00
2.773020e-03 2.037766e+00
2.904606e-03 2.112456e+00
3.042436e-03 2.188307e+00
3.186807e-03 2.265826e+00
3.338028e-03 2.345306e+00
3.496425e-03 2.426812e+00
3.662338e-03 2.510588e+00
3.836124e-03 2.597067e+00
4.018156e-03 2.686448e+00
4.208827e-03 2.778807e+00
4.408545e-03 2.874397e+00
4.617741e-03 2.973304e+00
4.836863e-03 3.075589e+00
5.066383e-03 3.181307e+00
5.306794e-03 3.290493e+00
5.558613e-03 3.403131e+00
5.822382e-03 3.519165e+00
6.098667e-03 3.638568e+00
6.388062e-03 3.761106e+00
6.691190e-03 3.886533e+00
7.008702e-03 4.014785e+00
7.341280e-03 4.145354e+00
7.689641e-03 4.278064e+00
8.054531e-03 4.412279e+00
8.436737e-03 4.547887e+00
8.837079e-03 4.683762e+00
9.256418e-03 4.820019e+00
9.695656e-03 4.956388e+00
1.015574e-02 5.091390e+00
1.063765e-02 5.225685e+00
1.114243e-02 5.357397e+00
1.167116e-02 5.487096e+00
1.222498e-02 5.614209e+00
1.280509e-02 5.738414e+00
1.341272e-02 5.859625e+00
1.404918e-02 5.977185e+00
1.471585e-02 6.091694e+00
1.541415e-02 6.202249e+00
1.614558e-02 6.309768e+00
1.691173e-02 6.413757e+00
1.771422e-02 6.514788e+00
1.855480e-02 6.612597e+00
1.943527e-02 6.707461e+00
2.035752e-02 6.800044e+00
2.132353e-02 6.890197e+00
2.233538e-02 6.978664e+00
2.339524e-02 7.065029e+00
2.450540e-02 7.149393e+00
2.566823e-02 7.231665e+00
2.688625e-02 7.312074e+00
2.816206e-02 7.390710e+00
2.949841e-02 7.467050e+00
3.089818e-02 7.541559e+00
3.236437e-02 7.613730e+00
3.390013e-02 7.683696e+00
3.550877e-02 7.751210e+00
3.719374e-02 7.816705e+00
3.895866e-02 7.880165e+00
4.080734e-02 7.941140e+00
4.274374e-02 8.000126e+00
4.477202e-02 8.056689e+00
4.689655e-02 8.111259e+00
4.912190e-02 8.163843e+00
5.145285e-02 8.214831e+00
5.389440e-02 8.264343e+00
5.645181e-02 8.312563e+00
5.913057e-02 8.359898e+00
6.193645e-02 8.406405e+00
6.487547e-02 8.452626e+00
6.795396e-02 8.498848e+00
7.117853e-02 8.545472e+00
7.455611e-02 8.592870e+00
7.809396e-02 8.641547e+00
8.179969e-02 8.691846e+00
8.568127e-02 8.744655e+00
8.974704e-02 8.800205e+00
9.400574e-02 8.859518e+00
9.846652e-02 8.923227e+00
1.031390e-01 8.992240e+00
1.080332e-01 9.067982e+00
1.131596e-01 9.150989e+00
1.185292e-01 9.244112e+00
1.241537e-01 9.347707e+00
1.300451e-01 9.465400e+00
1.362160e-01 9.599081e+00
1.426798e-01 9.752478e+00
1.494502e-01 9.930948e+00
1.565420e-01 1.013792e+01
1.639703e-01 1.038568e+01
1.717510e-01 1.067896e+01
1.799010e-01 1.103870e+01
1.884377e-01 1.148140e+01
1.973795e-01 1.204180e+01
2.067456e-01 1.210752e+01
2.165561e-01 1.105845e+01
2.268322e-01 1.013947e+01
2.375959e-01 9.325458e+00
2.488703e-01 8.604401e+00
2.606798e-01 7.959124e+00
2.730496e-01 7.379366e+00
2.860065e-01 6.854904e+00
2.995781e-01 6.377014e+00
3.137938e-01 5.939469e+00
3.286840e-01 5.535659e+00
3.442808e-01 5.161161e+00
3.606177e-01 4.811662e+00
3.777298e-01 4.483792e+00
3.956539e-01 4.174649e+00
4.144285e-01 3.882135e+00
4.340941e-01 3.603653e+00
4.546928e-01 3.338556e+00
4.762690e-01 3.084115e+00
4.988691e-01 2.840511e+00
5.225415e-01 2.605910e+00
5.473373e-01 2.379837e+00
5.733097e-01 2.161943e+00
6.005145e-01 1.950552e+00
6.290102e-01 1.747092e+00
6.588582e-01 1.548318e+00
6.901225e-01 1.356690e+00
7.228703e-01 1.169874e+00
7.571721e-01 9.884904e-01
7.931017e-01 8.126773e-01
8.307361e-01 6.399220e-01
8.701564e-01 4.747902e-01
9.114473e-01 3.115878e-01
9.546975e-01 1.522822e-01
1.000000e+00 0.000000e+00
