1.000000e-03 1.511236e-03
1.068725e-03 1.739696e-03
1.142173e-03 1.988147e-03
1.220669e-03 2.250212e-03
1.304560e-03 2.506506e-03
1.394215e-03 2.687705e-03
1.490033e-03 2.504758e-03
1.592435e-03 2.946850e-04
1.701875e-03 4.690690e-04
1.818837e-03 6.073005e-04
1.943836e-03 7.464267e-04
2.077427e-03 8.964599e-04
2.220198e-03 1.062789e-03
2.372781e-03 1.250390e-03
2.535850e-03 1.463670e-03
2.710127e-03 1.710662e-03
2.896380e-03 1.990954e-03
3.095434e-03 2.311431e-03
3.308168e-03 2.682629e-03
3.535522e-03 3.110625e-03
3.778500e-03 3.604745e-03
4.038178e-03 4.162734e-03
4.315702e-03 4.813267e-03
4.612298e-03 5.556564e-03
4.929278e-03 6.401528e-03
5.268043e-03 7.361878e-03
5.630090e-03 8.455504e-03
6.017017e-03 9.701800e-03
6.430537e-03 1.110076e-02
6.872476e-03 1.268333e-02
7.344787e-03 1.447866e-02
7.849557e-03 1.648400e-02
8.389018e-03 1.874418e-02
8.965554e-03 2.129284e-02
9.581711e-03 2.416072e-02
1.024021e-02 2.744996e-02
1.094397e-02 3.115760e-02
1.169610e-02 3.539192e-02
1.249991e-02 4.026343e-02
1.335897e-02 4.586844e-02
1.427706e-02 5.227218e-02
1.525826e-02 5.974966e-02
1.630688e-02 6.836312e-02
1.742757e-02 7.832872e-02
1.862528e-02 8.992974e-02
1.990530e-02 1.034248e-01
2.127330e-02 1.190077e-01
2.273530e-02 1.370209e-01
2.429779e-02 1.579495e-01
2.596765e-02 1.819122e-01
2.775228e-02 2.093358e-01
2.965955e-02 2.404526e-01
3.169791e-02 2.757099e-01
3.387635e-02 3.152651e-01
3.620450e-02 3.588830e-01
3.869265e-02 4.064943e-01
4.135181e-02 4.582936e-01
4.419371e-02 5.136721e-01
4.723092e-02 5.717667e-01
5.047687e-02 6.317926e-01
5.394589e-02 6.943195e-01
5.765333e-02 7.573087e-01
6.161555e-02 8.198757e-01
6.585008e-02 8.822816e-01
7.037563e-02 9.439628e-01
7.521219e-02 1.003750e+00
8.038115e-02 1.061855e+00
8.590535e-02 1.120356e+00
9.180919e-02 1.177339e+00
9.811878e-02 1.233163e+00
1.048620e-01 1.290629e+00
1.120686e-01 1.349513e+00
1.197706e-01 1.409825e+00
1.280018e-01 1.473753e+00
1.367987e-01 1.545111e+00
1.462002e-01 1.623499e+00
1.562478e-01 1.711926e+00
1.669859e-01 1.818507e+00
1.784621e-01 1.948442e+00
1.907269e-01 2.112227e+00
2.038346e-01 2.332131e+00
2.178431e-01 2.657640e+00
2.328144e-01 3.216346e+00
2.488145e-01 4.778205e+00
2.659143e-01 5.275561e+00
2.841893e-01 4.954158e+00
3.037202e-01 4.661003e+00
3.245934e-01 4.394920e+00
3.469011e-01 4.153800e+00
3.707418e-01 3.930281e+00
3.962211e-01 3.722068e+00
4.234514e-01 3.532588e+00
4.525531e-01 3.354845e+00
4.836548e-01 3.187220e+00
5.168940e-01 3.030927e+00
5.524175e-01 2.885090e+00
5.903824e-01 2.746299e+00
6.309565e-01 2.613984e+00
6.743190e-01 2.491555e+00
7.206615e-01 2.374337e+00
7.701890e-01 2.262005e+00
8.231202e-01 2.156182e+00
8.796892e-01 2.056110e+00
9.401458e-01 1.959874e+00
1.004757e+00 1.867536e+00
1.073809e+00 1.781495e+00
1.147607e+00 1.698368e+00
1.226476e+00 1.617926e+00
1.310766e+00 1.541628e+00
1.400848e+00 1.468542e+00
1.497121e+00 1.397460e+00
1.600011e+00 1.328699e+00
1.709972e+00 1.263760e+00
1.827490e+00 1.200496e+00
1.953084e+00 1.138805e+00
2.087310e+00 1.080033e+00
2.230760e+00 1.023418e+00
2.384069e+00 9.681267e-01
2.547914e+00 9.148407e-01
2.723020e+00 8.640306e-01
2.910159e+00 8.145800e-01
3.110160e+00 7.664558e-01
3.323906e+00 7.204959e-01
3.552341e+00 6.760662e-01
3.796476e+00 6.329676e-01
4.057389e+00 5.912190e-01
4.336233e+00 5.516624e-01
4.634241e+00 5.130218e-01
4.952729e+00 4.756651e-01
5.293105e+00 4.403474e-01
5.656874e+00 4.061372e-01
6.045643e+00 3.730189e-01
6.461130e+00 3.416882e-01
6.905171e+00 3.116311e-01
7.379729e+00 2.829740e-01
7.886901e+00 2.555061e-01
8.428928e+00 2.296374e-01
9.008206e+00 2.049558e-01
9.627295e+00 1.816006e-01
1.028893e+01 1.595176e-01
1.099604e+01 1.387274e-01
1.175174e+01 1.191618e-01
1.255938e+01 1.006765e-01
1.342252e+01 8.336160e-02
1.434499e+01 6.712198e-02
1.533085e+01 5.189929e-02
1.638446e+01 3.755625e-02
1.751048e+01 2.426028e-02
1.871389e+01 1.172085e-02
2.000000e+01 1.666486e-05
