1.000000e-03 9.790667e-01
1.068725e-03 9.762455e-01
1.142173e-03 9.733491e-01
1.220669e-03 9.701399e-01
1.304560e-03 9.665451e-01
1.394215e-03 9.627569e-01
1.490033e-03 9.581988e-01
1.592435e-03 9.535070e-01
1.701875e-03 9.480002e-01
1.818837e-03 9.424320e-01
1.943836e-03 9.362012e-01
2.077427e-03 9.297193e-01
2.220198e-03 9.227916e-01
2.372781e-03 9.149347e-01
2.535850e-03 9.066913e-01
2.710127e-03 8.976794e-01
2.896380e-03 8.876588e-01
3.095434e-03 8.781611e-01
3.308168e-03 8.672902e-01
3.535522e-03 8.557762e-01
3.778500e-03 8.432316e-01
4.038178e-03 8.303533e-01
4.315702e-03 8.166110e-01
4.612298e-03 8.019356e-01
4.929278e-03 7.866311e-01
5.268043e-03 7.706332e-01
5.630090e-03 7.541673e-01
6.017017e-03 7.371159e-01
6.430537e-03 7.192583e-01
6.872476e-03 7.011139e-01
7.344787e-03 6.819731e-01
7.849557e-03 6.627213e-01
8.389018e-03 6.440591e-01
8.965554e-03 6.229769e-01
9.581711e-03 6.029263e-01
1.024021e-02 5.824414e-01
1.094397e-02 5.620387e-01
1.169610e-02 5.414849e-01
1.249991e-02 5.195550e-01
1.335897e-02 4.981814e-01
1.427706e-02 4.772855e-01
1.525826e-02 4.550755e-01
1.630688e-02 4.334265e-01
1.742757e-02 4.119828e-01
1.862528e-02 3.911566e-01
1.990530e-02 3.711858e-01
2.127330e-02 3.504555e-01
2.273530e-02 3.316401e-01
2.429779e-02 3.131765e-01
2.596765e-02 2.950064e-01
2.775228e-02 2.782666e-01
2.965955e-02 2.612271e-01
3.169791e-02 2.457034e-01
3.387635e-02 2.304631e-01
3.620450e-02 2.161475e-01
3.869265e-02 2.021492e-01
4.135181e-02 1.873748e-01
4.419371e-02 1.719100e-01
4.723092e-02 1.654077e-01
5.047687e-02 1.469196e-01
5.394589e-02 1.419642e-01
5.765333e-02 1.328505e-01
6.161555e-02 1.183374e-01
6.585008e-02 1.064785e-01
7.037563e-02 1.018654e-01
7.521219e-02 9.220311e-02
8.038115e-02 8.481004e-02
8.590535e-02 7.978473e-02
9.180919e-02 7.204255e-02
9.811878e-02 6.564962e-02
1.048620e-01 5.868012e-02
1.120686e-01 5.451228e-02
1.197706e-01 4.848825e-02
1.280018e-01 4.586567e-02
1.367987e-01 4.025382e-02
1.462002e-01 3.589775e-02
1.562478e-01 3.385587e-02
1.669859e-01 2.983486e-02
1.784621e-01 2.814995e-02
1.907269e-01 2.583916e-02
2.038346e-01 2.335463e-02
2.178431e-01 2.102059e-02
2.328144e-01 1.815963e-02
2.488145e-01 1.618170e-02
2.659143e-01 1.432949e-02
2.841893e-01 1.334353e-02
3.037202e-01 1.323315e-02
3.245934e-01 1.139901e-02
3.469011e-01 9.191563e-03
3.707418e-01 4.927038e-03
3.962211e-01 8.198753e-03
4.234514e-01 1.643561e-02
4.525531e-01 6.512484e-03
4.836548e-01 4.984570e-03
5.168940e-01 2.818581e-03
5.524175e-01 5.541980e-03
5.903824e-01 4.463876e-03
6.309565e-01 2.015856e-03
6.743190e-01 4.876819e-03
7.206615e-01 1.333168e-03
7.701890e-01 1.340612e-03
8.231202e-01 1.793470e-03
8.796892e-01 2.093071e-03
9.401458e-01 2.466253e-03
1.004757e+00 1.421777e-03
1.073809e+00 1.007754e-03
1.147607e+00 7.591531e-04
1.226476e+00 3.344998e-04
1.310766e+00 3.623968e-04
1.400848e+00 2.051981e-04
1.497121e+00 9.079746e-04
1.600011e+00 4.616951e-04
1.709972e+00 1.129983e-04
1.827490e+00 2.065168e-04
1.953084e+00 4.546093e-04
2.087310e+00 2.872162e-04
2.230760e+00 3.458934e-05
2.384069e+00 9.939155e-05
2.547914e+00 8.536133e-05
2.723020e+00 1.184900e-04
2.910159e+00 9.666338e-05
3.110160e+00 3.221623e-05
3.323906e+00 2.083137e-04
3.552341e+00 1.784509e-04
3.796476e+00 2.289787e-04
4.057389e+00 3.146213e-05
4.336233e+00 4.594411e-05
4.634241e+00 1.011722e-05
4.952729e+00 6.508247e-05
5.293105e+00 4.744648e-05
5.656874e+00 5.767437e-05
6.045643e+00 1.309143e-04
6.461130e+00 8.115331e-06
6.905171e+00 1.922883e-05
7.379729e+00 8.450893e-06
7.886901e+00 6.309927e-06
8.428928e+00 6.037542e-06
9.008206e+00 8.568985e-06
9.627295e+00 6.871423e-06
1.028893e+01 3.332624e-06
1.099604e+01 5.114999e-06
1.175174e+01 4.645977e-06
1.255938e+01 6.054174e-06
1.342252e+01 2.211189e-06
1.434499e+01 9.107207e-07
1.533085e+01 1.845235e-06
1.638446e+01 2.570306e-06
1.751048e+01 1.160679e-05
1.871389e+01 1.869600e-06
2.000000e+01 1.085980e-06
