1.000000e-03 6.398300e-01
1.068725e-03 7.037470e-01
1.142173e-03 7.740491e-01
1.220669e-03 8.513741e-01
1.304560e-03 9.302144e-01
1.394215e-03 1.010519e+00
1.490033e-03 1.097757e+00
1.592435e-03 1.191431e+00
1.701875e-03 1.277731e+00
1.818837e-03 1.370282e+00
1.943836e-03 1.469538e+00
2.077427e-03 1.565114e+00
2.220198e-03 1.659450e+00
2.372781e-03 1.759473e+00
2.535850e-03 1.863512e+00
2.710127e-03 1.960963e+00
2.896380e-03 2.063509e+00
3.095434e-03 2.171418e+00
3.308168e-03 2.279454e+00
3.535522e-03 2.390125e+00
3.778500e-03 2.506169e+00
4.038178e-03 2.627109e+00
4.315702e-03 2.751041e+00
4.612298e-03 2.880821e+00
4.929278e-03 3.016722e+00
5.268043e-03 3.159610e+00
5.630090e-03 3.309468e+00
6.017017e-03 3.466433e+00
6.430537e-03 3.627895e+00
6.872476e-03 3.789175e+00
7.344787e-03 3.957624e+00
7.849557e-03 4.133562e+00
8.389018e-03 4.300570e+00
8.965554e-03 4.470546e+00
9.581711e-03 4.647239e+00
1.024021e-02 4.819317e+00
1.094397e-02 4.976187e+00
1.169610e-02 5.138163e+00
1.249991e-02 5.305411e+00
1.335897e-02 5.441201e+00
1.427706e-02 5.575957e+00
1.525826e-02 5.714049e+00
1.630688e-02 5.838597e+00
1.742757e-02 5.942819e+00
1.862528e-02 6.048901e+00
1.990530e-02 6.156876e+00
2.127330e-02 6.235155e+00
2.273530e-02 6.313235e+00
2.429779e-02 6.392293e+00
2.596765e-02 6.458672e+00
2.775228e-02 6.511952e+00
2.965955e-02 6.565672e+00
3.169791e-02 6.618898e+00
3.387635e-02 6.646986e+00
3.620450e-02 6.675193e+00
3.869265e-02 6.703520e+00
4.135181e-02 6.716327e+00
4.419371e-02 6.717423e+00
4.723092e-02 6.718520e+00
5.047687e-02 6.716601e+00
5.394589e-02 6.689575e+00
5.765333e-02 6.662659e+00
6.161555e-02 6.635850e+00
6.585008e-02 6.595218e+00
7.037563e-02 6.547152e+00
7.521219e-02 6.499437e+00
8.038115e-02 6.447877e+00
8.590535e-02 6.377622e+00
9.180919e-02 6.308133e+00
9.811878e-02 6.239401e+00
1.048620e-01 6.158343e+00
1.120686e-01 6.073182e+00
1.197706e-01 5.989200e+00
1.280018e-01 5.902370e+00
1.367987e-01 5.804979e+00
1.462002e-01 5.709195e+00
1.562478e-01 5.614991e+00
1.669859e-01 5.511396e+00
1.784621e-01 5.406784e+00
1.907269e-01 5.304158e+00
2.038346e-01 5.199792e+00
2.178431e-01 5.089845e+00
2.328144e-01 4.982223e+00
2.488145e-01 4.876877e+00
2.659143e-01 4.765645e+00
2.841893e-01 4.655629e+00
3.037202e-01 4.548152e+00
3.245934e-01 4.440083e+00
3.469011e-01 4.329944e+00
3.707418e-01 4.222537e+00
3.962211e-01 4.117794e+00
4.234514e-01 4.009512e+00
4.525531e-01 3.903616e+00
4.836548e-01 3.800517e+00
5.168940e-01 3.697371e+00
5.524175e-01 3.593916e+00
5.903824e-01 3.493355e+00
6.309565e-01 3.395608e+00
6.743190e-01 3.295402e+00
7.206615e-01 3.198152e+00
7.701890e-01 3.103772e+00
8.231202e-01 3.009489e+00
8.796892e-01 2.915811e+00
9.401458e-01 2.825049e+00
1.004757e+00 2.736777e+00
1.073809e+00 2.647041e+00
1.147607e+00 2.560247e+00
1.226476e+00 2.476299e+00
1.310766e+00 2.392554e+00
1.400848e+00 2.310052e+00
1.497121e+00 2.230395e+00
1.600011e+00 2.152925e+00
1.709972e+00 2.074907e+00
1.827490e+00 1.999717e+00
1.953084e+00 1.927252e+00
2.087310e+00 1.855191e+00
2.230760e+00 1.784811e+00
2.384069e+00 1.717101e+00
2.547914e+00 1.651331e+00
2.723020e+00 1.585868e+00
2.910159e+00 1.523000e+00
3.110160e+00 1.462624e+00
3.323906e+00 1.402879e+00
3.552341e+00 1.345011e+00
3.796476e+00 1.289530e+00
4.057389e+00 1.235771e+00
4.336233e+00 1.182896e+00
4.634241e+00 1.132283e+00
4.952729e+00 1.083836e+00
5.293105e+00 1.036190e+00
5.656874e+00 9.903755e-01
6.045643e+00 9.465862e-01
6.461130e+00 9.042858e-01
6.905171e+00 8.631068e-01
7.379729e+00 8.238029e-01
7.886901e+00 7.862889e-01
8.428928e+00 7.496305e-01
9.008206e+00 7.145837e-01
9.627295e+00 6.811754e-01
1.028893e+01 6.490059e-01
1.099604e+01 6.179454e-01
1.175174e+01 5.883715e-01
1.255938e+01 5.602129e-01
1.342252e+01 5.328654e-01
1.434499e+01 5.068342e-01
1.533085e+01 4.820747e-01
1.638446e+01 4.583059e-01
1.751048e+01 4.355009e-01
1.871389e+01 4.138308e-01
2.000000e+01 3.932267e-01
