1.000000e-03 7.608101e-01
1.159261e-03 7.604680e-01
1.343887e-03 7.604458e-01
1.557916e-03 7.612325e-01
1.806032e-03 7.607582e-01
2.093663e-03 7.608302e-01
2.427102e-03 7.607196e-01
2.813645e-03 7.613705e-01
3.261750e-03 7.606358e-01
3.781221e-03 7.600837e-01
4.383423e-03 7.604299e-01
5.081532e-03 7.604441e-01
5.890824e-03 7.606666e-01
6.829004e-03 7.594922e-01
7.916600e-03 7.597095e-01
9.177408e-03 7.598185e-01
1.063901e-02 7.597721e-01
1.233340e-02 7.589072e-01
1.429763e-02 7.584896e-01
1.657469e-02 7.588113e-01
1.921439e-02 7.580799e-01
2.227450e-02 7.580219e-01
2.582197e-02 7.570882e-01
2.993441e-02 7.572450e-01
3.470180e-02 7.564412e-01
4.022846e-02 7.567522e-01
4.663529e-02 7.562639e-01
5.406249e-02 7.558396e-01
6.267255e-02 7.559537e-01
7.265386e-02 7.548995e-01
8.422481e-02 7.555960e-01
9.763856e-02 7.556771e-01
1.131886e-01 7.564781e-01
1.312152e-01 7.569388e-01
1.521127e-01 7.590800e-01
1.763383e-01 7.607824e-01
2.044222e-01 7.623565e-01
2.369787e-01 7.652076e-01
2.747203e-01 7.683591e-01
3.184726e-01 7.717242e-01
3.691930e-01 7.754620e-01
4.279911e-01 7.794021e-01
4.961535e-01 7.831703e-01
5.751716e-01 7.878978e-01
6.667741e-01 7.910316e-01
7.729654e-01 7.940211e-01
8.960689e-01 7.955049e-01
1.038778e+00 7.966886e-01
1.204215e+00 7.950947e-01
1.396000e+00 7.921769e-01
1.397000e+00 7.925903e-01
1.435065e+00 7.917264e-01
1.474167e+00 7.911186e-01
1.514334e+00 7.902565e-01
1.555596e+00 7.898425e-01
1.597982e+00 7.882447e-01
1.641523e+00 7.869761e-01
1.686250e+00 7.861141e-01
1.732196e+00 7.847160e-01
1.779394e+00 7.833920e-01
1.827878e+00 7.819625e-01
1.877683e+00 7.804841e-01
1.928846e+00 7.792416e-01
1.981402e+00 7.774939e-01
2.035390e+00 7.756365e-01
2.090849e+00 7.742950e-01
2.147820e+00 7.719016e-01
2.206342e+00 7.705350e-01
2.266460e+00 7.681400e-01
2.328215e+00 7.666118e-01
2.391653e+00 7.645212e-01
2.456819e+00 7.619859e-01
2.523762e+00 7.595424e-01
2.592528e+00 7.571885e-01
2.663168e+00 7.538912e-01
2.735732e+00 7.520587e-01
2.810274e+00 7.494280e-01
2.886847e+00 7.464481e-01
2.965506e+00 7.440913e-01
3.046309e+00 7.415025e-01
3.129313e+00 7.382882e-01
3.214579e+00 7.356282e-01
3.302168e+00 7.321584e-01
3.392144e+00 7.293527e-01
3.484571e+00 7.257806e-01
3.579517e+00 7.222634e-01
3.677050e+00 7.193403e-01
3.777240e+00 7.152072e-01
3.880161e+00 7.125512e-01
3.985885e+00 7.091014e-01
4.094491e+00 7.050981e-01
4.206055e+00 7.014243e-01
4.320660e+00 6.982263e-01
4.438387e+00 6.937671e-01
4.559322e+00 6.899827e-01
4.683552e+00 6.864615e-01
4.811167e+00 6.820818e-01
4.942259e+00 6.783278e-01
5.076923e+00 6.738599e-01
5.215256e+00 6.699618e-01
5.357359e+00 6.655753e-01
5.503333e+00 6.613571e-01
5.653285e+00 6.575787e-01
5.807323e+00 6.525257e-01
5.965558e+00 6.485811e-01
6.128105e+00 6.432474e-01
6.295080e+00 6.385058e-01
6.466605e+00 6.348104e-01
6.642804e+00 6.307341e-01
6.823804e+00 6.245464e-01
7.009735e+00 6.201702e-01
7.200733e+00 6.164433e-01
7.396935e+00 6.112179e-01
7.598483e+00 6.060536e-01
7.805522e+00 6.017354e-01
8.018203e+00 5.965516e-01
8.236679e+00 5.916901e-01
8.461108e+00 5.871046e-01
8.691652e+00 5.818917e-01
8.928477e+00 5.767606e-01
9.171756e+00 5.726838e-01
9.421663e+00 5.679231e-01
9.678380e+00 5.631297e-01
9.942091e+00 5.574819e-01
1.021299e+01 5.527855e-01
1.049127e+01 5.471863e-01
1.077713e+01 5.423897e-01
1.107078e+01 5.370706e-01
1.137243e+01 5.325276e-01
1.168230e+01 5.276585e-01
1.200061e+01 5.221496e-01
1.232760e+01 5.182106e-01
1.266349e+01 5.119642e-01
1.300854e+01 5.070392e-01
1.336299e+01 5.021373e-01
1.372710e+01 4.972209e-01
1.410113e+01 4.925416e-01
1.448535e+01 4.869595e-01
1.488004e+01 4.820415e-01
1.528548e+01 4.766174e-01
1.570197e+01 4.718845e-01
1.612981e+01 4.670102e-01
1.656931e+01 4.620336e-01
1.702078e+01 4.565899e-01
1.748455e+01 4.516697e-01
1.796096e+01 4.469445e-01
1.845036e+01 4.419176e-01
1.895308e+01 4.373275e-01
1.946950e+01 4.318976e-01
2.000000e+01 4.279012e-01
