1.000000e-03 8.111352e-01
1.068725e-03 8.110051e-01
1.142173e-03 8.107446e-01
1.220669e-03 8.111278e-01
1.304560e-03 8.108374e-01
1.394215e-03 8.117929e-01
1.490033e-03 8.116949e-01
1.592435e-03 8.107930e-01
1.701875e-03 8.113829e-01
1.818837e-03 8.113819e-01
1.943836e-03 8.117708e-01
2.077427e-03 8.120900e-01
2.220198e-03 8.119107e-01
2.372781e-03 8.127062e-01
2.535850e-03 8.122413e-01
2.710127e-03 8.126311e-01
2.896380e-03 8.131534e-01
3.095434e-03 8.136739e-01
3.308168e-03 8.138221e-01
3.535522e-03 8.141812e-01
3.778500e-03 8.141756e-01
4.038178e-03 8.144232e-01
4.315702e-03 8.151231e-01
4.612298e-03 8.160163e-01
4.929278e-03 8.163325e-01
5.268043e-03 8.175904e-01
5.630090e-03 8.178445e-01
6.017017e-03 8.191700e-01
6.430537e-03 8.198183e-01
6.872476e-03 8.206255e-01
7.344787e-03 8.218279e-01
7.849557e-03 8.235073e-01
8.389018e-03 8.246613e-01
8.965554e-03 8.263691e-01
9.581711e-03 8.280463e-01
1.024021e-02 8.290407e-01
1.094397e-02 8.309917e-01
1.169610e-02 8.325295e-01
1.249991e-02 8.348931e-01
1.335897e-02 8.365588e-01
1.427706e-02 8.386714e-01
1.525826e-02 8.413233e-01
1.630688e-02 8.432018e-01
1.742757e-02 8.465550e-01
1.862528e-02 8.494586e-01
1.990530e-02 8.528864e-01
2.127330e-02 8.563152e-01
2.273530e-02 8.600944e-01
2.429779e-02 8.635574e-01
2.596765e-02 8.672626e-01
2.775228e-02 8.713122e-01
2.965955e-02 8.740097e-01
3.169791e-02 8.774286e-01
3.387635e-02 8.806049e-01
3.620450e-02 8.832075e-01
3.869265e-02 8.859278e-01
4.135181e-02 8.886591e-01
4.419371e-02 8.911558e-01
4.723092e-02 8.943681e-01
5.047687e-02 8.972341e-01
5.394589e-02 9.005901e-01
5.765333e-02 9.039628e-01
6.161555e-02 9.069554e-01
6.585008e-02 9.104388e-01
7.037563e-02 9.143747e-01
7.521219e-02 9.175950e-01
8.038115e-02 9.209441e-01
8.590535e-02 9.243380e-01
9.180919e-02 9.271909e-01
9.811878e-02 9.300374e-01
1.048620e-01 9.324769e-01
1.120686e-01 9.357962e-01
1.197706e-01 9.384935e-01
1.280018e-01 9.410117e-01
1.367987e-01 9.439901e-01
1.462002e-01 9.463699e-01
1.562478e-01 9.496185e-01
1.669859e-01 9.519245e-01
1.784621e-01 9.546010e-01
1.907269e-01 9.566788e-01
2.038346e-01 9.587122e-01
2.178431e-01 9.601472e-01
2.328144e-01 9.617532e-01
2.488145e-01 9.631137e-01
2.659143e-01 9.639483e-01
2.841893e-01 9.651010e-01
3.037202e-01 9.660818e-01
3.245934e-01 9.669809e-01
3.469011e-01 9.680424e-01
3.707418e-01 9.690221e-01
3.962211e-01 9.703540e-01
4.234514e-01 9.713844e-01
4.525531e-01 9.725892e-01
4.836548e-01 9.740860e-01
5.168940e-01 9.752763e-01
5.524175e-01 9.766581e-01
5.903824e-01 9.782668e-01
6.309565e-01 9.794734e-01
6.743190e-01 9.807276e-01
7.206615e-01 9.822552e-01
7.701890e-01 9.834932e-01
8.231202e-01 9.846625e-01
8.796892e-01 9.859866e-01
9.401458e-01 9.871336e-01
1.004757e+00 9.881264e-01
1.073809e+00 9.895336e-01
1.147607e+00 9.905039e-01
1.226476e+00 9.913913e-01
1.310766e+00 9.922458e-01
1.400848e+00 9.930556e-01
1.497121e+00 9.937428e-01
1.600011e+00 9.942890e-01
1.709972e+00 9.950115e-01
1.827490e+00 9.955383e-01
1.953084e+00 9.960240e-01
2.087310e+00 9.964313e-01
2.230760e+00 9.968378e-01
2.384069e+00 9.972563e-01
2.547914e+00 9.974907e-01
2.723020e+00 9.978120e-01
2.910159e+00 9.980818e-01
3.110160e+00 9.982932e-01
3.323906e+00 9.984842e-01
3.552341e+00 9.986705e-01
3.796476e+00 9.987988e-01
4.057389e+00 9.989387e-01
4.336233e+00 9.990355e-01
4.634241e+00 9.991450e-01
4.952729e+00 9.992508e-01
5.293105e+00 9.993047e-01
5.656874e+00 9.994157e-01
6.045643e+00 9.994705e-01
6.461130e+00 9.995443e-01
6.905171e+00 9.995855e-01
7.379729e+00 9.996675e-01
7.886901e+00 9.996845e-01
8.428928e+00 9.997295e-01
9.008206e+00 9.997900e-01
9.627295e+00 9.997860e-01
1.028893e+01 9.998160e-01
1.099604e+01 9.998280e-01
1.175174e+01 9.998615e-01
1.255938e+01 9.998650e-01
1.342252e+01 9.998925e-01
1.434499e+01 9.998960e-01
1.533085e+01 9.999165e-01
1.638446e+01 9.999200e-01
1.751048e+01 9.999405e-01
1.871389e+01 9.999365e-01
2.000000e+01 9.999660e-01
