Fission Product Yields for th230(s,f) fission                      231 0  0    0
 9.0230e+04 2.2806e+02         -1          1          2          13484 1451    1
 0.0000e+00 1.0000e+00          0          0          0          63484 1451    2
 0.0000e+00 1.5000e+08          1          0          5          63484 1451    3
 0.0000e+00 0.0000e+00          0          0         11          33484 1451    4
 90-Th-230  NexiaSol   EVAL-DEC07                      R.W. Mills 3484 1451    5
                       DIST-DEC07DRAFT-DEC07           071212     3484 1451    6
 Energy dependent fission yields - UKFY4.1 (Issue 1)              3484 1451    7
 =====================================================            3484 1451    8
 The CYFP code developed by Wahl [1] was used to produce          3484 1451    9
 energy dependent fission yields for fission induced by           3484 1451   10
 neutron, proton, deuteron and alpha particles.                   3484 1451   11
                                                                  3484 1451   12
 References                                                       3484 1451   13
 1) "Systematics of Fission-Product Yields", LA-13928,            3484 1451   14
    A.C. Wahl (2002).                                             3484 1451   15
                                1        451         18          03484 1451   16
                                8        454        591          03484 1451   17
                                8        459        591          03484 1451   18
 0.0000e+00 0.0000e+00          0          0          0          03484 1  099999
                                                                  3484 0  0    0
 9.0230E+04 2.2806E+02          1          0          0          03484 8454    1
 0.0000E+00 0.0000E+00          0          0       2916        7293484 8454    2
 2.9072E+04 0.0000E+00 5.2644E-13 5.2638E-11 2.9073E+04 0.0000E+003484 8454    3
 5.0492E-12 5.0487E-10 2.9074E+04 0.0000E+00 5.5438E-12 5.5433E-103484 8454    4
 2.9075E+04 0.0000E+00 2.6617E-11 2.4913E-10 2.9076E+04 0.0000E+003484 8454    5
 6.9857E-11 4.5197E-10 2.9077E+04 0.0000E+00 1.2088E-10 1.0081E-093484 8454    6
 2.9078E+04 0.0000E+00 1.6012E-11 3.1464E-10 2.9079E+04 0.0000E+003484 8454    7
 1.0797E-12 5.1349E-11 3.0072E+04 0.0000E+00 1.4456E-16 1.4455E-143484 8454    8
 3.0073E+04 0.0000E+00 1.9071E-12 1.5246E-10 3.0073E+04 1.0000E+003484 8454    9
 8.3911E-12 6.7078E-10 3.0074E+04 0.0000E+00 3.4802E-10 3.4799E-083484 8454   10
 3.0075E+04 0.0000E+00 6.1157E-09 5.3635E-08 3.0076E+04 0.0000E+003484 8454   11
 6.2992E-08 2.8599E-07 3.0077E+04 0.0000E+00 1.3815E-07 7.1148E-073484 8454   12
 3.0077E+04 1.0000E+00 3.1399E-08 1.6171E-07 3.0078E+04 0.0000E+003484 8454   13
 2.2553E-07 5.1421E-07 3.0079E+04 0.0000E+00 8.3621E-08 3.6960E-073484 8454   14
 3.0080E+04 0.0000E+00 1.6176E-08 1.7033E-07 3.0081E+04 0.0000E+003484 8454   15
 1.2819E-09 3.2331E-08 3.0082E+04 0.0000E+00 5.1118E-11 3.0461E-093484 8454   16
 3.0083E+04 0.0000E+00 4.9889E-13 4.9884E-11 3.1072E+04 0.0000E+003484 8454   17
 0.0000E+00 0.0000E+00 3.1073E+04 0.0000E+00 0.0000E+00 0.0000E+003484 8454   18
 3.1074E+04 0.0000E+00 1.1897E-13 1.1896E-11 3.1074E+04 1.0000E+003484 8454   19
 3.1550E-14 3.1547E-12 3.1075E+04 0.0000E+00 4.6975E-10 4.6970E-083484 8454   20
 3.1076E+04 0.0000E+00 2.8939E-08 1.3109E-07 3.1077E+04 0.0000E+003484 8454   21
 7.3361E-07 1.8120E-06 3.1078E+04 0.0000E+00 3.9418E-06 5.6762E-063484 8454   22
 3.1079E+04 0.0000E+00 1.2253E-05 1.2008E-05 3.1080E+04 0.0000E+003484 8454   23
 1.1837E-05 1.3849E-05 3.1081E+04 0.0000E+00 8.4769E-06 2.0853E-053484 8454   24
 3.1082E+04 0.0000E+00 1.6551E-06 9.5833E-06 3.1083E+04 0.0000E+003484 8454   25
 1.3615E-07 1.8638E-06 3.1084E+04 0.0000E+00 3.0482E-09 9.7603E-083484 8454   26
 3.1085E+04 0.0000E+00 5.0876E-11 3.7613E-09 3.1086E+04 0.0000E+003484 8454   27
 2.7855E-13 2.7852E-11 3.2072E+04 0.0000E+00 0.0000E+00 0.0000E+003484 8454   28
 3.2073E+04 0.0000E+00 0.0000E+00 0.0000E+00 3.2073E+04 1.0000E+003484 8454   29
 0.0000E+00 0.0000E+00 3.2074E+04 0.0000E+00 0.0000E+00 0.0000E+003484 8454   30
 3.2075E+04 0.0000E+00 1.6015E-14 7.4086E-13 3.2075E+04 1.0000E+003484 8454   31
 7.0464E-14 3.2597E-12 3.2076E+04 0.0000E+00 1.1926E-09 1.1925E-073484 8454   32
 3.2077E+04 0.0000E+00 1.2714E-07 6.5729E-07 3.2077E+04 1.0000E+003484 8454   33
 2.8895E-08 1.4939E-07 3.2078E+04 0.0000E+00 5.3558E-06 7.8194E-063484 8454   34
 3.2079E+04 0.0000E+00 9.9570E-06 1.7624E-05 3.2079E+04 1.0000E+003484 8454   35
 4.3809E-05 7.7543E-05 3.2080E+04 0.0000E+00 3.2718E-04 1.8977E-043484 8454   36
 3.2081E+04 0.0000E+00 7.0624E-04 6.7799E-04 3.2081E+04 1.0000E+003484 8454   37
 2.4338E-04 2.3364E-04 3.2082E+04 0.0000E+00 1.4935E-03 1.0007E-033484 8454   38
 3.2083E+04 0.0000E+00 5.7108E-04 8.1093E-04 3.2084E+04 0.0000E+003484 8454   39
 1.0606E-04 3.4682E-04 3.2085E+04 0.0000E+00 7.9326E-06 6.0446E-053484 8454   40
 3.2086E+04 0.0000E+00 3.3548E-07 5.9212E-06 3.2087E+04 0.0000E+003484 8454   41
 5.0062E-09 2.0220E-07 3.2088E+04 0.0000E+00 3.7638E-11 3.4330E-093484 8454   42
 3.2089E+04 0.0000E+00 1.0342E-13 1.0341E-11 3.3075E+04 0.0000E+003484 8454   43
 0.0000E+00 0.0000E+00 3.3077E+04 0.0000E+00 9.9873E-11 8.7089E-103484 8454   44
 3.3078E+04 0.0000E+00 2.1615E-08 7.4139E-08 3.3079E+04 0.0000E+003484 8454   45
 1.9200E-06 2.8607E-06 3.3080E+04 0.0000E+00 4.4042E-05 3.3032E-053484 8454   46
 3.3081E+04 0.0000E+00 7.2343E-04 3.2554E-04 3.3082E+04 0.0000E+003484 8454   47
 1.4196E-03 8.8017E-04 3.3082E+04 1.0000E+00 2.1232E-03 1.3164E-033484 8454   48
 3.3083E+04 0.0000E+00 8.4654E-03 2.4550E-03 3.3084E+04 0.0000E+003484 8454   49
 6.1656E-03 2.5896E-03 3.3084E+04 1.0000E+00 0.0000E+00 0.0000E+003484 8454   50
 3.3085E+04 0.0000E+00 3.4760E-03 2.9546E-03 3.3086E+04 0.0000E+003484 8454   51
 6.2680E-04 1.1909E-03 3.3087E+04 0.0000E+00 7.0504E-05 3.0740E-043484 8454   52
 3.3088E+04 0.0000E+00 2.1468E-06 2.1382E-05 3.3089E+04 0.0000E+003484 8454   53
 4.0933E-08 9.2018E-07 3.3090E+04 0.0000E+00 3.4913E-10 1.7432E-083484 8454   54
 3.3091E+04 0.0000E+00 3.8513E-12 3.8509E-10 3.4077E+04 0.0000E+003484 8454   55
 8.4933E-17 8.4924E-15 3.4078E+04 0.0000E+00 1.8341E-12 6.4028E-113484 8454   56
 3.4079E+04 0.0000E+00 9.9658E-10 2.5672E-08 3.4079E+04 1.0000E+003484 8454   57
 2.2650E-10 5.8347E-09 3.4080E+04 0.0000E+00 3.2191E-07 1.5709E-063484 8454   58
 3.4081E+04 0.0000E+00 5.0944E-06 1.9614E-05 3.4081E+04 1.0000E+003484 8454   59
 2.2415E-05 8.6297E-05 3.4082E+04 0.0000E+00 9.8682E-04 8.0919E-043484 8454   60
 3.4083E+04 0.0000E+00 5.7432E-03 4.6520E-03 3.4083E+04 1.0000E+003484 8454   61
 1.9792E-03 1.6031E-03 3.4084E+04 0.0000E+00 3.0044E-02 7.5109E-033484 8454   62
 3.4085E+04 0.0000E+00 5.2825E-02 1.1093E-02 3.4086E+04 0.0000E+003484 8454   63
 5.9797E-02 1.7341E-02 3.4087E+04 0.0000E+00 2.5719E-02 1.3888E-023484 8454   64
 3.4088E+04 0.0000E+00 5.5859E-03 6.3679E-03 3.4089E+04 0.0000E+003484 8454   65
 4.2052E-04 1.0723E-03 3.4090E+04 0.0000E+00 2.4614E-05 1.3981E-043484 8454   66
 3.4091E+04 0.0000E+00 9.8602E-07 1.2345E-05 3.4092E+04 0.0000E+003484 8454   67
 3.1736E-08 8.5877E-07 3.4093E+04 0.0000E+00 3.8945E-10 2.2253E-083484 8454   68
 3.4094E+04 0.0000E+00 3.1919E-12 3.1916E-10 3.5079E+04 0.0000E+003484 8454   69
 2.7978E-16 2.7975E-14 3.5080E+04 0.0000E+00 8.8430E-13 8.8421E-113484 8454   70
 3.5080E+04 1.0000E+00 1.7569E-12 1.7568E-10 3.5081E+04 0.0000E+003484 8454   71
 2.8975E-09 5.6299E-08 3.5082E+04 0.0000E+00 3.8767E-07 5.7492E-063484 8454   72
 3.5082E+04 1.0000E+00 2.5921E-07 3.8441E-06 3.5083E+04 0.0000E+003484 8454   73
 4.7837E-05 1.3921E-04 3.5084E+04 0.0000E+00 3.1867E-04 7.5844E-043484 8454   74
 3.5084E+04 1.0000E+00 4.7661E-04 1.1343E-03 3.5085E+04 0.0000E+003484 8454   75
 8.6090E-03 4.5628E-03 3.5086E+04 0.0000E+00 2.8568E-02 7.9989E-033484 8454   76
 3.5087E+04 0.0000E+00 6.3013E-02 1.1972E-02 3.5088E+04 0.0000E+003484 8454   77
 4.2145E-02 9.6934E-03 3.5089E+04 0.0000E+00 1.9256E-02 7.1245E-033484 8454   78
 3.5090E+04 0.0000E+00 4.0053E-03 2.8437E-03 3.5091E+04 0.0000E+003484 8454   79
 1.0274E-03 1.5412E-03 3.5092E+04 0.0000E+00 1.1436E-04 3.6823E-043484 8454   80
 3.5093E+04 0.0000E+00 8.3146E-06 5.6872E-05 3.5094E+04 0.0000E+003484 8454   81
 2.1306E-07 3.0488E-06 3.5095E+04 0.0000E+00 4.7862E-09 1.4081E-073484 8454   82
 3.5096E+04 0.0000E+00 4.3059E-11 2.5736E-09 3.5097E+04 0.0000E+003484 8454   83
 3.4518E-13 3.4515E-11 3.6080E+04 0.0000E+00 0.0000E+00 0.0000E+003484 8454   84
 3.6082E+04 0.0000E+00 1.1384E-11 8.7063E-10 3.6083E+04 0.0000E+003484 8454   85
 1.8561E-10 1.0746E-08 3.6083E+04 1.0000E+00 5.6120E-09 3.2494E-073484 8454   86
 3.6084E+04 0.0000E+00 1.0592E-06 1.1832E-05 3.6085E+04 0.0000E+003484 8454   87
 4.5359E-05 3.9961E-04 3.6085E+04 1.0000E+00 1.5631E-05 1.3771E-043484 8454   88
 3.6086E+04 0.0000E+00 1.6271E-03 2.9125E-03 3.6087E+04 0.0000E+003484 8454   89
 1.3108E-02 1.0093E-02 3.6088E+04 0.0000E+00 4.7769E-02 1.7675E-023484 8454   90
 3.6089E+04 0.0000E+00 6.0093E-02 1.3821E-02 3.6090E+04 0.0000E+003484 8454   91
 6.2693E-02 1.2539E-02 3.6091E+04 0.0000E+00 4.8039E-02 1.2971E-023484 8454   92
 3.6092E+04 0.0000E+00 3.0280E-02 1.3626E-02 3.6093E+04 0.0000E+003484 8454   93
 7.0418E-03 6.1967E-03 3.6094E+04 0.0000E+00 1.0214E-03 1.8282E-033484 8454   94
 3.6095E+04 0.0000E+00 7.0285E-05 2.5795E-04 3.6096E+04 0.0000E+003484 8454   95
 3.3862E-06 2.5431E-05 3.6097E+04 0.0000E+00 7.9377E-08 1.2184E-063484 8454   96
 3.6098E+04 0.0000E+00 1.0987E-09 3.4665E-08 3.6099E+04 0.0000E+003484 8454   97
 4.6221E-12 3.0274E-10 3.7084E+04 0.0000E+00 9.1228E-13 9.1219E-113484 8454   98
 3.7084E+04 1.0000E+00 1.0411E-12 1.0410E-10 3.7085E+04 0.0000E+003484 8454   99
 1.3183E-09 5.5986E-08 3.7086E+04 0.0000E+00 9.6531E-08 3.1961E-063484 8454  100
 3.7086E+04 1.0000E+00 1.1016E-07 3.6475E-06 3.7087E+04 0.0000E+003484 8454  101
 1.5592E-05 1.0259E-04 3.7088E+04 0.0000E+00 2.5539E-04 6.8446E-043484 8454  102
 3.7089E+04 0.0000E+00 2.1641E-03 2.4671E-03 3.7090E+04 0.0000E+003484 8454  103
 1.8454E-03 1.9561E-03 3.7090E+04 1.0000E+00 5.1316E-03 5.4395E-033484 8454  104
 3.7091E+04 0.0000E+00 2.5619E-02 7.4295E-03 3.7092E+04 0.0000E+003484 8454  105
 4.0779E-02 8.5635E-03 3.7093E+04 0.0000E+00 4.4079E-02 9.2567E-033484 8454  106
 3.7094E+04 0.0000E+00 1.7383E-02 5.3886E-03 3.7095E+04 0.0000E+003484 8454  107
 6.0668E-03 3.2154E-03 3.7096E+04 0.0000E+00 8.4139E-04 8.4981E-043484 8454  108
 3.7096E+04 1.0000E+00 0.0000E+00 0.0000E+00 3.7097E+04 0.0000E+003484 8454  109
 1.0315E-04 2.0734E-04 3.7098E+04 0.0000E+00 4.2030E-06 1.7316E-053484 8454  110
 3.7098E+04 1.0000E+00 0.0000E+00 0.0000E+00 3.7099E+04 0.0000E+003484 8454  111
 9.4883E-08 8.1789E-07 3.8086E+04 0.0000E+00 9.5350E-13 9.5340E-113484 8454  112
 3.8087E+04 0.0000E+00 1.4471E-11 1.4469E-09 3.8087E+04 1.0000E+003484 8454  113
 4.3753E-10 4.3749E-08 3.8088E+04 0.0000E+00 7.5832E-08 1.8329E-063484 8454  114
 3.8089E+04 0.0000E+00 3.2753E-06 3.1902E-05 3.8090E+04 0.0000E+003484 8454  115
 8.4549E-05 3.4073E-04 3.8091E+04 0.0000E+00 1.1755E-03 2.0336E-033484 8454  116
 3.8092E+04 0.0000E+00 1.0599E-02 8.3734E-03 3.8093E+04 0.0000E+003484 8454  117
 3.0542E-02 1.2217E-02 3.8094E+04 0.0000E+00 5.1979E-02 1.2995E-023484 8454  118
 3.8095E+04 0.0000E+00 4.2691E-02 8.9651E-03 3.8096E+04 0.0000E+003484 8454  119
 2.6102E-02 6.5255E-03 3.8097E+04 0.0000E+00 8.3899E-03 3.1043E-033484 8454  120
 3.8098E+04 0.0000E+00 1.7190E-03 1.1001E-03 3.8099E+04 0.0000E+003484 8454  121
 1.1478E-04 1.4003E-04 3.8100E+04 0.0000E+00 1.7720E-10 1.4463E-083484 8454  122
 3.8101E+04 0.0000E+00 9.4600E-13 9.4590E-11 3.8105E+04 0.0000E+003484 8454  123
 1.5987E-11 2.2270E-10 3.9089E+04 0.0000E+00 4.0643E-12 4.0639E-103484 8454  124
 3.9089E+04 1.0000E+00 1.4022E-11 1.4021E-09 3.9090E+04 0.0000E+003484 8454  125
 1.3326E-09 9.3952E-08 3.9090E+04 1.0000E+00 1.1534E-09 8.1312E-083484 8454  126
 3.9091E+04 0.0000E+00 7.5841E-08 2.2085E-06 3.9091E+04 1.0000E+003484 8454  127
 2.2008E-07 6.4086E-06 3.9092E+04 0.0000E+00 1.1212E-05 6.9515E-053484 8454  128
 3.9093E+04 0.0000E+00 5.4230E-05 2.9610E-04 3.9093E+04 1.0000E+003484 8454  129
 1.5736E-04 8.5921E-04 3.9094E+04 0.0000E+00 1.1235E-03 1.4156E-033484 8454  130
 3.9095E+04 0.0000E+00 4.4407E-03 2.7532E-03 3.9096E+04 0.0000E+003484 8454  131
 9.2061E-04 6.6284E-04 3.9096E+04 1.0000E+00 5.5450E-03 3.9924E-033484 8454  132
 3.9097E+04 0.0000E+00 2.1691E-03 1.2147E-03 3.9097E+04 1.0000E+003484 8454  133
 6.2944E-03 3.5249E-03 3.9098E+04 0.0000E+00 1.0691E-03 6.2011E-043484 8454  134
 3.9098E+04 1.0000E+00 2.9730E-03 1.7244E-03 3.9099E+04 0.0000E+003484 8454  135
 1.2276E-03 4.7877E-04 3.9100E+04 0.0000E+00 5.2793E-05 1.3885E-043484 8454  136
 3.9100E+04 1.0000E+00 1.4681E-04 3.8610E-04 3.9101E+04 0.0000E+003484 8454  137
 1.6750E-05 4.2043E-05 3.9102E+04 0.0000E+00 7.5392E-07 3.7997E-063484 8454  138
 3.9103E+04 0.0000E+00 1.9264E-08 2.0112E-07 3.9104E+04 0.0000E+003484 8454  139
 4.1941E-10 9.2144E-09 3.9105E+04 0.0000E+00 2.3359E-08 6.2836E-083484 8454  140
 3.9106E+04 0.0000E+00 8.2969E-10 4.8117E-09 3.9107E+04 0.0000E+003484 8454  141
 1.2566E-11 1.9000E-10 3.9108E+04 0.0000E+00 8.2395E-14 3.2958E-123484 8454  142
 4.0090E+04 0.0000E+00 9.5829E-16 9.5820E-14 4.0091E+04 0.0000E+003484 8454  143
 2.3603E-12 2.3600E-10 4.0092E+04 0.0000E+00 7.9308E-10 4.1700E-083484 8454  144
 4.0093E+04 0.0000E+00 6.6360E-08 1.4931E-06 4.0094E+04 0.0000E+003484 8454  145
 2.5158E-06 2.4907E-05 4.0095E+04 0.0000E+00 3.5374E-05 1.5812E-043484 8454  146
 4.0096E+04 0.0000E+00 2.9426E-04 6.0913E-04 4.0097E+04 0.0000E+003484 8454  147
 1.0946E-03 1.0946E-03 4.0098E+04 0.0000E+00 2.4118E-03 1.3265E-033484 8454  148
 4.0099E+04 0.0000E+00 1.7647E-03 7.4117E-04 4.0100E+04 0.0000E+003484 8454  149
 8.2253E-04 4.2771E-04 4.0101E+04 0.0000E+00 2.6496E-04 1.6692E-043484 8454  150
 4.0102E+04 0.0000E+00 6.5227E-05 5.7400E-05 4.0103E+04 0.0000E+003484 8454  151
 1.3830E-05 1.7565E-05 4.0104E+04 0.0000E+00 3.6000E-06 6.0840E-063484 8454  152
 4.0105E+04 0.0000E+00 1.0966E-06 1.9849E-06 4.0106E+04 0.0000E+003484 8454  153
 2.2929E-07 4.4482E-07 4.0107E+04 0.0000E+00 2.1415E-08 5.9533E-083484 8454  154
 4.0108E+04 0.0000E+00 8.6579E-10 5.1948E-09 4.0109E+04 0.0000E+003484 8454  155
 1.5928E-11 2.3780E-10 4.0110E+04 0.0000E+00 1.4238E-13 5.3134E-123484 8454  156
 4.1093E+04 1.0000E+00 8.9046E-14 8.9037E-12 4.1094E+04 0.0000E+003484 8454  157
 7.2261E-12 7.2254E-10 4.1094E+04 1.0000E+00 8.3494E-12 8.3486E-103484 8454  158
 4.1095E+04 0.0000E+00 1.1981E-09 8.6143E-08 4.1095E+04 1.0000E+003484 8454  159
 4.1288E-10 2.9686E-08 4.1096E+04 0.0000E+00 5.0818E-08 8.1918E-073484 8454  160
 4.1097E+04 0.0000E+00 8.9547E-07 1.3065E-05 4.1097E+04 1.0000E+003484 8454  161
 3.0859E-07 4.5023E-06 4.1098E+04 0.0000E+00 2.9518E-06 1.9600E-053484 8454  162
 4.1098E+04 1.0000E+00 5.8646E-06 3.8941E-05 4.1099E+04 0.0000E+003484 8454  163
 2.6657E-05 8.2102E-05 4.1099E+04 1.0000E+00 9.1862E-06 2.8293E-053484 8454  164
 4.1100E+04 0.0000E+00 9.8577E-08 2.8992E-06 4.1100E+04 1.0000E+003484 8454  165
 2.7412E-07 8.0619E-06 4.1101E+04 0.0000E+00 1.0531E-06 7.7296E-063484 8454  166
 4.1102E+04 0.0000E+00 8.0617E-07 5.9334E-06 4.1102E+04 1.0000E+003484 8454  167
 9.2002E-07 6.7714E-06 4.1103E+04 0.0000E+00 1.7670E-06 1.7668E-043484 8454  168
 4.1104E+04 0.0000E+00 1.2546E-06 1.2545E-04 4.1104E+04 1.0000E+003484 8454  169
 4.6507E-07 4.6503E-05 4.1105E+04 0.0000E+00 2.4863E-06 4.4257E-063484 8454  170
 4.1106E+04 0.0000E+00 2.4155E-06 4.2513E-06 4.1107E+04 0.0000E+003484 8454  171
 1.1579E-06 2.0263E-06 4.1108E+04 0.0000E+00 2.5729E-07 4.8370E-073484 8454  172
 4.1109E+04 0.0000E+00 2.6540E-08 7.2188E-08 4.1110E+04 0.0000E+003484 8454  173
 1.3135E-09 7.3688E-09 4.1111E+04 0.0000E+00 3.2645E-11 4.3025E-103484 8454  174
 4.1112E+04 0.0000E+00 4.2553E-13 1.3277E-11 4.2095E+04 0.0000E+003484 8454  175
 2.9915E-15 2.9912E-13 4.2096E+04 0.0000E+00 7.2081E-13 7.2073E-113484 8454  176
 4.2097E+04 0.0000E+00 6.9084E-11 3.9489E-09 4.2098E+04 0.0000E+003484 8454  177
 3.5499E-09 8.9848E-08 4.2099E+04 0.0000E+00 5.4787E-08 6.0869E-073484 8454  178
 4.2100E+04 0.0000E+00 1.3406E-17 1.3405E-15 4.2101E+04 0.0000E+003484 8454  179
 6.6905E-16 6.6898E-14 4.2102E+04 0.0000E+00 2.0515E-14 2.0513E-123484 8454  180
 4.2103E+04 0.0000E+00 3.9943E-13 3.9939E-11 4.2104E+04 0.0000E+003484 8454  181
 7.0597E-12 3.8652E-10 4.2105E+04 0.0000E+00 3.3066E-07 3.3063E-053484 8454  182
 4.2106E+04 0.0000E+00 1.4593E-06 2.5830E-06 4.2107E+04 0.0000E+003484 8454  183
 2.9656E-06 5.0711E-06 4.2108E+04 0.0000E+00 2.8890E-06 4.8534E-063484 8454  184
 4.2109E+04 0.0000E+00 1.4056E-06 2.3473E-06 4.2110E+04 0.0000E+003484 8454  185
 3.4492E-07 6.2085E-07 4.2111E+04 0.0000E+00 4.3134E-08 1.0740E-073484 8454  186
 4.2112E+04 0.0000E+00 2.8074E-09 1.3392E-08 4.2113E+04 0.0000E+003484 8454  187
 9.7447E-11 1.0290E-09 4.2114E+04 0.0000E+00 1.8394E-12 4.4035E-113484 8454  188
 4.3099E+04 0.0000E+00 3.9990E-13 3.9986E-11 4.3099E+04 1.0000E+003484 8454  189
 1.3781E-13 1.3780E-11 4.3101E+04 0.0000E+00 0.0000E+00 0.0000E+003484 8454  190
 4.3102E+04 0.0000E+00 0.0000E+00 0.0000E+00 4.3103E+04 0.0000E+003484 8454  191
 0.0000E+00 0.0000E+00 4.3104E+04 0.0000E+00 0.0000E+00 0.0000E+003484 8454  192
 4.3105E+04 0.0000E+00 1.7591E-09 1.7589E-07 4.3106E+04 0.0000E+003484 8454  193
 4.4696E-08 4.4691E-06 4.3107E+04 0.0000E+00 4.4833E-07 8.1597E-073484 8454  194
 4.3108E+04 0.0000E+00 1.8506E-06 3.1276E-06 4.3109E+04 0.0000E+003484 8454  195
 3.5364E-06 5.7997E-06 4.3110E+04 0.0000E+00 3.4739E-06 5.5930E-063484 8454  196
 4.3111E+04 0.0000E+00 1.8469E-06 2.9919E-06 4.3112E+04 0.0000E+003484 8454  197
 5.3658E-07 9.1756E-07 4.3113E+04 0.0000E+00 8.5146E-08 1.8647E-073484 8454  198
 4.3114E+04 0.0000E+00 7.3954E-09 2.8029E-08 4.3115E+04 0.0000E+003484 8454  199
 3.5251E-10 2.7919E-09 4.3116E+04 0.0000E+00 9.2034E-12 1.6023E-103484 8454  200
 4.3117E+04 0.0000E+00 1.3036E-13 5.0370E-12 4.4099E+04 0.0000E+003484 8454  201
 0.0000E+00 0.0000E+00 4.4101E+04 0.0000E+00 0.0000E+00 0.0000E+003484 8454  202
 4.4102E+04 0.0000E+00 0.0000E+00 0.0000E+00 4.4103E+04 0.0000E+003484 8454  203
 0.0000E+00 0.0000E+00 4.4104E+04 0.0000E+00 0.0000E+00 0.0000E+003484 8454  204
 4.4105E+04 0.0000E+00 2.7137E-13 2.7134E-11 4.4106E+04 0.0000E+003484 8454  205
 4.5555E-11 4.5550E-09 4.4107E+04 0.0000E+00 2.7637E-09 2.7634E-073484 8454  206
 4.4108E+04 0.0000E+00 6.0627E-08 1.3884E-07 4.4109E+04 0.0000E+003484 8454  207
 5.2475E-07 1.3068E-06 4.4110E+04 0.0000E+00 2.0135E-06 3.2820E-063484 8454  208
 4.4111E+04 0.0000E+00 3.8672E-06 6.1489E-06 4.4112E+04 0.0000E+003484 8454  209
 4.0936E-06 6.4270E-06 4.4113E+04 0.0000E+00 2.5028E-06 3.9545E-063484 8454  210
 4.4114E+04 0.0000E+00 8.8707E-07 1.4548E-06 4.4115E+04 0.0000E+003484 8454  211
 1.7964E-07 3.4671E-07 4.4116E+04 0.0000E+00 2.0436E-08 6.0696E-083484 8454  212
 4.4117E+04 0.0000E+00 1.2835E-09 7.4187E-09 4.4118E+04 0.0000E+003484 8454  213
 4.3628E-11 5.4186E-10 4.4119E+04 0.0000E+00 7.8387E-13 2.1525E-113484 8454  214
 4.5103E+04 0.0000E+00 0.0000E+00 0.0000E+00 4.5103E+04 1.0000E+003484 8454  215
 0.0000E+00 0.0000E+00 4.5105E+04 0.0000E+00 0.0000E+00 0.0000E+003484 8454  216
 4.5105E+04 1.0000E+00 0.0000E+00 0.0000E+00 4.5106E+04 0.0000E+003484 8454  217
 5.0006E-16 5.0001E-14 4.5107E+04 0.0000E+00 4.9842E-13 1.4175E-113484 8454  218
 4.5108E+04 0.0000E+00 4.4272E-11 9.5715E-10 4.5108E+04 1.0000E+003484 8454  219
 2.2283E-11 4.8175E-10 4.5109E+04 0.0000E+00 3.1659E-09 1.4152E-083484 8454  220
 4.5110E+04 0.0000E+00 6.2268E-09 2.9017E-08 4.5110E+04 1.0000E+003484 8454  221
 5.2571E-08 2.4498E-07 4.5111E+04 0.0000E+00 4.7270E-07 8.2249E-073484 8454  222
 4.5112E+04 0.0000E+00 1.8305E-06 2.9287E-06 4.5113E+04 0.0000E+003484 8454  223
 3.7806E-06 5.8978E-06 4.5114E+04 0.0000E+00 1.1947E-06 3.7155E-063484 8454  224
 4.5114E+04 1.0000E+00 3.3221E-06 1.0332E-05 4.5115E+04 0.0000E+003484 8454  225
 3.2530E-06 5.0747E-06 4.5116E+04 0.0000E+00 4.7225E-07 1.5159E-063484 8454  226
 4.5116E+04 1.0000E+00 9.3827E-07 3.0119E-06 4.5117E+04 0.0000E+003484 8454  227
 3.5854E-07 6.3820E-07 4.5118E+04 0.0000E+00 5.1639E-08 1.2393E-073484 8454  228
 4.5119E+04 0.0000E+00 4.0735E-09 1.7435E-08 4.5120E+04 0.0000E+003484 8454  229
 1.7036E-10 1.5281E-09 4.5121E+04 0.0000E+00 3.6602E-12 7.2765E-113484 8454  230
 4.6105E+04 0.0000E+00 0.0000E+00 0.0000E+00 4.6106E+04 0.0000E+003484 8454  231
 0.0000E+00 0.0000E+00 4.6107E+04 0.0000E+00 0.0000E+00 0.0000E+003484 8454  232
 4.6108E+04 0.0000E+00 1.9689E-15 1.4655E-13 4.6109E+04 0.0000E+003484 8454  233
 2.5619E-13 1.4749E-11 4.6109E+04 1.0000E+00 3.0191E-13 1.7381E-113484 8454  234
 4.6110E+04 0.0000E+00 5.6862E-11 6.5732E-10 4.6111E+04 0.0000E+003484 8454  235
 1.0479E-09 1.0416E-08 4.6111E+04 1.0000E+00 1.2349E-09 1.2275E-083484 8454  236
 4.6112E+04 0.0000E+00 3.9615E-08 1.0102E-07 4.6113E+04 0.0000E+003484 8454  237
 1.2645E-07 4.5395E-07 4.6113E+04 1.0000E+00 1.9837E-07 7.1215E-073484 8454  238
 4.6114E+04 0.0000E+00 1.3690E-06 2.1904E-06 4.6115E+04 0.0000E+003484 8454  239
 3.2076E-06 5.0039E-06 4.6115E+04 1.0000E+00 0.0000E+00 0.0000E+003484 8454  240
 4.6116E+04 0.0000E+00 4.4587E-06 6.9556E-06 4.6117E+04 0.0000E+003484 8454  241
 3.8127E-06 5.9859E-06 4.6118E+04 0.0000E+00 1.9997E-06 3.2195E-063484 8454  242
 4.6119E+04 0.0000E+00 6.2170E-07 1.0631E-06 4.6120E+04 0.0000E+003484 8454  243
 1.0936E-07 2.2857E-07 4.6121E+04 0.0000E+00 1.0399E-08 3.4525E-083484 8454  244
 4.6122E+04 0.0000E+00 5.1340E-10 3.4346E-09 4.6123E+04 0.0000E+003484 8454  245
 1.2745E-11 1.8926E-10 4.6124E+04 0.0000E+00 1.5894E-13 5.4152E-123484 8454  246
 4.7109E+04 0.0000E+00 0.0000E+00 0.0000E+00 4.7109E+04 1.0000E+003484 8454  247
 0.0000E+00 0.0000E+00 4.7111E+04 0.0000E+00 5.8870E-14 3.8436E-123484 8454  248
 4.7111E+04 1.0000E+00 2.5902E-13 1.6911E-11 4.7112E+04 0.0000E+003484 8454  249
 2.7587E-11 3.8015E-10 4.7113E+04 0.0000E+00 1.9433E-10 2.3688E-093484 8454  250
 4.7113E+04 1.0000E+00 8.5501E-10 1.0423E-08 4.7114E+04 0.0000E+003484 8454  251
 8.8140E-09 5.3325E-08 4.7114E+04 1.0000E+00 1.0059E-08 6.0856E-083484 8454  252
 4.7115E+04 0.0000E+00 3.1783E-08 1.2364E-07 4.7115E+04 1.0000E+003484 8454  253
 1.3984E-07 5.4399E-07 4.7116E+04 0.0000E+00 3.3584E-07 1.1083E-063484 8454  254
 4.7116E+04 1.0000E+00 5.0229E-07 1.6575E-06 4.7117E+04 0.0000E+003484 8454  255
 4.3025E-07 1.3639E-06 4.7117E+04 1.0000E+00 1.8931E-06 6.0010E-063484 8454  256
 4.7118E+04 0.0000E+00 2.0576E-06 6.5226E-06 4.7118E+04 1.0000E+003484 8454  257
 1.7808E-06 5.6451E-06 4.7119E+04 0.0000E+00 3.9000E-06 6.2400E-063484 8454  258
 4.7119E+04 1.0000E+00 0.0000E+00 0.0000E+00 4.7120E+04 0.0000E+003484 8454  259
 1.3053E-06 4.2813E-06 4.7120E+04 1.0000E+00 1.1297E-06 3.7053E-063484 8454  260
 4.7121E+04 0.0000E+00 9.0208E-07 1.5516E-06 4.7122E+04 0.0000E+003484 8454  261
 1.2392E-07 4.8454E-07 4.7122E+04 1.0000E+00 6.4189E-08 2.5098E-073484 8454  262
 4.7123E+04 0.0000E+00 2.1000E-08 5.8169E-08 4.7124E+04 0.0000E+003484 8454  263
 1.2355E-09 6.4494E-09 4.8111E+04 0.0000E+00 0.0000E+00 0.0000E+003484 8454  264
 4.8112E+04 0.0000E+00 5.0984E-16 4.8684E-14 4.8113E+04 0.0000E+003484 8454  265
 3.0507E-14 2.4970E-12 4.8113E+04 1.0000E+00 6.5165E-14 5.3337E-123484 8454  266
 4.8114E+04 0.0000E+00 8.0548E-12 1.4434E-10 4.8115E+04 0.0000E+003484 8454  267
 1.0365E-10 1.6730E-09 4.8115E+04 1.0000E+00 2.2141E-10 3.5736E-093484 8454  268
 4.8116E+04 0.0000E+00 6.6423E-09 2.5838E-08 4.8117E+04 0.0000E+003484 8454  269
 2.2916E-08 1.0358E-07 4.8117E+04 1.0000E+00 4.8951E-08 2.2126E-073484 8454  270
 4.8118E+04 0.0000E+00 4.2753E-07 7.4817E-07 4.8119E+04 0.0000E+003484 8454  271
 4.6149E-07 1.5137E-06 4.8119E+04 1.0000E+00 9.8578E-07 3.2334E-063484 8454  272
 4.8120E+04 0.0000E+00 2.8831E-06 4.7282E-06 4.8121E+04 0.0000E+003484 8454  273
 1.1072E-06 3.6759E-06 4.8121E+04 1.0000E+00 2.3651E-06 7.8521E-063484 8454  274
 4.8122E+04 0.0000E+00 2.5410E-06 4.3451E-06 4.8123E+04 0.0000E+003484 8454  275
 4.2853E-07 1.5213E-06 4.8123E+04 1.0000E+00 6.7227E-07 2.3866E-063484 8454  276
 4.8124E+04 0.0000E+00 2.7578E-07 5.3225E-07 4.8125E+04 0.0000E+003484 8454  277
 3.2111E-12 3.2108E-10 4.8125E+04 1.0000E+00 5.0375E-12 5.0370E-103484 8454  278
 4.8126E+04 0.0000E+00 7.8598E-13 7.5203E-11 4.8127E+04 0.0000E+003484 8454  279
 8.6690E-14 8.6681E-12 4.8131E+04 0.0000E+00 4.1340E-08 5.8206E-073484 8454  280
 4.8132E+04 0.0000E+00 1.7434E-09 5.7008E-08 4.9113E+04 0.0000E+003484 8454  281
 0.0000E+00 0.0000E+00 4.9115E+04 0.0000E+00 1.2607E-14 1.2606E-123484 8454  282
 4.9115E+04 1.0000E+00 4.3446E-15 4.3441E-13 4.9116E+04 0.0000E+003484 8454  283
 4.0629E-13 3.0033E-11 4.9116E+04 1.0000E+00 8.0722E-13 5.9670E-113484 8454  284
 4.9116E+04 2.0000E+00 3.5163E-13 2.5992E-11 4.9117E+04 0.0000E+003484 8454  285
 5.5074E-11 1.2298E-09 4.9117E+04 1.0000E+00 1.8979E-11 4.2380E-103484 8454  286
 4.9118E+04 0.0000E+00 4.8187E-10 7.5749E-09 4.9118E+04 1.0000E+003484 8454  287
 9.5739E-10 1.5050E-08 4.9118E+04 2.0000E+00 4.1704E-10 6.5558E-093484 8454  288
 4.9119E+04 0.0000E+00 1.8768E-08 1.0435E-07 4.9119E+04 1.0000E+003484 8454  289
 6.4676E-09 3.5960E-08 4.9120E+04 0.0000E+00 4.9145E-08 2.8504E-073484 8454  290
 4.9120E+04 1.0000E+00 9.7643E-08 5.6633E-07 4.9120E+04 2.0000E+003484 8454  291
 4.2533E-08 2.4669E-07 4.9121E+04 0.0000E+00 5.9292E-07 2.0515E-063484 8454  292
 4.9121E+04 1.0000E+00 2.0433E-07 7.0697E-07 4.9122E+04 0.0000E+003484 8454  293
 5.0000E-07 2.5700E-06 4.9122E+04 1.0000E+00 9.9341E-07 5.1061E-063484 8454  294
 4.9122E+04 2.0000E+00 4.3273E-07 2.2242E-06 4.9123E+04 0.0000E+003484 8454  295
 2.0416E-06 7.1250E-06 4.9123E+04 1.0000E+00 7.0354E-07 2.4554E-063484 8454  296
 4.9124E+04 0.0000E+00 8.2204E-07 2.9265E-06 4.9124E+04 1.0000E+003484 8454  297
 1.5870E-06 5.6498E-06 4.9125E+04 0.0000E+00 1.1705E-06 4.4244E-063484 8454  298
 4.9125E+04 1.0000E+00 4.0336E-07 1.5247E-06 4.9126E+04 0.0000E+003484 8454  299
 5.5955E-07 2.2382E-06 4.9126E+04 1.0000E+00 1.0803E-06 4.3210E-063484 8454  300
 4.9127E+04 0.0000E+00 1.6161E-06 9.1473E-06 4.9127E+04 1.0000E+003484 8454  301
 5.5694E-07 3.1523E-06 4.9128E+04 0.0000E+00 1.3789E-06 1.3787E-043484 8454  302
 4.9128E+04 1.0000E+00 7.1422E-07 7.1415E-05 4.9129E+04 0.0000E+003484 8454  303
 8.9132E-07 1.6846E-05 4.9129E+04 1.0000E+00 3.0716E-07 5.8053E-063484 8454  304
 4.9130E+04 0.0000E+00 1.3247E-07 1.3245E-05 4.9130E+04 1.0000E+003484 8454  305
 1.9812E-07 1.9810E-05 4.9130E+04 2.0000E+00 5.5490E-08 5.5485E-063484 8454  306
 4.9131E+04 0.0000E+00 2.4337E-05 1.3897E-04 4.9131E+04 1.0000E+003484 8454  307
 8.3869E-06 4.7889E-05 4.9131E+04 2.0000E+00 4.9782E-06 2.8426E-053484 8454  308
 4.9132E+04 0.0000E+00 6.3060E-06 2.6738E-05 4.9133E+04 0.0000E+003484 8454  309
 4.8756E-07 4.7877E-06 4.9134E+04 0.0000E+00 9.8778E-09 2.2995E-073484 8454  310
 4.9135E+04 0.0000E+00 1.4308E-10 8.0480E-09 5.0115E+04 0.0000E+003484 8454  311
 0.0000E+00 0.0000E+00 5.0116E+04 0.0000E+00 0.0000E+00 0.0000E+003484 8454  312
 5.0117E+04 0.0000E+00 5.8316E-16 5.8310E-14 5.0117E+04 1.0000E+003484 8454  313
 1.4685E-15 1.4684E-13 5.0118E+04 0.0000E+00 2.3104E-13 8.0078E-123484 8454  314
 5.0119E+04 0.0000E+00 3.9479E-12 1.2345E-10 5.0119E+04 1.0000E+003484 8454  315
 9.9417E-12 3.1088E-10 5.0120E+04 0.0000E+00 4.5132E-10 3.2315E-093484 8454  316
 5.0121E+04 0.0000E+00 3.1003E-09 2.1919E-08 5.0121E+04 1.0000E+003484 8454  317
 4.8637E-09 3.4387E-08 5.0122E+04 0.0000E+00 7.6500E-08 1.6830E-073484 8454  318
 5.0123E+04 0.0000E+00 2.4646E-07 9.1437E-07 5.0123E+04 1.0000E+003484 8454  319
 1.5710E-07 5.8284E-07 5.0124E+04 0.0000E+00 1.2233E-06 2.2020E-063484 8454  320
 5.0125E+04 0.0000E+00 1.8100E-06 6.3711E-06 5.0125E+04 1.0000E+003484 8454  321
 1.1537E-06 4.0611E-06 5.0126E+04 0.0000E+00 8.9733E-06 1.2652E-053484 8454  322
 5.0127E+04 0.0000E+00 2.5294E-05 4.9829E-05 5.0127E+04 1.0000E+003484 8454  323
 1.6123E-05 3.1763E-05 5.0128E+04 0.0000E+00 7.2793E-05 7.2786E-033484 8454  324
 5.0128E+04 1.0000E+00 1.0887E-04 1.0886E-02 5.0129E+04 0.0000E+003484 8454  325
 2.5068E-04 2.5065E-02 5.0129E+04 1.0000E+00 3.9326E-04 3.9322E-023484 8454  326
 5.0130E+04 0.0000E+00 6.8471E-04 6.8465E-02 5.0130E+04 1.0000E+003484 8454  327
 1.0241E-03 1.0240E-01 5.0131E+04 0.0000E+00 1.2291E-03 1.2290E-013484 8454  328
 5.0131E+04 1.0000E+00 1.9282E-03 1.9280E-01 5.0132E+04 0.0000E+003484 8454  329
 3.1464E-03 3.1461E-01 5.0133E+04 0.0000E+00 9.1629E-04 1.1912E-033484 8454  330
 5.0134E+04 0.0000E+00 1.4009E-04 4.1186E-04 5.0135E+04 0.0000E+003484 8454  331
 9.3586E-06 6.4575E-05 5.0136E+04 0.0000E+00 3.3355E-07 5.5269E-063484 8454  332
 5.0137E+04 0.0000E+00 3.4028E-09 1.3788E-07 5.1121E+04 0.0000E+003484 8454  333
 2.4036E-12 5.1895E-11 5.1122E+04 0.0000E+00 6.1679E-11 1.1910E-093484 8454  334
 5.1122E+04 1.0000E+00 4.2254E-11 8.1593E-10 5.1123E+04 0.0000E+003484 8454  335
 2.4089E-09 1.0912E-08 5.1124E+04 0.0000E+00 1.1534E-08 8.8469E-083484 8454  336
 5.1124E+04 1.0000E+00 1.3163E-08 1.0096E-07 5.1124E+04 2.0000E+003484 8454  337
 5.9746E-09 4.5825E-08 5.1125E+04 0.0000E+00 2.7532E-10 6.4507E-093484 8454  338
 5.1126E+04 0.0000E+00 1.1130E-09 4.2150E-08 5.1126E+04 1.0000E+003484 8454  339
 3.5547E-09 1.3462E-07 5.1126E+04 2.0000E+00 2.1488E-09 8.1374E-083484 8454  340
 5.1127E+04 0.0000E+00 2.1101E-07 1.4306E-06 5.1128E+04 0.0000E+003484 8454  341
 3.3980E-06 3.3977E-04 5.1128E+04 1.0000E+00 1.4234E-06 1.4233E-043484 8454  342
 5.1129E+04 0.0000E+00 4.4187E-05 4.4183E-03 5.1129E+04 1.0000E+003484 8454  343
 2.4356E-05 2.4354E-03 5.1130E+04 0.0000E+00 4.1778E-04 4.1774E-023484 8454  344
 5.1130E+04 1.0000E+00 1.7501E-04 1.7499E-02 5.1131E+04 0.0000E+003484 8454  345
 2.6875E-03 8.8687E-04 5.1132E+04 0.0000E+00 4.7169E-03 4.7164E-013484 8454  346
 5.1132E+04 1.0000E+00 1.9759E-03 1.9757E-01 5.1133E+04 0.0000E+003484 8454  347
 9.9669E-03 2.8904E-03 5.1134E+04 0.0000E+00 2.0257E-03 1.8232E-033484 8454  348
 5.1134E+04 1.0000E+00 3.0297E-03 2.7267E-03 5.1135E+04 0.0000E+003484 8454  349
 2.3196E-03 2.1109E-03 5.1136E+04 0.0000E+00 3.5567E-04 7.2556E-043484 8454  350
 5.1137E+04 0.0000E+00 3.0939E-05 1.4882E-04 5.1138E+04 0.0000E+003484 8454  351
 6.2642E-07 7.2914E-06 5.1139E+04 0.0000E+00 8.1513E-09 2.3370E-073484 8454  352
 5.2122E+04 0.0000E+00 3.8357E-15 2.5393E-13 5.2123E+04 0.0000E+003484 8454  353
 1.3388E-13 7.7557E-12 5.2123E+04 1.0000E+00 2.8598E-13 1.6567E-113484 8454  354
 5.2124E+04 0.0000E+00 2.5089E-11 3.1788E-10 5.2125E+04 0.0000E+003484 8454  355
 0.0000E+00 0.0000E+00 5.2125E+04 1.0000E+00 0.0000E+00 0.0000E+003484 8454  356
 5.2126E+04 0.0000E+00 0.0000E+00 0.0000E+00 5.2127E+04 0.0000E+003484 8454  357
 7.4462E-17 7.4455E-15 5.2127E+04 1.0000E+00 1.1682E-16 1.1681E-143484 8454  358
 5.2128E+04 0.0000E+00 5.7582E-14 5.7576E-12 5.2129E+04 0.0000E+003484 8454  359
 4.1602E-12 4.1598E-10 5.2129E+04 1.0000E+00 6.5265E-12 6.5259E-103484 8454  360
 5.2130E+04 0.0000E+00 1.1705E-09 1.1704E-07 5.2131E+04 0.0000E+003484 8454  361
 1.4603E-04 1.4602E-02 5.2131E+04 1.0000E+00 2.6493E-04 2.6490E-023484 8454  362
 5.2132E+04 0.0000E+00 4.7116E-03 4.7112E-01 5.2133E+04 0.0000E+003484 8454  363
 6.7675E-03 6.7669E-01 5.2133E+04 1.0000E+00 1.0617E-02 1.0616E+003484 8454  364
 5.2134E+04 0.0000E+00 4.0275E-02 4.0271E+00 5.2135E+04 0.0000E+003484 8454  365
 5.2208E-02 1.1486E-02 5.2136E+04 0.0000E+00 4.7458E-02 1.5661E-023484 8454  366
 5.2137E+04 0.0000E+00 1.5925E-02 1.0192E-02 5.2138E+04 0.0000E+003484 8454  367
 2.5502E-03 3.5702E-03 5.2139E+04 0.0000E+00 1.6275E-04 5.3706E-043484 8454  368
 5.2140E+04 0.0000E+00 7.5023E-06 6.0168E-05 5.2141E+04 0.0000E+003484 8454  369
 1.7827E-07 3.5404E-06 5.2142E+04 0.0000E+00 1.9711E-09 9.8652E-083484 8454  370
 5.3127E+04 0.0000E+00 0.0000E+00 0.0000E+00 5.3129E+04 0.0000E+003484 8454  371
 0.0000E+00 0.0000E+00 5.3131E+04 0.0000E+00 4.4440E-07 4.4436E-053484 8454  372
 5.3132E+04 0.0000E+00 7.1270E-06 7.1262E-04 5.3132E+04 1.0000E+003484 8454  373
 8.1335E-06 8.1327E-04 5.3133E+04 0.0000E+00 2.2290E-04 2.2288E-023484 8454  374
 5.3133E+04 1.0000E+00 7.5004E-05 7.4996E-03 5.3134E+04 0.0000E+003484 8454  375
 1.3630E-03 2.0172E-03 5.3134E+04 1.0000E+00 5.7094E-04 8.4500E-043484 8454  376
 5.3135E+04 0.0000E+00 1.1857E-02 4.6241E-03 5.3136E+04 0.0000E+003484 8454  377
 1.2942E-02 6.2124E-03 5.3136E+04 1.0000E+00 1.4770E-02 7.0897E-033484 8454  378
 5.3137E+04 0.0000E+00 4.5786E-02 8.6994E-03 5.3138E+04 0.0000E+003484 8454  379
 2.3200E-02 6.0320E-03 5.3139E+04 0.0000E+00 9.9797E-03 4.4909E-033484 8454  380
 5.3140E+04 0.0000E+00 2.0108E-03 1.9304E-03 5.3141E+04 0.0000E+003484 8454  381
 4.2547E-04 9.4455E-04 5.3142E+04 0.0000E+00 2.5919E-05 1.4022E-043484 8454  382
 5.3143E+04 0.0000E+00 6.0439E-07 8.1593E-06 5.3144E+04 0.0000E+003484 8454  383
 3.0652E-09 1.0535E-07 5.4131E+04 0.0000E+00 1.0464E-11 1.0463E-093484 8454  384
 5.4131E+04 1.0000E+00 2.6350E-11 2.6348E-09 5.4132E+04 0.0000E+003484 8454  385
 7.0651E-09 7.0644E-07 5.4133E+04 0.0000E+00 1.7282E-07 1.7280E-053484 8454  386
 5.4133E+04 1.0000E+00 2.7111E-07 2.7109E-05 5.4134E+04 0.0000E+003484 8454  387
 6.7998E-06 7.3437E-05 5.4134E+04 1.0000E+00 1.0170E-05 1.0983E-043484 8454  388
 5.4135E+04 0.0000E+00 1.3160E-04 6.5011E-04 5.4135E+04 1.0000E+003484 8454  389
 2.0646E-04 1.0199E-03 5.4136E+04 0.0000E+00 4.4101E-03 5.0275E-033484 8454  390
 5.4137E+04 0.0000E+00 2.0968E-02 1.1533E-02 5.4138E+04 0.0000E+003484 8454  391
 5.1433E-02 1.5430E-02 5.4139E+04 0.0000E+00 6.0213E-02 1.2645E-023484 8454  392
 5.4140E+04 0.0000E+00 6.6520E-02 1.4634E-02 5.4141E+04 0.0000E+003484 8454  393
 5.1311E-02 1.6933E-02 5.4142E+04 0.0000E+00 2.4484E-02 1.5914E-023484 8454  394
 5.4143E+04 0.0000E+00 2.8932E-03 4.2819E-03 5.4144E+04 0.0000E+003484 8454  395
 1.5129E-04 5.4313E-04 5.4145E+04 0.0000E+00 2.9878E-06 2.7009E-053484 8454  396
 5.4146E+04 0.0000E+00 2.6780E-08 6.2343E-07 5.4147E+04 0.0000E+003484 8454  397
 5.8577E-11 3.5861E-09 5.5133E+04 0.0000E+00 2.7764E-12 2.7762E-103484 8454  398
 5.5134E+04 0.0000E+00 2.7492E-10 2.3748E-08 5.5134E+04 1.0000E+003484 8454  399
 7.2908E-11 6.2978E-09 5.5135E+04 0.0000E+00 3.1641E-08 1.2546E-063484 8454  400
 5.5135E+04 1.0000E+00 1.0647E-08 4.2215E-07 5.5136E+04 0.0000E+003484 8454  401
 1.4591E-06 2.6249E-05 5.5136E+04 1.0000E+00 4.5685E-07 8.2186E-063484 8454  402
 5.5137E+04 0.0000E+00 5.6874E-05 2.3034E-04 5.5138E+04 0.0000E+003484 8454  403
 2.5149E-04 9.1794E-04 5.5138E+04 1.0000E+00 2.1766E-04 7.9444E-043484 8454  404
 5.5139E+04 0.0000E+00 3.0863E-03 2.5925E-03 5.5140E+04 0.0000E+003484 8454  405
 9.7346E-03 4.0885E-03 5.5141E+04 0.0000E+00 3.6821E-02 9.2052E-033484 8454  406
 5.5142E+04 0.0000E+00 5.1147E-02 9.7179E-03 5.5143E+04 0.0000E+003484 8454  407
 3.7411E-02 9.3528E-03 5.5144E+04 0.0000E+00 8.2606E-03 3.7173E-033484 8454  408
 5.5144E+04 1.0000E+00 0.0000E+00 0.0000E+00 5.5145E+04 0.0000E+003484 8454  409
 1.4845E-03 1.4548E-03 5.5146E+04 0.0000E+00 7.8139E-05 1.8441E-043484 8454  410
 5.5147E+04 0.0000E+00 2.0424E-06 1.2214E-05 5.5148E+04 0.0000E+003484 8454  411
 8.9581E-09 1.3957E-07 5.5149E+04 0.0000E+00 1.5208E-11 6.3187E-103484 8454  412
 5.6134E+04 0.0000E+00 7.3704E-16 7.3697E-14 5.6135E+04 0.0000E+003484 8454  413
 8.4566E-14 8.4557E-12 5.6135E+04 1.0000E+00 2.1296E-13 2.1294E-113484 8454  414
 5.6136E+04 0.0000E+00 3.3625E-11 3.3622E-09 5.6136E+04 1.0000E+003484 8454  415
 5.0290E-11 5.0285E-09 5.6137E+04 0.0000E+00 2.5441E-09 1.7312E-073484 8454  416
 5.6137E+04 1.0000E+00 6.4066E-09 4.3597E-07 5.6138E+04 0.0000E+003484 8454  417
 4.8955E-07 7.4951E-06 5.6139E+04 0.0000E+00 1.2016E-05 8.2070E-053484 8454  418
 5.6140E+04 0.0000E+00 2.5025E-04 7.5825E-04 5.6141E+04 0.0000E+003484 8454  419
 3.2928E-03 4.4453E-03 5.6142E+04 0.0000E+00 2.6016E-02 1.6390E-023484 8454  420
 5.6143E+04 0.0000E+00 5.5074E-02 1.7624E-02 5.6144E+04 0.0000E+003484 8454  421
 6.3142E-02 1.3891E-02 5.6145E+04 0.0000E+00 3.7375E-02 8.5962E-033484 8454  422
 5.6146E+04 0.0000E+00 1.4442E-02 5.0547E-03 5.6147E+04 0.0000E+003484 8454  423
 1.9150E-03 1.3022E-03 5.6148E+04 0.0000E+00 9.1522E-05 1.4369E-043484 8454  424
 5.6149E+04 0.0000E+00 1.0887E-06 4.2787E-06 5.6150E+04 0.0000E+003484 8454  425
 5.6965E-09 5.8788E-08 5.6151E+04 0.0000E+00 1.0201E-11 2.8408E-103484 8454  426
 5.7138E+04 0.0000E+00 7.9083E-13 7.9075E-11 5.7139E+04 0.0000E+003484 8454  427
 1.2924E-10 7.7377E-09 5.7140E+04 0.0000E+00 1.0310E-08 2.7619E-073484 8454  428
 5.7141E+04 0.0000E+00 9.5525E-07 1.1339E-05 5.7142E+04 0.0000E+003484 8454  429
 2.9689E-05 1.5468E-04 5.7143E+04 0.0000E+00 4.3105E-04 9.8280E-043484 8454  430
 5.7144E+04 0.0000E+00 1.7437E-03 1.7611E-03 5.7145E+04 0.0000E+003484 8454  431
 5.8494E-03 2.8077E-03 5.7146E+04 0.0000E+00 3.1051E-03 1.8631E-033484 8454  432
 5.7146E+04 1.0000E+00 3.5436E-03 2.1262E-03 5.7147E+04 0.0000E+003484 8454  433
 4.9630E-03 1.4393E-03 5.7148E+04 0.0000E+00 9.0752E-04 3.6301E-043484 8454  434
 5.7149E+04 0.0000E+00 9.5033E-05 6.1772E-05 5.7150E+04 0.0000E+003484 8454  435
 3.0240E-06 3.7800E-06 5.7151E+04 0.0000E+00 7.0173E-08 1.9649E-073484 8454  436
 5.7152E+04 0.0000E+00 3.5984E-10 2.5225E-09 5.7153E+04 0.0000E+003484 8454  437
 1.6191E-13 4.0786E-12 5.8140E+04 0.0000E+00 3.0250E-14 3.0246E-123484 8454  438
 5.8141E+04 0.0000E+00 1.0859E-11 1.0858E-09 5.8142E+04 0.0000E+003484 8454  439
 2.4473E-09 1.1799E-07 5.8143E+04 0.0000E+00 1.4844E-07 3.1439E-063484 8454  440
 5.8144E+04 0.0000E+00 4.6031E-06 4.2348E-05 5.8145E+04 0.0000E+003484 8454  441
 6.5509E-05 2.5941E-04 5.8146E+04 0.0000E+00 5.3879E-04 9.2133E-043484 8454  442
 5.8147E+04 0.0000E+00 1.4527E-03 1.1331E-03 5.8148E+04 0.0000E+003484 8454  443
 1.5273E-03 7.4840E-04 5.8149E+04 0.0000E+00 4.9955E-04 2.6476E-043484 8454  444
 5.8150E+04 0.0000E+00 1.0314E-04 8.0447E-05 5.8151E+04 0.0000E+003484 8454  445
 1.1195E-05 1.4106E-05 5.8152E+04 0.0000E+00 6.2440E-07 1.3612E-063484 8454  446
 5.8153E+04 0.0000E+00 5.2260E-09 2.2054E-08 5.8154E+04 0.0000E+003484 8454  447
 1.5049E-12 2.1761E-11 5.9141E+04 0.0000E+00 0.0000E+00 0.0000E+003484 8454  448
 5.9143E+04 0.0000E+00 8.9720E-14 8.9711E-12 5.9144E+04 0.0000E+003484 8454  449
 1.6611E-12 1.6609E-10 5.9144E+04 1.0000E+00 1.0005E-11 1.0004E-093484 8454  450
 5.9145E+04 0.0000E+00 1.3081E-09 5.0637E-08 5.9146E+04 0.0000E+003484 8454  451
 4.8869E-08 8.1220E-07 5.9147E+04 0.0000E+00 1.0921E-06 7.6995E-063484 8454  452
 5.9148E+04 0.0000E+00 1.3691E-06 8.1596E-06 5.9148E+04 1.0000E+003484 8454  453
 3.8070E-06 2.2690E-05 5.9149E+04 0.0000E+00 1.2596E-05 1.6879E-053484 8454  454
 5.9150E+04 0.0000E+00 9.3493E-06 8.6948E-06 5.9151E+04 0.0000E+003484 8454  455
 5.8796E-06 7.3496E-06 5.9152E+04 0.0000E+00 1.1134E-06 2.3270E-063484 8454  456
 5.9153E+04 0.0000E+00 9.3515E-08 3.5255E-07 5.9154E+04 0.0000E+003484 8454  457
 1.1319E-09 8.1720E-09 5.9155E+04 0.0000E+00 3.2946E-12 4.9024E-113484 8454  458
 6.0143E+04 0.0000E+00 0.0000E+00 0.0000E+00 6.0144E+04 0.0000E+003484 8454  459
 0.0000E+00 0.0000E+00 6.0145E+04 0.0000E+00 6.9217E-16 6.9210E-143484 8454  460
 6.0146E+04 0.0000E+00 2.0609E-13 2.0607E-11 6.0147E+04 0.0000E+003484 8454  461
 2.1535E-11 1.5574E-09 6.0148E+04 0.0000E+00 8.9826E-10 2.7568E-083484 8454  462
 6.0149E+04 0.0000E+00 1.1058E-08 1.4198E-07 6.0150E+04 0.0000E+003484 8454  463
 7.4820E-08 4.0029E-07 6.0151E+04 0.0000E+00 2.2668E-07 5.6670E-073484 8454  464
 6.0152E+04 0.0000E+00 3.2663E-07 7.4145E-07 6.0153E+04 0.0000E+003484 8454  465
 9.5450E-08 3.6175E-07 6.0154E+04 0.0000E+00 1.3451E-08 9.6714E-083484 8454  466
 6.0155E+04 0.0000E+00 9.3946E-10 1.3340E-08 6.0156E+04 0.0000E+003484 8454  467
 3.5478E-11 1.1200E-09 6.1147E+04 0.0000E+00 0.0000E+00 0.0000E+003484 8454  468
 6.1149E+04 0.0000E+00 9.8377E-15 9.8367E-13 6.1150E+04 0.0000E+003484 8454  469
 3.4490E-13 1.9987E-11 6.1151E+04 0.0000E+00 1.0175E-11 2.4399E-103484 8454  470
 6.1152E+04 0.0000E+00 2.0860E-11 6.2454E-10 6.1152E+04 1.0000E+003484 8454  471
 5.8006E-11 1.7367E-09 6.1152E+04 2.0000E+00 2.4707E-12 7.3974E-113484 8454  472
 6.1153E+04 0.0000E+00 1.3848E-10 8.5860E-10 6.1154E+04 0.0000E+003484 8454  473
 3.7817E-12 6.0734E-11 6.1154E+04 1.0000E+00 2.2778E-11 3.6581E-103484 8454  474
 6.1155E+04 0.0000E+00 1.7422E-11 2.5035E-10 6.1156E+04 0.0000E+003484 8454  475
 3.8983E-12 1.2311E-10 6.1157E+04 0.0000E+00 1.4364E-12 1.0354E-103484 8454  476
 6.2147E+04 0.0000E+00 0.0000E+00 0.0000E+00 6.2149E+04 0.0000E+003484 8454  477
 0.0000E+00 0.0000E+00 6.2150E+04 0.0000E+00 0.0000E+00 0.0000E+003484 8454  478
 6.2151E+04 0.0000E+00 0.0000E+00 0.0000E+00 6.2152E+04 0.0000E+003484 8454  479
 5.8136E-16 5.8130E-14 6.2153E+04 0.0000E+00 7.2202E-16 7.2195E-143484 8454  480
 6.2154E+04 0.0000E+00 1.5834E-16 1.2861E-14 6.2155E+04 0.0000E+003484 8454  481
 1.4517E-17 1.4516E-15 6.2156E+04 0.0000E+00 0.0000E+00 0.0000E+003484 8454  482
 6.2157E+04 0.0000E+00 0.0000E+00 0.0000E+00 6.3151E+04 0.0000E+003484 8454  483
 0.0000E+00 0.0000E+00 6.3153E+04 0.0000E+00 0.0000E+00 0.0000E+003484 8454  484
 6.3155E+04 0.0000E+00 0.0000E+00 0.0000E+00 6.3156E+04 0.0000E+003484 8454  485
 0.0000E+00 0.0000E+00 6.3157E+04 0.0000E+00 0.0000E+00 0.0000E+003484 8454  486
 6.4155E+04 0.0000E+00 0.0000E+00 0.0000E+00 6.4156E+04 0.0000E+003484 8454  487
 0.0000E+00 0.0000E+00 6.4157E+04 0.0000E+00 0.0000E+00 0.0000E+003484 8454  488
 0.0000E+00 0.0000E+00          0          0          0          03484 8  099999
 9.0230E+04 2.2806E+02          1          0          0          03484 8459    1
 0.0000E+00 0.0000E+00          0          0       2916        7293484 8459    2
 2.9072E+04 0.0000E+00 5.2644E-13 4.8859E-11 2.9073E+04 0.0000E+003484 8459    3
 5.0492E-12 2.0171E-10 2.9074E+04 0.0000E+00 5.5438E-12 1.0162E-103484 8459    4
 2.9075E+04 0.0000E+00 2.6617E-11 2.4913E-10 2.9076E+04 0.0000E+003484 8459    5
 6.9858E-11 4.5198E-10 2.9077E+04 0.0000E+00 1.2088E-10 1.0081E-093484 8459    6
 2.9078E+04 0.0000E+00 1.6012E-11 3.1464E-10 2.9079E+04 0.0000E+003484 8459    7
 1.0797E-12 5.1349E-11 3.0072E+04 0.0000E+00 5.2658E-13 4.8872E-113484 8459    8
 3.0073E+04 0.0000E+00 1.5347E-11 6.1297E-10 3.0073E+04 1.0000E+003484 8459    9
 8.3911E-12 6.7078E-10 3.0074E+04 0.0000E+00 3.5450E-10 6.4625E-093484 8459   10
 3.0075E+04 0.0000E+00 6.1435E-09 5.3879E-08 3.0076E+04 0.0000E+003484 8459   11
 6.3060E-08 2.8566E-07 3.0077E+04 0.0000E+00 1.5397E-07 6.6207E-073484 8459   12
 3.0077E+04 1.0000E+00 3.1399E-08 1.6171E-07 3.0078E+04 0.0000E+003484 8459   13
 2.2555E-07 5.1424E-07 3.0079E+04 0.0000E+00 8.3621E-08 3.6961E-073484 8459   14
 3.0080E+04 0.0000E+00 1.6176E-08 1.7033E-07 3.0081E+04 0.0000E+003484 8459   15
 1.2819E-09 3.2331E-08 3.0082E+04 0.0000E+00 5.1118E-11 3.0461E-093484 8459   16
 3.0083E+04 0.0000E+00 4.9889E-13 4.9884E-11 3.1072E+04 0.0000E+003484 8459   17
 5.2658E-13 5.2658E-13 3.1073E+04 0.0000E+00 1.5347E-11 6.1296E-103484 8459   18
 3.1074E+04 0.0000E+00 2.6601E-10 4.8495E-09 3.1074E+04 1.0000E+003484 8459   19
 3.5453E-10 1.4163E-08 3.1075E+04 0.0000E+00 6.6132E-09 5.7997E-083484 8459   20
 3.1076E+04 0.0000E+00 9.1999E-08 4.1583E-07 3.1077E+04 0.0000E+003484 8459   21
 9.0328E-07 2.2221E-06 3.1078E+04 0.0000E+00 4.1684E-06 5.9192E-063484 8459   22
 3.1079E+04 0.0000E+00 1.2336E-05 1.1965E-05 3.1080E+04 0.0000E+003484 8459   23
 1.1853E-05 1.3868E-05 3.1081E+04 0.0000E+00 8.4781E-06 2.0856E-053484 8459   24
 3.1082E+04 0.0000E+00 1.6552E-06 9.5833E-06 3.1083E+04 0.0000E+003484 8459   25
 1.3615E-07 1.8638E-06 3.1084E+04 0.0000E+00 3.0482E-09 9.7603E-083484 8459   26
 3.1085E+04 0.0000E+00 5.0876E-11 3.7613E-09 3.1086E+04 0.0000E+003484 8459   27
 2.7855E-13 2.7852E-11 3.2072E+04 0.0000E+00 5.2658E-13 5.2658E-133484 8459   28
 3.2073E+04 0.0000E+00 1.5347E-11 6.1296E-10 3.2073E+04 1.0000E+003484 8459   29
 1.5122E-11 6.0400E-10 3.2074E+04 0.0000E+00 3.5465E-10 6.4653E-093484 8459   30
 3.2075E+04 0.0000E+00 6.6132E-09 5.7998E-08 3.2075E+04 1.0000E+003484 8459   31
 2.6460E-10 2.3206E-09 3.2076E+04 0.0000E+00 9.3191E-08 4.2122E-073484 8459   32
 3.2077E+04 0.0000E+00 3.0425E-07 7.4846E-07 3.2077E+04 1.0000E+003484 8459   33
 9.3217E-07 4.8194E-06 3.2078E+04 0.0000E+00 9.5352E-06 1.3540E-053484 8459   34
 3.2079E+04 0.0000E+00 2.4016E-05 3.5062E-05 3.2079E+04 1.0000E+003484 8459   35
 4.3827E-05 6.1359E-05 3.2080E+04 0.0000E+00 3.4004E-04 1.9043E-043484 8459   36
 3.2081E+04 0.0000E+00 7.1283E-04 6.8431E-04 3.2081E+04 1.0000E+003484 8459   37
 2.4708E-04 2.3225E-04 3.2082E+04 0.0000E+00 1.4949E-03 1.0016E-033484 8459   38
 3.2083E+04 0.0000E+00 5.7117E-04 8.1105E-04 3.2084E+04 0.0000E+003484 8459   39
 1.0606E-04 3.4683E-04 3.2085E+04 0.0000E+00 7.9327E-06 6.0446E-053484 8459   40
 3.2086E+04 0.0000E+00 3.3548E-07 5.9212E-06 3.2087E+04 0.0000E+003484 8459   41
 5.0062E-09 2.0220E-07 3.2088E+04 0.0000E+00 3.7638E-11 3.4330E-093484 8459   42
 3.2089E+04 0.0000E+00 1.0342E-13 1.0341E-11 3.3075E+04 0.0000E+003484 8459   43
 6.6133E-09 5.7998E-08 3.3077E+04 0.0000E+00 1.0594E-06 2.6061E-063484 8459   44
 3.3078E+04 0.0000E+00 9.5568E-06 1.3571E-05 3.3079E+04 0.0000E+003484 8459   45
 6.8011E-05 5.9169E-05 3.3080E+04 0.0000E+00 3.8408E-04 2.1509E-043484 8459   46
 3.3081E+04 0.0000E+00 1.6809E-03 6.7237E-04 3.3082E+04 0.0000E+003484 8459   47
 2.9145E-03 1.3406E-03 3.3082E+04 1.0000E+00 2.1232E-03 1.3164E-033484 8459   48
 3.3083E+04 0.0000E+00 9.0480E-03 2.6239E-03 3.3084E+04 0.0000E+003484 8459   49
 6.2135E-03 2.6096E-03 3.3084E+04 1.0000E+00 4.7858E-05 4.7858E-053484 8459   50
 3.3085E+04 0.0000E+00 3.4828E-03 2.9604E-03 3.3086E+04 0.0000E+003484 8459   51
 6.2714E-04 1.1915E-03 3.3087E+04 0.0000E+00 7.0509E-05 3.0742E-043484 8459   52
 3.3088E+04 0.0000E+00 2.1468E-06 2.1382E-05 3.3089E+04 0.0000E+003484 8459   53
 4.0933E-08 9.2016E-07 3.3090E+04 0.0000E+00 3.4913E-10 1.7432E-083484 8459   54
 3.3091E+04 0.0000E+00 3.8513E-12 3.8509E-10 3.4077E+04 0.0000E+003484 8459   55
 1.0594E-06 2.6061E-06 3.4078E+04 0.0000E+00 9.5568E-06 1.3571E-053484 8459   56
 3.4079E+04 0.0000E+00 6.7975E-05 5.9137E-05 3.4079E+04 1.0000E+003484 8459   57
 6.6400E-05 5.8432E-05 3.4080E+04 0.0000E+00 3.8441E-04 2.1527E-043484 8459   58
 3.4081E+04 0.0000E+00 1.7083E-03 6.6625E-04 3.4081E+04 1.0000E+003484 8459   59
 8.2756E-05 1.6220E-04 3.4082E+04 0.0000E+00 6.0245E-03 1.8676E-033484 8459   60
 3.4083E+04 0.0000E+00 9.0092E-03 2.4325E-03 3.4083E+04 1.0000E+003484 8459   61
 7.7786E-03 2.3336E-03 3.4084E+04 0.0000E+00 3.7054E-02 7.7814E-033484 8459   62
 3.4085E+04 0.0000E+00 5.5749E-02 1.1150E-02 3.4086E+04 0.0000E+003484 8459   63
 6.0228E-02 1.7466E-02 3.4087E+04 0.0000E+00 2.5779E-02 1.3663E-023484 8459   64
 3.4088E+04 0.0000E+00 5.5880E-03 6.3704E-03 3.4089E+04 0.0000E+003484 8459   65
 4.2056E-04 1.0724E-03 3.4090E+04 0.0000E+00 2.4614E-05 1.3981E-043484 8459   66
 3.4091E+04 0.0000E+00 9.8602E-07 1.2345E-05 3.4092E+04 0.0000E+003484 8459   67
 3.1736E-08 8.5877E-07 3.4093E+04 0.0000E+00 3.8945E-10 2.2253E-083484 8459   68
 3.4094E+04 0.0000E+00 3.1919E-12 3.1916E-10 3.5079E+04 0.0000E+003484 8459   69
 3.7184E-08 3.2350E-08 3.5080E+04 0.0000E+00 2.6412E-12 2.0464E-103484 8459   70
 3.5080E+04 1.0000E+00 1.7569E-12 1.7568E-10 3.5081E+04 0.0000E+003484 8459   71
 1.7084E-03 6.6625E-04 3.5082E+04 0.0000E+00 6.4066E-07 1.7939E-073484 8459   72
 3.5082E+04 1.0000E+00 2.5921E-07 3.8441E-06 3.5083E+04 0.0000E+003484 8459   73
 1.6836E-02 3.7037E-03 3.5084E+04 0.0000E+00 3.7373E-02 6.7271E-033484 8459   74
 3.5084E+04 1.0000E+00 4.7661E-04 1.1343E-03 3.5085E+04 0.0000E+003484 8459   75
 6.4358E-02 1.0940E-02 3.5086E+04 0.0000E+00 8.8796E-02 1.5095E-023484 8459   76
 3.5087E+04 0.0000E+00 8.8847E-02 1.7770E-02 3.5088E+04 0.0000E+003484 8459   77
 4.7711E-02 1.1450E-02 3.5089E+04 0.0000E+00 1.9644E-02 7.0716E-033484 8459   78
 3.5090E+04 0.0000E+00 4.0301E-03 2.8614E-03 3.5091E+04 0.0000E+003484 8459   79
 1.0282E-03 1.5423E-03 3.5092E+04 0.0000E+00 1.1439E-04 3.6836E-043484 8459   80
 3.5093E+04 0.0000E+00 8.3150E-06 5.6874E-05 3.5094E+04 0.0000E+003484 8459   81
 2.1306E-07 3.0489E-06 3.5095E+04 0.0000E+00 4.7862E-09 1.4081E-073484 8459   82
 3.5096E+04 0.0000E+00 4.3059E-11 2.5736E-09 3.5097E+04 0.0000E+003484 8459   83
 3.4518E-13 3.4515E-11 3.6080E+04 0.0000E+00 2.4220E-12 1.5424E-103484 8459   84
 3.6082E+04 0.0000E+00 6.4689E-07 1.8113E-07 3.6083E+04 0.0000E+003484 8459   85
 1.6836E-02 3.7037E-03 3.6083E+04 1.0000E+00 1.6821E-02 4.0369E-033484 8459   86
 3.6084E+04 0.0000E+00 3.7850E-02 6.8131E-03 3.6085E+04 0.0000E+003484 8459   87
 1.3903E-02 3.0587E-03 3.6085E+04 1.0000E+00 6.4269E-02 1.2853E-023484 8459   88
 3.6086E+04 0.0000E+00 9.2653E-02 1.3898E-02 3.6087E+04 0.0000E+003484 8459   89
 1.0292E-01 1.7497E-02 3.6088E+04 0.0000E+00 9.5053E-02 2.0911E-023484 8459   90
 3.6089E+04 0.0000E+00 7.7958E-02 1.5592E-02 3.6090E+04 0.0000E+003484 8459   91
 6.5937E-02 1.2528E-02 3.6091E+04 0.0000E+00 4.8899E-02 1.3203E-023484 8459   92
 3.6092E+04 0.0000E+00 3.0362E-02 1.3663E-02 3.6093E+04 0.0000E+003484 8459   93
 7.0446E-03 6.1993E-03 3.6094E+04 0.0000E+00 1.0215E-03 1.8284E-033484 8459   94
 3.6095E+04 0.0000E+00 7.0290E-05 2.5796E-04 3.6096E+04 0.0000E+003484 8459   95
 3.3862E-06 2.5431E-05 3.6097E+04 0.0000E+00 7.9377E-08 1.2184E-063484 8459   96
 3.6098E+04 0.0000E+00 1.0987E-09 3.4665E-08 3.6099E+04 0.0000E+003484 8459   97
 4.6221E-12 3.0274E-10 3.7084E+04 0.0000E+00 1.9534E-12 3.5161E-133484 8459   98
 3.7084E+04 1.0000E+00 1.0411E-12 2.1864E-13 3.7085E+04 0.0000E+003484 8459   99
 6.4419E-02 1.0307E-02 3.7086E+04 0.0000E+00 2.0669E-07 2.8937E-083484 8459  100
 3.7086E+04 1.0000E+00 1.1016E-07 1.9829E-08 3.7087E+04 0.0000E+003484 8459  101
 1.0294E-01 1.4411E-02 3.7088E+04 0.0000E+00 9.5308E-02 1.3343E-023484 8459  102
 3.7089E+04 0.0000E+00 8.0123E-02 1.2018E-02 3.7090E+04 0.0000E+003484 8459  103
 5.9516E-02 9.5225E-03 3.7090E+04 1.0000E+00 1.3756E-02 5.9151E-033484 8459  104
 3.7091E+04 0.0000E+00 7.4518E-02 1.3413E-02 3.7092E+04 0.0000E+003484 8459  105
 7.1141E-02 1.4228E-02 3.7093E+04 0.0000E+00 5.1135E-02 1.1250E-023484 8459  106
 3.7094E+04 0.0000E+00 1.8395E-02 5.7026E-03 3.7095E+04 0.0000E+003484 8459  107
 6.1352E-03 3.1903E-03 3.7096E+04 0.0000E+00 8.4384E-04 8.4384E-043484 8459  108
 3.7096E+04 1.0000E+00 1.6331E-06 1.6331E-06 3.7097E+04 0.0000E+003484 8459  109
 1.0322E-04 2.0747E-04 3.7098E+04 0.0000E+00 4.2030E-06 1.7316E-053484 8459  110
 3.7098E+04 1.0000E+00 1.0220E-09 1.0220E-09 3.7099E+04 0.0000E+003484 8459  111
 9.4887E-08 8.1793E-07 3.8086E+04 0.0000E+00 2.0668E-07 2.8935E-083484 8459  112
 3.8087E+04 0.0000E+00 4.5069E-10 6.3096E-11 3.8087E+04 1.0000E+003484 8459  113
 4.3753E-10 7.4381E-11 3.8088E+04 0.0000E+00 9.5308E-02 1.3343E-023484 8459  114
 3.8089E+04 0.0000E+00 8.0126E-02 1.2019E-02 3.8090E+04 0.0000E+003484 8459  115
 7.2999E-02 1.0950E-02 3.8091E+04 0.0000E+00 7.5694E-02 1.1354E-023484 8459  116
 3.8092E+04 0.0000E+00 8.2456E-02 1.4842E-02 3.8093E+04 0.0000E+003484 8459  117
 8.2819E-02 1.6564E-02 3.8094E+04 0.0000E+00 6.9044E-02 1.4499E-023484 8459  118
 3.8095E+04 0.0000E+00 4.8412E-02 9.1982E-03 3.8096E+04 0.0000E+003484 8459  119
 2.6859E-02 6.7149E-03 3.8097E+04 0.0000E+00 8.4678E-03 3.1331E-033484 8459  120
 3.8098E+04 0.0000E+00 1.7226E-03 1.1025E-03 3.8099E+04 0.0000E+003484 8459  121
 1.1486E-04 1.4013E-04 3.8100E+04 0.0000E+00 1.7720E-10 1.4463E-083484 8459  122
 3.8101E+04 0.0000E+00 9.4600E-13 9.4590E-11 3.8105E+04 0.0000E+003484 8459  123
 1.5987E-11 2.2270E-10 3.9089E+04 0.0000E+00 8.0126E-02 1.2019E-023484 8459  124
 3.9089E+04 1.0000E+00 7.7241E-06 7.7236E-04 3.9090E+04 0.0000E+003484 8459  125
 7.2999E-02 1.0950E-02 3.9090E+04 1.0000E+00 1.1534E-09 8.1312E-083484 8459  126
 3.9091E+04 0.0000E+00 7.5694E-02 1.1354E-02 3.9091E+04 1.0000E+003484 8459  127
 4.4535E-02 8.0163E-03 3.9092E+04 0.0000E+00 8.2467E-02 1.2370E-023484 8459  128
 3.9093E+04 0.0000E+00 8.3031E-02 1.2455E-02 3.9093E+04 1.0000E+003484 8459  129
 2.0882E-02 4.8028E-03 3.9094E+04 0.0000E+00 7.0167E-02 1.0525E-023484 8459  130
 3.9095E+04 0.0000E+00 5.2852E-02 8.9850E-03 3.9096E+04 0.0000E+003484 8459  131
 2.7782E-02 5.2787E-03 3.9096E+04 1.0000E+00 5.5471E-03 3.9939E-033484 8459  132
 3.9097E+04 0.0000E+00 9.4262E-03 4.9958E-03 3.9097E+04 1.0000E+003484 8459  133
 7.5538E-03 2.4173E-03 3.9098E+04 0.0000E+00 2.7917E-03 1.6191E-033484 8459  134
 3.9098E+04 1.0000E+00 2.9730E-03 1.3081E-03 3.9099E+04 0.0000E+003484 8459  135
 1.3425E-03 4.9669E-04 3.9100E+04 0.0000E+00 5.2793E-05 1.3885E-043484 8459  136
 3.9100E+04 1.0000E+00 1.4681E-04 3.8610E-04 3.9101E+04 0.0000E+003484 8459  137
 1.6750E-05 4.2043E-05 3.9102E+04 0.0000E+00 7.5392E-07 3.7997E-063484 8459  138
 3.9103E+04 0.0000E+00 1.9264E-08 2.0112E-07 3.9104E+04 0.0000E+003484 8459  139
 4.1941E-10 9.2144E-09 3.9105E+04 0.0000E+00 2.3375E-08 6.2879E-083484 8459  140
 3.9106E+04 0.0000E+00 8.2969E-10 4.8122E-09 3.9107E+04 0.0000E+003484 8459  141
 1.2566E-11 1.9000E-10 3.9108E+04 0.0000E+00 8.2395E-14 3.2958E-123484 8459  142
 4.0090E+04 0.0000E+00 7.2999E-02 1.0950E-02 4.0091E+04 0.0000E+003484 8459  143
 7.5694E-02 1.1354E-02 4.0092E+04 0.0000E+00 8.2467E-02 1.2370E-023484 8459  144
 4.0093E+04 0.0000E+00 8.3031E-02 1.2455E-02 4.0094E+04 0.0000E+003484 8459  145
 7.0170E-02 1.0525E-02 4.0095E+04 0.0000E+00 5.2888E-02 8.4621E-033484 8459  146
 4.0096E+04 0.0000E+00 3.3633E-02 6.3902E-03 4.0097E+04 0.0000E+003484 8459  147
 1.8123E-02 3.9870E-03 4.0098E+04 0.0000E+00 8.0895E-03 2.4269E-033484 8459  148
 4.0099E+04 0.0000E+00 3.0848E-03 1.0180E-03 4.0100E+04 0.0000E+003484 8459  149
 1.0216E-03 5.0060E-04 4.0101E+04 0.0000E+00 2.8175E-04 1.7186E-043484 8459  150
 4.0102E+04 0.0000E+00 6.5946E-05 5.7373E-05 4.0103E+04 0.0000E+003484 8459  151
 1.3848E-05 1.7587E-05 4.0104E+04 0.0000E+00 3.6050E-06 6.0924E-063484 8459  152
 4.0105E+04 0.0000E+00 1.1154E-06 1.9853E-06 4.0106E+04 0.0000E+003484 8459  153
 2.3012E-07 4.4643E-07 4.0107E+04 0.0000E+00 2.1428E-08 5.9569E-083484 8459  154
 4.0108E+04 0.0000E+00 8.6587E-10 5.1953E-09 4.0109E+04 0.0000E+003484 8459  155
 1.5928E-11 2.3780E-10 4.0110E+04 0.0000E+00 1.4238E-13 5.3135E-123484 8459  156
 4.1093E+04 1.0000E+00 8.9046E-14 1.6028E-14 4.1094E+04 0.0000E+003484 8459  157
 1.5534E-11 2.3300E-12 4.1094E+04 1.0000E+00 8.3494E-12 1.5029E-123484 8459  158
 4.1095E+04 0.0000E+00 5.2856E-02 8.4569E-03 4.1095E+04 1.0000E+003484 8459  159
 5.7137E-04 1.0856E-04 4.1096E+04 0.0000E+00 5.0818E-08 9.1472E-093484 8459  160
 4.1097E+04 0.0000E+00 1.8124E-02 3.9873E-03 4.1097E+04 1.0000E+003484 8459  161
 1.7225E-02 4.1341E-03 4.1098E+04 0.0000E+00 8.0925E-03 2.1040E-033484 8459  162
 4.1098E+04 1.0000E+00 5.8646E-06 3.8941E-05 4.1099E+04 0.0000E+003484 8459  163
 1.9992E-03 6.5971E-04 4.1099E+04 1.0000E+00 1.1444E-03 4.0053E-043484 8459  164
 4.1100E+04 0.0000E+00 1.0217E-03 4.4955E-04 4.1100E+04 1.0000E+003484 8459  165
 2.7412E-07 8.0619E-06 4.1101E+04 0.0000E+00 2.8280E-04 1.7251E-043484 8459  166
 4.1102E+04 0.0000E+00 6.6752E-05 5.8074E-05 4.1102E+04 1.0000E+003484 8459  167
 9.2002E-07 6.7714E-06 4.1103E+04 0.0000E+00 1.5615E-05 1.9674E-053484 8459  168
 4.1104E+04 0.0000E+00 4.8752E-06 8.0441E-06 4.1104E+04 1.0000E+003484 8459  169
 4.6507E-07 1.7208E-06 4.1105E+04 0.0000E+00 3.5896E-06 6.3535E-063484 8459  170
 4.1106E+04 0.0000E+00 2.6429E-06 4.6251E-06 4.1107E+04 0.0000E+003484 8459  171
 1.1785E-06 2.0270E-06 4.1108E+04 0.0000E+00 2.5816E-07 4.8534E-073484 8459  172
 4.1109E+04 0.0000E+00 2.6556E-08 7.2231E-08 4.1110E+04 0.0000E+003484 8459  173
 1.3136E-09 7.3693E-09 4.1111E+04 0.0000E+00 3.2645E-11 4.3026E-103484 8459  174
 4.1112E+04 0.0000E+00 4.2553E-13 1.3277E-11 4.2095E+04 0.0000E+003484 8459  175
 5.2888E-02 8.4621E-03 4.2096E+04 0.0000E+00 5.0819E-08 9.1473E-093484 8459  176
 4.2097E+04 0.0000E+00 1.8124E-02 3.9873E-03 4.2098E+04 0.0000E+003484 8459  177
 8.0984E-03 2.1056E-03 4.2099E+04 0.0000E+00 3.1207E-03 1.0298E-033484 8459  178
 4.2100E+04 0.0000E+00 1.0220E-03 4.4967E-04 4.2101E+04 0.0000E+003484 8459  179
 2.8280E-04 1.7251E-04 4.2102E+04 0.0000E+00 6.7672E-05 5.8874E-053484 8459  180
 4.2103E+04 0.0000E+00 1.5618E-05 1.9679E-05 4.2104E+04 0.0000E+003484 8459  181
 5.3982E-06 8.9069E-06 4.2105E+04 0.0000E+00 3.9781E-06 7.0412E-063484 8459  182
 4.2106E+04 0.0000E+00 4.0540E-06 7.0945E-06 4.2107E+04 0.0000E+003484 8459  183
 4.0894E-06 6.9929E-06 4.2108E+04 0.0000E+00 3.1345E-06 5.2347E-063484 8459  184
 4.2109E+04 0.0000E+00 1.4293E-06 2.3584E-06 4.2110E+04 0.0000E+003484 8459  185
 3.4571E-07 6.2228E-07 4.2111E+04 0.0000E+00 4.3167E-08 1.0749E-073484 8459  186
 4.2112E+04 0.0000E+00 2.8078E-09 1.3393E-08 4.2113E+04 0.0000E+003484 8459  187
 9.7450E-11 1.0281E-09 4.2114E+04 0.0000E+00 1.8394E-12 4.4035E-113484 8459  188
 4.3099E+04 0.0000E+00 3.1206E-03 1.0298E-03 4.3099E+04 1.0000E+003484 8459  189
 2.7481E-03 9.6185E-04 4.3101E+04 0.0000E+00 2.8280E-04 1.7251E-043484 8459  190
 4.3102E+04 0.0000E+00 6.7672E-05 5.8874E-05 4.3103E+04 0.0000E+003484 8459  191
 1.5618E-05 1.9679E-05 4.3104E+04 0.0000E+00 5.3982E-06 8.9069E-063484 8459  192
 4.3105E+04 0.0000E+00 3.9799E-06 7.0444E-06 4.3106E+04 0.0000E+003484 8459  193
 4.0987E-06 7.1727E-06 4.3107E+04 0.0000E+00 4.5378E-06 7.7596E-063484 8459  194
 4.3108E+04 0.0000E+00 4.9927E-06 8.3378E-06 4.3109E+04 0.0000E+003484 8459  195
 4.9581E-06 8.0818E-06 4.3110E+04 0.0000E+00 3.8201E-06 6.1121E-063484 8459  196
 4.3111E+04 0.0000E+00 1.8897E-06 2.9857E-06 4.3112E+04 0.0000E+003484 8459  197
 5.3933E-07 9.1686E-07 4.3113E+04 0.0000E+00 8.5243E-08 1.8669E-073484 8459  198
 4.3114E+04 0.0000E+00 7.3972E-09 2.8036E-08 4.3115E+04 0.0000E+003484 8459  199
 3.5253E-10 2.7921E-09 4.3116E+04 0.0000E+00 9.2034E-12 1.6023E-103484 8459  200
 4.3117E+04 0.0000E+00 1.3036E-13 5.0370E-12 4.4099E+04 0.0000E+003484 8459  201
 1.0168E-07 1.0168E-07 4.4101E+04 0.0000E+00 2.8280E-04 2.8280E-043484 8459  202
 4.4102E+04 0.0000E+00 6.7672E-05 6.7672E-05 4.4103E+04 0.0000E+003484 8459  203
 1.5618E-05 1.5618E-05 4.4104E+04 0.0000E+00 5.3982E-06 5.3982E-063484 8459  204
 4.4105E+04 0.0000E+00 3.9799E-06 7.0444E-06 4.4106E+04 0.0000E+003484 8459  205
 4.0987E-06 7.1727E-06 4.4107E+04 0.0000E+00 4.5405E-06 7.7643E-063484 8459  206
 4.4108E+04 0.0000E+00 5.0573E-06 8.4456E-06 4.4109E+04 0.0000E+003484 8459  207
 5.4805E-06 8.9332E-06 4.4110E+04 0.0000E+00 5.8320E-06 9.3313E-063484 8459  208
 4.4111E+04 0.0000E+00 5.7650E-06 9.1087E-06 4.4112E+04 0.0000E+003484 8459  209
 4.6310E-06 7.2706E-06 4.4113E+04 0.0000E+00 2.5824E-06 4.0028E-063484 8459  210
 4.4114E+04 0.0000E+00 8.9403E-07 1.4573E-06 4.4115E+04 0.0000E+003484 8459  211
 1.7994E-07 3.4729E-07 4.4116E+04 0.0000E+00 2.0444E-08 6.0720E-083484 8459  212
 4.4117E+04 0.0000E+00 1.2836E-09 7.4195E-09 4.4118E+04 0.0000E+003484 8459  213
 4.3629E-11 5.4188E-10 4.4119E+04 0.0000E+00 7.8387E-13 2.1525E-113484 8459  214
 4.5103E+04 0.0000E+00 1.5618E-05 1.5618E-05 4.5103E+04 1.0000E+003484 8459  215
 1.5431E-05 1.5431E-05 4.5105E+04 0.0000E+00 3.9799E-06 7.0444E-063484 8459  216
 4.5105E+04 1.0000E+00 1.1298E-06 2.0109E-06 4.5106E+04 0.0000E+003484 8459  217
 4.0987E-06 7.1727E-06 4.5107E+04 0.0000E+00 4.5405E-06 7.7643E-063484 8459  218
 4.5108E+04 0.0000E+00 5.0573E-06 8.4458E-06 4.5108E+04 1.0000E+003484 8459  219
 2.2283E-11 4.8175E-10 4.5109E+04 0.0000E+00 5.4836E-06 8.9382E-063484 8459  220
 4.5110E+04 0.0000E+00 5.8383E-06 9.3413E-06 4.5110E+04 1.0000E+003484 8459  221
 5.2571E-08 2.4498E-07 4.5111E+04 0.0000E+00 6.2377E-06 9.8556E-063484 8459  222
 4.5112E+04 0.0000E+00 6.4615E-06 1.0144E-05 4.5113E+04 0.0000E+003484 8459  223
 6.3630E-06 9.8627E-06 4.5114E+04 0.0000E+00 2.0891E-06 3.9903E-063484 8459  224
 4.5114E+04 1.0000E+00 3.3221E-06 1.0332E-05 4.5115E+04 0.0000E+003484 8459  225
 3.4328E-06 5.3207E-06 4.5116E+04 0.0000E+00 4.9250E-07 1.5169E-063484 8459  226
 4.5116E+04 1.0000E+00 9.3827E-07 3.0119E-06 4.5117E+04 0.0000E+003484 8459  227
 3.5980E-07 6.3685E-07 4.5118E+04 0.0000E+00 5.1681E-08 1.2403E-073484 8459  228
 4.5119E+04 0.0000E+00 4.0742E-09 1.7438E-08 4.5120E+04 0.0000E+003484 8459  229
 1.7037E-10 1.5266E-09 4.5121E+04 0.0000E+00 3.6602E-12 7.2765E-113484 8459  230
 4.6105E+04 0.0000E+00 3.9799E-06 7.0444E-06 4.6106E+04 0.0000E+003484 8459  231
 4.0987E-06 7.1727E-06 4.6107E+04 0.0000E+00 4.5405E-06 7.7643E-063484 8459  232
 4.6108E+04 0.0000E+00 5.0573E-06 8.4458E-06 4.6109E+04 0.0000E+003484 8459  233
 5.4836E-06 8.9382E-06 4.6109E+04 1.0000E+00 2.7418E-06 1.5785E-043484 8459  234
 4.6110E+04 0.0000E+00 5.8909E-06 9.4254E-06 4.6111E+04 0.0000E+003484 8459  235
 6.2396E-06 9.8585E-06 4.6111E+04 1.0000E+00 1.2349E-09 1.2275E-083484 8459  236
 4.6112E+04 0.0000E+00 6.5011E-06 1.0206E-05 4.6113E+04 0.0000E+003484 8459  237
 6.6878E-06 1.0366E-05 4.6113E+04 1.0000E+00 1.9837E-07 7.1215E-073484 8459  238
 4.6114E+04 0.0000E+00 6.7802E-06 1.0509E-05 4.6115E+04 0.0000E+003484 8459  239
 6.1818E-06 9.5822E-06 4.6115E+04 1.0000E+00 4.9844E-07 4.9844E-073484 8459  240
 4.6116E+04 0.0000E+00 5.8895E-06 9.1286E-06 4.6117E+04 0.0000E+003484 8459  241
 4.1740E-06 6.5115E-06 4.6118E+04 0.0000E+00 2.0499E-06 3.2388E-063484 8459  242
 4.6119E+04 0.0000E+00 6.2578E-07 1.0639E-06 4.6120E+04 0.0000E+003484 8459  243
 1.0952E-07 2.2781E-07 4.6121E+04 0.0000E+00 1.0402E-08 3.4536E-083484 8459  244
 4.6122E+04 0.0000E+00 5.1344E-10 3.4350E-09 4.6123E+04 0.0000E+003484 8459  245
 1.2745E-11 1.8926E-10 4.6124E+04 0.0000E+00 1.5894E-13 5.4152E-123484 8459  246
 4.7109E+04 0.0000E+00 5.4836E-06 8.9382E-06 4.7109E+04 1.0000E+003484 8459  247
 5.4810E-06 8.9889E-06 4.7111E+04 0.0000E+00 6.2090E-06 9.8101E-063484 8459  248
 4.7111E+04 1.0000E+00 6.1959E-06 9.8515E-06 4.7112E+04 0.0000E+003484 8459  249
 6.5011E-06 1.0206E-05 4.7113E+04 0.0000E+00 4.4013E-06 6.8221E-063484 8459  250
 4.7113E+04 1.0000E+00 6.3543E-06 9.9124E-06 4.7114E+04 0.0000E+003484 8459  251
 6.7991E-06 1.0539E-05 4.7114E+04 1.0000E+00 1.0059E-08 6.0856E-083484 8459  252
 4.7115E+04 0.0000E+00 5.0207E-06 1.9531E-05 4.7115E+04 1.0000E+003484 8459  253
 2.2675E-06 3.5145E-06 4.7116E+04 0.0000E+00 6.2554E-06 9.6960E-063484 8459  254
 4.7116E+04 1.0000E+00 5.0229E-07 1.6575E-06 4.7117E+04 0.0000E+003484 8459  255
 2.7561E-06 4.2994E-06 4.7117E+04 1.0000E+00 3.9801E-06 6.8458E-063484 8459  256
 4.7118E+04 0.0000E+00 4.6647E-06 7.3702E-06 4.7118E+04 1.0000E+003484 8459  257
 2.0738E-06 4.3343E-06 4.7119E+04 0.0000E+00 4.2129E-06 6.7406E-063484 8459  258
 4.7119E+04 1.0000E+00 3.1289E-07 3.1289E-07 4.7120E+04 0.0000E+003484 8459  259
 1.7983E-06 4.4239E-06 4.7120E+04 1.0000E+00 1.1845E-06 3.8849E-063484 8459  260
 4.7121E+04 0.0000E+00 9.1245E-07 1.5512E-06 4.7122E+04 0.0000E+003484 8459  261
 1.2443E-07 4.8530E-07 4.7122E+04 1.0000E+00 6.4189E-08 2.5098E-073484 8459  262
 4.7123E+04 0.0000E+00 2.1013E-08 5.8206E-08 4.7124E+04 0.0000E+003484 8459  263
 1.2357E-09 6.4500E-09 4.8111E+04 0.0000E+00 6.2400E-06 9.8592E-063484 8459  264
 4.8112E+04 0.0000E+00 6.5011E-06 1.0206E-05 4.8113E+04 0.0000E+003484 8459  265
 6.6129E-06 1.0250E-05 4.8113E+04 1.0000E+00 7.6094E-08 1.1871E-073484 8459  266
 4.8114E+04 0.0000E+00 6.7991E-06 1.0538E-05 4.8115E+04 0.0000E+003484 8459  267
 6.4706E-06 1.0030E-05 4.8115E+04 1.0000E+00 3.4168E-07 1.3291E-063484 8459  268
 4.8116E+04 0.0000E+00 6.7342E-06 1.0438E-05 4.8117E+04 0.0000E+003484 8459  269
 5.1270E-06 8.6135E-06 4.8117E+04 1.0000E+00 1.4423E-06 2.2499E-063484 8459  270
 4.8118E+04 0.0000E+00 6.3158E-06 9.9790E-06 4.8119E+04 0.0000E+003484 8459  271
 2.8809E-06 4.6094E-06 4.8119E+04 1.0000E+00 3.0923E-06 5.7207E-063484 8459  272
 4.8120E+04 0.0000E+00 5.4276E-06 8.7927E-06 4.8121E+04 0.0000E+003484 8459  273
 1.9197E-06 3.8010E-06 4.8121E+04 1.0000E+00 2.4650E-06 8.1839E-063484 8459  274
 4.8122E+04 0.0000E+00 2.7296E-06 4.6404E-06 4.8123E+04 0.0000E+003484 8459  275
 4.4572E-07 1.0964E-06 4.8123E+04 1.0000E+00 6.7609E-07 2.4002E-063484 8459  276
 4.8124E+04 0.0000E+00 2.7701E-07 5.3188E-07 4.8125E+04 0.0000E+003484 8459  277
 3.2111E-12 2.3477E-10 4.8125E+04 1.0000E+00 5.0375E-12 5.0370E-103484 8459  278
 4.8126E+04 0.0000E+00 7.8598E-13 7.5203E-11 4.8127E+04 0.0000E+003484 8459  279
 8.6690E-14 8.6681E-12 4.8131E+04 0.0000E+00 4.1340E-08 5.8206E-073484 8459  280
 4.8132E+04 0.0000E+00 1.7434E-09 5.7008E-08 4.9113E+04 0.0000E+003484 8459  281
 7.5988E-08 1.1778E-07 4.9115E+04 0.0000E+00 6.4888E-06 1.0058E-053484 8459  282
 4.9115E+04 1.0000E+00 6.4707E-06 1.0029E-05 4.9116E+04 0.0000E+003484 8459  283
 4.0629E-13 6.2974E-13 4.9116E+04 1.0000E+00 1.1589E-12 1.7962E-123484 8459  284
 4.9116E+04 2.0000E+00 3.5163E-13 5.4855E-13 4.9117E+04 0.0000E+003484 8459  285
 4.0722E-06 6.3526E-06 4.9117E+04 1.0000E+00 4.7204E-06 7.3638E-063484 8459  286
 4.9118E+04 0.0000E+00 6.3163E-06 9.9797E-06 4.9118E+04 1.0000E+003484 8459  287
 1.3686E-09 1.6382E-08 4.9118E+04 2.0000E+00 4.1704E-10 6.5558E-093484 8459  288
 4.9119E+04 0.0000E+00 3.5306E-06 5.6490E-06 4.9119E+04 1.0000E+003484 8459  289
 2.6141E-06 4.1826E-06 4.9120E+04 0.0000E+00 5.4767E-06 8.8722E-063484 8459  290
 4.9120E+04 1.0000E+00 9.7643E-08 5.6633E-07 4.9120E+04 2.0000E+003484 8459  291
 4.2533E-08 2.4669E-07 4.9121E+04 0.0000E+00 3.7011E-06 6.1438E-063484 8459  292
 4.9121E+04 1.0000E+00 1.4989E-06 2.6681E-06 4.9122E+04 0.0000E+003484 8459  293
 3.2296E-06 5.4904E-06 4.9122E+04 1.0000E+00 9.9341E-07 5.1061E-063484 8459  294
 4.9122E+04 2.0000E+00 4.3273E-07 2.2242E-06 4.9123E+04 0.0000E+003484 8459  295
 2.8475E-06 4.9547E-06 4.9123E+04 1.0000E+00 1.0195E-06 1.9573E-063484 8459  296
 4.9124E+04 0.0000E+00 1.0991E-06 2.9785E-06 4.9124E+04 1.0000E+003484 8459  297
 1.5870E-06 5.6498E-06 4.9125E+04 0.0000E+00 1.1705E-06 4.4244E-063484 8459  298
 4.9125E+04 1.0000E+00 4.0336E-07 1.5247E-06 4.9126E+04 0.0000E+003484 8459  299
 5.5955E-07 2.2382E-06 4.9126E+04 1.0000E+00 1.0803E-06 4.3210E-063484 8459  300
 4.9127E+04 0.0000E+00 1.6161E-06 9.1473E-06 4.9127E+04 1.0000E+003484 8459  301
 5.5694E-07 3.1523E-06 4.9128E+04 0.0000E+00 2.0931E-06 2.1015E-053484 8459  302
 4.9128E+04 1.0000E+00 7.1422E-07 7.1708E-06 4.9129E+04 0.0000E+003484 8459  303
 8.9132E-07 1.6846E-05 4.9129E+04 1.0000E+00 3.0716E-07 5.8053E-063484 8459  304
 4.9130E+04 0.0000E+00 1.3392E-07 7.1566E-06 4.9130E+04 1.0000E+003484 8459  305
 1.9812E-07 1.0748E-05 4.9130E+04 2.0000E+00 5.5490E-08 3.0104E-063484 8459  306
 4.9131E+04 0.0000E+00 2.4428E-05 1.3924E-04 4.9131E+04 1.0000E+003484 8459  307
 8.3879E-06 4.7895E-05 4.9131E+04 2.0000E+00 4.9782E-06 2.8426E-053484 8459  308
 4.9132E+04 0.0000E+00 6.3067E-06 2.6741E-05 4.9133E+04 0.0000E+003484 8459  309
 4.8756E-07 4.7878E-06 4.9134E+04 0.0000E+00 9.8778E-09 2.2995E-073484 8459  310
 4.9135E+04 0.0000E+00 1.4308E-10 8.0480E-09 5.0115E+04 0.0000E+003484 8459  311
 3.2353E-07 5.0147E-07 5.0116E+04 0.0000E+00 1.5651E-12 2.4260E-123484 8459  312
 5.0117E+04 0.0000E+00 6.5693E-06 1.0248E-05 5.0117E+04 1.0000E+003484 8459  313
 1.3874E-08 2.1644E-08 5.0118E+04 0.0000E+00 6.3177E-06 9.9819E-063484 8459  314
 5.0119E+04 0.0000E+00 5.9984E-06 9.5974E-06 5.0119E+04 1.0000E+003484 8459  315
 3.1896E-06 5.1033E-06 5.0120E+04 0.0000E+00 5.6174E-06 9.1002E-063484 8459  316
 5.0121E+04 0.0000E+00 5.0950E-06 8.4576E-06 5.0121E+04 1.0000E+003484 8459  317
 4.2414E-07 7.0407E-07 5.0122E+04 0.0000E+00 4.7323E-06 8.0449E-063484 8459  318
 5.0123E+04 0.0000E+00 4.6356E-07 1.3258E-06 5.0123E+04 1.0000E+003484 8459  319
 3.8070E-06 6.6241E-06 5.0124E+04 0.0000E+00 3.9094E-06 6.9195E-063484 8459  320
 5.0125E+04 0.0000E+00 2.0077E-06 3.4734E-06 5.0125E+04 1.0000E+003484 8459  321
 2.5298E-06 6.5015E-06 5.0126E+04 0.0000E+00 1.0617E-05 1.4652E-053484 8459  322
 5.0127E+04 0.0000E+00 2.5924E-05 2.5405E-05 5.0127E+04 1.0000E+003484 8459  323
 1.7662E-05 3.2146E-05 5.0128E+04 0.0000E+00 1.8376E-04 1.2679E-043484 8459  324
 5.0128E+04 1.0000E+00 1.0887E-04 1.4915E-04 5.0129E+04 0.0000E+003484 8459  325
 2.5178E-04 2.6186E-04 5.0129E+04 1.0000E+00 3.9335E-04 4.0909E-043484 8459  326
 5.0130E+04 0.0000E+00 6.8495E-04 6.5755E-04 5.0130E+04 1.0000E+003484 8459  327
 1.0244E-03 9.9364E-04 5.0131E+04 0.0000E+00 1.2605E-03 1.0210E-033484 8459  328
 5.0131E+04 1.0000E+00 1.9344E-03 1.5669E-03 5.0132E+04 0.0000E+003484 8459  329
 3.1531E-03 2.0180E-03 5.0133E+04 0.0000E+00 9.1637E-04 1.1913E-033484 8459  330
 5.0134E+04 0.0000E+00 1.4009E-04 4.1189E-04 5.0135E+04 0.0000E+003484 8459  331
 9.3587E-06 6.4575E-05 5.0136E+04 0.0000E+00 3.3355E-07 5.5269E-063484 8459  332
 5.0137E+04 0.0000E+00 3.4028E-09 1.3788E-07 5.1121E+04 0.0000E+003484 8459  333
 5.1900E-06 8.6154E-06 5.1122E+04 0.0000E+00 1.0393E-10 1.7668E-103484 8459  334
 5.1122E+04 1.0000E+00 4.2254E-11 7.1832E-11 5.1123E+04 0.0000E+003484 8459  335
 4.2729E-06 7.4349E-06 5.1124E+04 0.0000E+00 2.5887E-08 4.5821E-083484 8459  336
 5.1124E+04 1.0000E+00 1.9138E-08 3.3873E-08 5.1124E+04 2.0000E+003484 8459  337
 5.9746E-09 1.0575E-08 5.1125E+04 0.0000E+00 4.5378E-06 7.7598E-063484 8459  338
 5.1126E+04 0.0000E+00 1.9115E-09 2.6571E-09 5.1126E+04 1.0000E+003484 8459  339
 5.7035E-09 7.8710E-09 5.1126E+04 2.0000E+00 2.1488E-09 2.9868E-093484 8459  340
 5.1127E+04 0.0000E+00 4.3797E-05 4.2483E-05 5.1128E+04 0.0000E+003484 8459  341
 1.8721E-04 4.6800E-04 5.1128E+04 1.0000E+00 1.4234E-06 9.8214E-073484 8459  342
 5.1129E+04 0.0000E+00 5.8933E-04 3.0646E-04 5.1129E+04 1.0000E+003484 8459  343
 1.4630E-04 5.7349E-04 5.1130E+04 0.0000E+00 1.2783E-03 5.7524E-043484 8459  344
 5.1130E+04 1.0000E+00 1.0239E-03 9.1124E-04 5.1131E+04 0.0000E+003484 8459  345
 5.8824E-03 1.7647E-03 5.1132E+04 0.0000E+00 7.8700E-03 2.4397E-033484 8459  346
 5.1132E+04 1.0000E+00 1.9759E-03 1.0275E-03 5.1133E+04 0.0000E+003484 8459  347
 1.0907E-02 3.1631E-03 5.1134E+04 0.0000E+00 2.1430E-03 1.8430E-033484 8459  348
 5.1134E+04 1.0000E+00 3.0307E-03 2.7276E-03 5.1135E+04 0.0000E+003484 8459  349
 2.3271E-03 2.0944E-03 5.1136E+04 0.0000E+00 3.5591E-04 7.2606E-043484 8459  350
 5.1137E+04 0.0000E+00 3.0940E-05 1.4882E-04 5.1138E+04 0.0000E+003484 8459  351
 6.2642E-07 7.2915E-06 5.1139E+04 0.0000E+00 8.1513E-09 2.3370E-073484 8459  352
 5.2122E+04 0.0000E+00 1.0123E-10 1.7210E-10 5.2123E+04 0.0000E+003484 8459  353
 4.1986E-13 7.3056E-13 5.2123E+04 1.0000E+00 2.8598E-13 4.9760E-133484 8459  354
 5.2124E+04 0.0000E+00 3.0697E-08 5.4333E-08 5.2125E+04 0.0000E+003484 8459  355
 4.5378E-06 7.7598E-06 5.2125E+04 1.0000E+00 1.0154E-06 1.7466E-063484 8459  356
 5.2126E+04 0.0000E+00 6.8165E-09 9.4067E-09 5.2127E+04 0.0000E+003484 8459  357
 4.3624E-05 4.2315E-05 5.2127E+04 1.0000E+00 7.2176E-06 7.0732E-063484 8459  358
 5.2128E+04 0.0000E+00 1.8858E-04 1.2635E-04 5.2129E+04 0.0000E+003484 8459  359
 6.3256E-04 3.0362E-04 5.2129E+04 1.0000E+00 2.1925E-04 1.1620E-043484 8459  360
 5.2130E+04 0.0000E+00 2.3022E-03 8.2878E-04 5.2131E+04 0.0000E+003484 8459  361
 5.7120E-03 1.6564E-03 5.2131E+04 1.0000E+00 7.3588E-04 6.0343E-043484 8459  362
 5.2132E+04 0.0000E+00 1.4558E-02 3.6394E-03 5.2133E+04 0.0000E+003484 8459  363
 1.7978E-02 4.3148E-03 5.2133E+04 1.0000E+00 1.2504E-02 6.0020E-033484 8459  364
 5.2134E+04 0.0000E+00 4.5812E-02 9.6206E-03 5.2135E+04 0.0000E+003484 8459  365
 5.4228E-02 1.1930E-02 5.2136E+04 0.0000E+00 4.7770E-02 1.5764E-023484 8459  366
 5.2137E+04 0.0000E+00 1.5941E-02 1.0043E-02 5.2138E+04 0.0000E+003484 8459  367
 2.5508E-03 3.5711E-03 5.2139E+04 0.0000E+00 1.6276E-04 5.3711E-043484 8459  368
 5.2140E+04 0.0000E+00 7.5023E-06 6.0169E-05 5.2141E+04 0.0000E+003484 8459  369
 1.7827E-07 3.5404E-06 5.2142E+04 0.0000E+00 1.9711E-09 9.8652E-083484 8459  370
 5.3127E+04 0.0000E+00 4.3797E-05 4.2483E-05 5.3129E+04 0.0000E+003484 8459  371
 7.1368E-04 3.4257E-04 5.3131E+04 0.0000E+00 6.2938E-03 1.7622E-033484 8459  372
 5.3132E+04 0.0000E+00 1.4572E-02 3.3513E-03 5.3132E+04 1.0000E+003484 8459  373
 8.1335E-06 5.3356E-05 5.3133E+04 0.0000E+00 2.8592E-02 5.4326E-033484 8459  374
 5.3133E+04 1.0000E+00 7.5004E-05 2.3101E-04 5.3134E+04 0.0000E+003484 8459  375
 4.7733E-02 8.1145E-03 5.3134E+04 1.0000E+00 5.7094E-04 1.3132E-043484 8459  376
 5.3135E+04 0.0000E+00 6.6085E-02 1.1235E-02 5.3136E+04 0.0000E+003484 8459  377
 6.0950E-02 1.0971E-02 5.3136E+04 1.0000E+00 1.5008E-02 7.2041E-033484 8459  378
 5.3137E+04 0.0000E+00 6.1411E-02 1.3510E-02 5.3138E+04 0.0000E+003484 8459  379
 2.5590E-02 6.9093E-03 5.3139E+04 0.0000E+00 1.0142E-02 4.5640E-033484 8459  380
 5.3140E+04 0.0000E+00 2.0183E-03 1.9173E-03 5.3141E+04 0.0000E+003484 8459  381
 4.2565E-04 9.4494E-04 5.3142E+04 0.0000E+00 2.5921E-05 1.4023E-043484 8459  382
 5.3143E+04 0.0000E+00 6.0439E-07 8.1593E-06 5.3144E+04 0.0000E+003484 8459  383
 3.0652E-09 1.0535E-07 5.4131E+04 0.0000E+00 6.2938E-03 1.7622E-033484 8459  384
 5.4131E+04 1.0000E+00 6.8362E-05 2.0508E-05 5.4132E+04 0.0000E+003484 8459  385
 1.4573E-02 3.3517E-03 5.4133E+04 0.0000E+00 2.8593E-02 5.4325E-033484 8459  386
 5.4133E+04 1.0000E+00 8.1412E-04 1.7910E-04 5.4134E+04 0.0000E+003484 8459  387
 4.7763E-02 8.1197E-03 5.4134E+04 1.0000E+00 2.3302E-05 6.2915E-063484 8459  388
 5.4135E+04 0.0000E+00 6.6356E-02 1.0617E-02 5.4135E+04 1.0000E+003484 8459  389
 1.1116E-02 2.3345E-03 5.4136E+04 0.0000E+00 8.4360E-02 1.3498E-023484 8459  390
 5.4137E+04 0.0000E+00 7.9743E-02 1.5948E-02 5.4138E+04 0.0000E+003484 8459  391
 7.6661E-02 1.6865E-02 5.4139E+04 0.0000E+00 6.9549E-02 1.3214E-023484 8459  392
 5.4140E+04 0.0000E+00 6.8440E-02 1.4372E-02 5.4141E+04 0.0000E+003484 8459  393
 5.1654E-02 1.7045E-02 5.4142E+04 0.0000E+00 2.4504E-02 1.5927E-023484 8459  394
 5.4143E+04 0.0000E+00 2.8936E-03 4.2824E-03 5.4144E+04 0.0000E+003484 8459  395
 1.5129E-04 5.4314E-04 5.4145E+04 0.0000E+00 2.9878E-06 2.7010E-053484 8459  396
 5.4146E+04 0.0000E+00 2.6780E-08 6.2343E-07 5.4147E+04 0.0000E+003484 8459  397
 5.8577E-11 3.5861E-09 5.5133E+04 0.0000E+00 2.8593E-02 5.4325E-033484 8459  398
 5.5134E+04 0.0000E+00 3.4783E-10 5.9132E-11 5.5134E+04 1.0000E+003484 8459  399
 7.2908E-11 1.3852E-11 5.5135E+04 0.0000E+00 6.6423E-02 1.0627E-023484 8459  400
 5.5135E+04 1.0000E+00 1.0647E-08 4.2215E-07 5.5136E+04 0.0000E+003484 8459  401
 1.6875E-06 2.5313E-07 5.5136E+04 1.0000E+00 4.5685E-07 8.6802E-083484 8459  402
 5.5137E+04 0.0000E+00 7.9800E-02 1.1970E-02 5.5138E+04 0.0000E+003484 8459  403
 7.7089E-02 1.1563E-02 5.5138E+04 1.0000E+00 2.1766E-04 7.9444E-043484 8459  404
 5.5139E+04 0.0000E+00 7.2635E-02 1.1622E-02 5.5140E+04 0.0000E+003484 8459  405
 7.8197E-02 1.2512E-02 5.5141E+04 0.0000E+00 8.8540E-02 1.5052E-023484 8459  406
 5.5142E+04 0.0000E+00 7.5591E-02 1.8898E-02 5.5143E+04 0.0000E+003484 8459  407
 4.0280E-02 1.0473E-02 5.5144E+04 0.0000E+00 8.4075E-03 3.7834E-033484 8459  408
 5.5144E+04 1.0000E+00 7.4695E-08 7.4695E-08 5.5145E+04 0.0000E+003484 8459  409
 1.4873E-03 1.4575E-03 5.5146E+04 0.0000E+00 7.8164E-05 1.8447E-043484 8459  410
 5.5147E+04 0.0000E+00 2.0425E-06 1.2214E-05 5.5148E+04 0.0000E+003484 8459  411
 8.9581E-09 1.3957E-07 5.5149E+04 0.0000E+00 1.5208E-11 6.3187E-103484 8459  412
 5.6134E+04 0.0000E+00 3.4783E-10 5.9131E-11 5.6135E+04 0.0000E+003484 8459  413
 2.9753E-13 4.7603E-14 5.6135E+04 1.0000E+00 2.1296E-13 2.1294E-113484 8459  414
 5.6136E+04 0.0000E+00 1.9160E-06 2.8741E-07 5.6136E+04 1.0000E+003484 8459  415
 5.0290E-11 7.5434E-12 5.6137E+04 0.0000E+00 7.9800E-02 1.1970E-023484 8459  416
 5.6137E+04 1.0000E+00 7.5331E-02 1.3560E-02 5.6138E+04 0.0000E+003484 8459  417
 7.7130E-02 1.1569E-02 5.6139E+04 0.0000E+00 7.2648E-02 1.0897E-023484 8459  418
 5.6140E+04 0.0000E+00 7.8448E-02 1.1767E-02 5.6141E+04 0.0000E+003484 8459  419
 9.1833E-02 1.3776E-02 5.6142E+04 0.0000E+00 1.0227E-01 2.1476E-023484 8459  420
 5.6143E+04 0.0000E+00 9.4963E-02 2.0891E-02 5.6144E+04 0.0000E+003484 8459  421
 7.1493E-02 1.4298E-02 5.6145E+04 0.0000E+00 3.8661E-02 8.5052E-033484 8459  422
 5.6146E+04 0.0000E+00 1.4510E-02 5.0783E-03 5.6147E+04 0.0000E+003484 8459  423
 1.9165E-03 1.3032E-03 5.6148E+04 0.0000E+00 9.1529E-05 1.4370E-043484 8459  424
 5.6149E+04 0.0000E+00 1.0887E-06 4.2788E-06 5.6150E+04 0.0000E+003484 8459  425
 5.6965E-09 5.8788E-08 5.6151E+04 0.0000E+00 1.0201E-11 2.8408E-103484 8459  426
 5.7138E+04 0.0000E+00 7.9083E-13 1.1862E-13 5.7139E+04 0.0000E+003484 8459  427
 7.2648E-02 1.0897E-02 5.7140E+04 0.0000E+00 7.8448E-02 1.1767E-023484 8459  428
 5.7141E+04 0.0000E+00 9.1834E-02 1.2857E-02 5.7142E+04 0.0000E+003484 8459  429
 1.0230E-01 1.4322E-02 5.7143E+04 0.0000E+00 9.5394E-02 1.3355E-023484 8459  430
 5.7144E+04 0.0000E+00 7.3237E-02 1.0985E-02 5.7145E+04 0.0000E+003484 8459  431
 4.4510E-02 8.0118E-03 5.7146E+04 0.0000E+00 1.7615E-02 3.8751E-033484 8459  432
 5.7146E+04 1.0000E+00 3.5436E-03 2.1262E-03 5.7147E+04 0.0000E+003484 8459  433
 6.8798E-03 1.9263E-03 5.7148E+04 0.0000E+00 9.9869E-04 3.8949E-043484 8459  434
 5.7149E+04 0.0000E+00 9.6117E-05 6.2476E-05 5.7150E+04 0.0000E+003484 8459  435
 3.0297E-06 3.7569E-06 5.7151E+04 0.0000E+00 7.0183E-08 1.9651E-073484 8459  436
 5.7152E+04 0.0000E+00 3.5985E-10 2.5225E-09 5.7153E+04 0.0000E+003484 8459  437
 1.6191E-13 4.0786E-12 5.8140E+04 0.0000E+00 7.8448E-02 1.1767E-023484 8459  438
 5.8141E+04 0.0000E+00 9.1834E-02 1.2857E-02 5.8142E+04 0.0000E+003484 8459  439
 1.0230E-01 1.4322E-02 5.8143E+04 0.0000E+00 9.5394E-02 1.3355E-023484 8459  440
 5.8144E+04 0.0000E+00 7.3241E-02 1.0986E-02 5.8145E+04 0.0000E+003484 8459  441
 4.4576E-02 7.5780E-03 5.8146E+04 0.0000E+00 2.1697E-02 4.5564E-033484 8459  442
 5.8147E+04 0.0000E+00 8.3325E-03 2.3331E-03 5.8148E+04 0.0000E+003484 8459  443
 2.5273E-03 8.8457E-04 5.8149E+04 0.0000E+00 5.9440E-04 2.9720E-043484 8459  444
 5.8150E+04 0.0000E+00 1.0609E-04 8.0625E-05 5.8151E+04 0.0000E+003484 8459  445
 1.1265E-05 1.4081E-05 5.8152E+04 0.0000E+00 6.2474E-07 1.3619E-063484 8459  446
 5.8153E+04 0.0000E+00 5.2262E-09 2.2055E-08 5.8154E+04 0.0000E+003484 8459  447
 1.5049E-12 2.1761E-11 5.9141E+04 0.0000E+00 9.1834E-02 1.2857E-023484 8459  448
 5.9143E+04 0.0000E+00 9.5394E-02 1.3355E-02 5.9144E+04 0.0000E+003484 8459  449
 7.3241E-02 1.0986E-02 5.9144E+04 1.0000E+00 1.0107E-03 1.8193E-043484 8459  450
 5.9145E+04 0.0000E+00 4.4576E-02 7.5780E-03 5.9146E+04 0.0000E+003484 8459  451
 2.1697E-02 4.5564E-03 5.9147E+04 0.0000E+00 8.3336E-03 2.1667E-033484 8459  452
 5.9148E+04 0.0000E+00 2.5287E-03 8.8503E-04 5.9148E+04 1.0000E+003484 8459  453
 3.8070E-06 2.2690E-05 5.9149E+04 0.0000E+00 6.0700E-04 3.0350E-043484 8459  454
 5.9150E+04 0.0000E+00 1.1544E-04 8.7731E-05 5.9151E+04 0.0000E+003484 8459  455
 1.7145E-05 2.0917E-05 5.9152E+04 0.0000E+00 1.7382E-06 3.6327E-063484 8459  456
 5.9153E+04 0.0000E+00 9.8709E-08 3.7213E-07 5.9154E+04 0.0000E+003484 8459  457
 1.1334E-09 8.1721E-09 5.9155E+04 0.0000E+00 3.2946E-12 4.9024E-113484 8459  458
 6.0143E+04 0.0000E+00 9.5394E-02 1.3355E-02 6.0144E+04 0.0000E+003484 8459  459
 7.3241E-02 1.0986E-02 6.0145E+04 0.0000E+00 4.4576E-02 7.5780E-033484 8459  460
 6.0146E+04 0.0000E+00 2.1697E-02 4.5564E-03 6.0147E+04 0.0000E+003484 8459  461
 8.3336E-03 2.1667E-03 6.0148E+04 0.0000E+00 2.5325E-03 8.8637E-043484 8459  462
 6.0149E+04 0.0000E+00 6.0701E-04 3.0351E-04 6.0150E+04 0.0000E+003484 8459  463
 1.1551E-04 8.7791E-05 6.0151E+04 0.0000E+00 1.7371E-05 2.1192E-053484 8459  464
 6.0152E+04 0.0000E+00 2.0648E-06 4.3154E-06 6.0153E+04 0.0000E+003484 8459  465
 1.9416E-07 7.3197E-07 6.0154E+04 0.0000E+00 1.4584E-08 1.0486E-073484 8459  466
 6.0155E+04 0.0000E+00 9.4275E-10 1.3387E-08 6.0156E+04 0.0000E+003484 8459  467
 3.5478E-11 1.1200E-09 6.1147E+04 0.0000E+00 8.3336E-03 2.1667E-033484 8459  468
 6.1149E+04 0.0000E+00 6.0701E-04 3.0351E-04 6.1150E+04 0.0000E+003484 8459  469
 3.4490E-13 2.6213E-13 6.1151E+04 0.0000E+00 1.7371E-05 2.1193E-053484 8459  470
 6.1152E+04 0.0000E+00 2.0648E-06 4.3155E-06 6.1152E+04 1.0000E+003484 8459  471
 5.8006E-11 1.7367E-09 6.1152E+04 2.0000E+00 2.4707E-12 7.3974E-113484 8459  472
 6.1153E+04 0.0000E+00 1.9430E-07 7.3249E-07 6.1154E+04 0.0000E+003484 8459  473
 1.4588E-08 1.0489E-07 6.1154E+04 1.0000E+00 2.2778E-11 3.6581E-103484 8459  474
 6.1155E+04 0.0000E+00 9.6018E-10 1.3635E-08 6.1156E+04 0.0000E+003484 8459  475
 3.9376E-11 1.2427E-09 6.1157E+04 0.0000E+00 1.4471E-12 1.0431E-103484 8459  476
 6.2147E+04 0.0000E+00 8.3336E-03 2.1667E-03 6.2149E+04 0.0000E+003484 8459  477
 6.0701E-04 3.0351E-04 6.2150E+04 0.0000E+00 3.4490E-13 2.6213E-133484 8459  478
 6.2151E+04 0.0000E+00 1.7371E-05 2.1193E-05 6.2152E+04 0.0000E+003484 8459  479
 2.0649E-06 4.3156E-06 6.2153E+04 0.0000E+00 1.9430E-07 7.3249E-073484 8459  480
 6.2154E+04 0.0000E+00 1.4611E-08 1.0506E-07 6.2155E+04 0.0000E+003484 8459  481
 9.6018E-10 1.3635E-08 6.2156E+04 0.0000E+00 3.9376E-11 1.2427E-093484 8459  482
 6.2157E+04 0.0000E+00 1.4471E-12 1.0431E-10 6.3151E+04 0.0000E+003484 8459  483
 1.7371E-05 2.1193E-05 6.3153E+04 0.0000E+00 1.9430E-07 7.3249E-073484 8459  484
 6.3155E+04 0.0000E+00 9.6018E-10 1.3635E-08 6.3156E+04 0.0000E+003484 8459  485
 3.9376E-11 1.2427E-09 6.3157E+04 0.0000E+00 1.4471E-12 1.4471E-123484 8459  486
 6.4155E+04 0.0000E+00 9.6018E-10 9.6018E-10 6.4156E+04 0.0000E+003484 8459  487
 3.9376E-11 3.9376E-11 6.4157E+04 0.0000E+00 1.4471E-12 1.4471E-123484 8459  488
 0.0000E+00 0.0000E+00          0          0          0          03484 8  099999
                                                                  3484 0  0    0
                                                                     0 0  0    0
 0.0000E+00 0.0000E+00          0          0          0          0  -1 0  0    0
