Fission Product Yields for th232(s,f) fission                      231 0  0    0
 9.0232e+04 2.3004e+02         -1          1          2          13486 1451    1
 0.0000e+00 1.0000e+00          0          0          0          63486 1451    2
 0.0000e+00 1.5000e+08          1          0          5          63486 1451    3
 0.0000e+00 0.0000e+00          0          0         11          33486 1451    4
 90-Th-232  NexiaSol   EVAL-DEC07                      R.W. Mills 3486 1451    5
                       DIST-DEC07DRAFT-DEC07           071212     3486 1451    6
 Energy dependent fission yields - UKFY4.1 (Issue 1)              3486 1451    7
 =====================================================            3486 1451    8
 The CYFP code developed by Wahl [1] was used to produce          3486 1451    9
 energy dependent fission yields for fission induced by           3486 1451   10
 neutron, proton, deuteron and alpha particles.                   3486 1451   11
                                                                  3486 1451   12
 References                                                       3486 1451   13
 1) "Systematics of Fission-Product Yields", LA-13928,            3486 1451   14
    A.C. Wahl (2002).                                             3486 1451   15
                                1        451         18          03486 1451   16
                                8        454        592          03486 1451   17
                                8        459        592          03486 1451   18
 0.0000e+00 0.0000e+00          0          0          0          03486 1  099999
                                                                  3486 0  0    0
 9.0232E+04 2.3004E+02          1          0          0          03486 8454    1
 0.0000E+00 0.0000E+00          0          0       2924        7313486 8454    2
 2.9073E+04 0.0000E+00 6.3843E-13 6.3836E-11 2.9074E+04 0.0000E+003486 8454    3
 2.7266E-12 2.7264E-10 2.9075E+04 0.0000E+00 1.8886E-11 3.2635E-103486 8454    4
 2.9076E+04 0.0000E+00 5.7961E-11 4.9905E-10 2.9077E+04 0.0000E+003486 8454    5
 2.3368E-10 1.2969E-09 2.9078E+04 0.0000E+00 9.9275E-11 8.6866E-103486 8454    6
 2.9079E+04 0.0000E+00 1.8102E-11 3.6656E-10 2.9080E+04 0.0000E+003486 8454    7
 9.4617E-13 4.5246E-11 3.0073E+04 0.0000E+00 7.9113E-15 7.9105E-133486 8454    8
 3.0074E+04 0.0000E+00 1.6793E-11 1.6791E-09 3.0075E+04 0.0000E+003486 8454    9
 4.1828E-10 7.2112E-09 3.0076E+04 0.0000E+00 6.9083E-09 5.7892E-083486 8454   10
 3.0077E+04 0.0000E+00 3.6137E-08 3.1295E-07 3.0077E+04 1.0000E+003486 8454   11
 8.2132E-09 7.1126E-08 3.0078E+04 0.0000E+00 1.6798E-07 4.1995E-073486 8454   12
 3.0079E+04 0.0000E+00 1.5566E-07 3.6891E-07 3.0080E+04 0.0000E+003486 8454   13
 7.3020E-08 3.4101E-07 3.0081E+04 0.0000E+00 1.3174E-08 1.4334E-073486 8454   14
 3.0082E+04 0.0000E+00 1.2736E-09 3.2425E-08 3.0083E+04 0.0000E+003486 8454   15
 3.7919E-11 2.2304E-09 3.1073E+04 0.0000E+00 0.0000E+00 0.0000E+003486 8454   16
 3.1074E+04 0.0000E+00 1.0866E-16 1.0865E-14 3.1074E+04 1.0000E+003486 8454   17
 2.8816E-17 2.8813E-15 3.1075E+04 0.0000E+00 4.9564E-12 4.9559E-103486 8454   18
 3.1076E+04 0.0000E+00 9.4762E-10 7.9505E-09 3.1077E+04 0.0000E+003486 8454   19
 6.4951E-08 2.8059E-07 3.1078E+04 0.0000E+00 8.2007E-07 1.9354E-063486 8454   20
 3.1079E+04 0.0000E+00 5.2656E-06 7.3192E-06 3.1080E+04 0.0000E+003486 8454   21
 1.0754E-05 1.0432E-05 3.1081E+04 0.0000E+00 1.6015E-05 1.9859E-053486 8454   22
 3.1082E+04 0.0000E+00 7.1250E-06 1.8525E-05 3.1083E+04 0.0000E+003486 8454   23
 1.7072E-06 1.0243E-05 3.1084E+04 0.0000E+00 1.1377E-07 1.5780E-063486 8454   24
 3.1085E+04 0.0000E+00 4.2802E-09 1.3573E-07 3.1086E+04 0.0000E+003486 8454   25
 5.1334E-11 3.6750E-09 3.2073E+04 0.0000E+00 0.0000E+00 0.0000E+003486 8454   26
 3.2073E+04 1.0000E+00 0.0000E+00 0.0000E+00 3.2074E+04 0.0000E+003486 8454   27
 0.0000E+00 0.0000E+00 3.2075E+04 0.0000E+00 0.0000E+00 0.0000E+003486 8454   28
 3.2075E+04 1.0000E+00 3.2946E-17 3.2943E-15 3.2076E+04 0.0000E+003486 8454   29
 5.0987E-12 5.3179E-11 3.2077E+04 0.0000E+00 2.3793E-09 2.1842E-083486 8454   30
 3.2077E+04 1.0000E+00 5.4076E-10 4.9642E-09 3.2078E+04 0.0000E+003486 8454   31
 2.6833E-07 6.5741E-07 3.2079E+04 0.0000E+00 1.0457E-06 2.9279E-063486 8454   32
 3.2079E+04 1.0000E+00 4.6009E-06 1.2882E-05 3.2080E+04 0.0000E+003486 8454   33
 6.4148E-05 5.4526E-05 3.2081E+04 0.0000E+00 2.4040E-04 2.7405E-043486 8454   34
 3.2081E+04 1.0000E+00 8.2844E-05 9.4442E-05 3.2082E+04 0.0000E+003486 8454   35
 9.9328E-04 4.8671E-04 3.2083E+04 0.0000E+00 9.9364E-04 7.1542E-043486 8454   36
 3.2084E+04 0.0000E+00 5.1013E-04 7.6519E-04 3.2085E+04 0.0000E+003486 8454   37
 8.1442E-05 2.7609E-04 3.2086E+04 0.0000E+00 7.2295E-06 5.5884E-053486 8454   38
 3.2087E+04 0.0000E+00 2.6355E-07 4.6122E-06 3.2088E+04 0.0000E+003486 8454   39
 5.3649E-09 2.1031E-07 3.2089E+04 0.0000E+00 3.1963E-11 2.7722E-093486 8454   40
 3.3075E+04 0.0000E+00 0.0000E+00 0.0000E+00 3.3077E+04 0.0000E+003486 8454   41
 4.7628E-13 4.7624E-11 3.3078E+04 0.0000E+00 2.8915E-10 1.9720E-093486 8454   42
 3.3079E+04 0.0000E+00 5.9948E-08 1.6905E-07 3.3080E+04 0.0000E+003486 8454   43
 2.9561E-06 3.8429E-06 3.3081E+04 0.0000E+00 9.1704E-05 6.3276E-053486 8454   44
 3.3082E+04 0.0000E+00 3.3604E-04 2.8900E-04 3.3082E+04 1.0000E+003486 8454   45
 5.0259E-04 4.3223E-04 3.3083E+04 0.0000E+00 4.5265E-03 1.3579E-033486 8454   46
 3.3084E+04 0.0000E+00 7.7387E-03 2.3216E-03 3.3084E+04 1.0000E+003486 8454   47
 0.0000E+00 0.0000E+00 3.3085E+04 0.0000E+00 8.1842E-03 3.6829E-033486 8454   48
 3.3086E+04 0.0000E+00 2.8273E-03 2.5446E-03 3.3087E+04 0.0000E+003486 8454   49
 7.2854E-04 1.4352E-03 3.3088E+04 0.0000E+00 5.7397E-05 2.5369E-043486 8454   50
 3.3089E+04 0.0000E+00 2.3034E-06 2.2804E-05 3.3090E+04 0.0000E+003486 8454   51
 3.1774E-08 6.9712E-07 3.3091E+04 0.0000E+00 4.4366E-10 2.1273E-083486 8454   52
 3.3092E+04 0.0000E+00 3.4583E-12 3.4580E-10 3.4077E+04 0.0000E+003486 8454   53
 0.0000E+00 0.0000E+00 3.4078E+04 0.0000E+00 4.3146E-15 4.3142E-133486 8454   54
 3.4079E+04 0.0000E+00 5.4527E-12 2.8430E-10 3.4079E+04 1.0000E+003486 8454   55
 1.2393E-12 6.4616E-11 3.4080E+04 0.0000E+00 3.9010E-09 3.8698E-083486 8454   56
 3.4081E+04 0.0000E+00 1.2601E-07 9.7782E-07 3.4081E+04 1.0000E+003486 8454   57
 5.5442E-07 4.3023E-06 3.4082E+04 0.0000E+00 5.1585E-05 8.1504E-053486 8454   58
 3.4083E+04 0.0000E+00 7.6233E-04 1.0749E-03 3.4083E+04 1.0000E+003486 8454   59
 2.6271E-04 3.7042E-04 3.4084E+04 0.0000E+00 9.6104E-03 3.5559E-033486 8454   60
 3.4085E+04 0.0000E+00 2.8936E-02 6.9446E-03 3.4086E+04 0.0000E+003486 8454   61
 5.3910E-02 1.1321E-02 3.4087E+04 0.0000E+00 4.6103E-02 1.3831E-023486 8454   62
 3.4088E+04 0.0000E+00 2.3380E-02 1.3093E-02 3.4089E+04 0.0000E+003486 8454   63
 3.4693E-03 4.1285E-03 3.4090E+04 0.0000E+00 3.1657E-04 8.1993E-043486 8454   64
 3.4091E+04 0.0000E+00 1.5826E-05 9.0210E-05 3.4092E+04 0.0000E+003486 8454   65
 7.6015E-07 9.4259E-06 3.4093E+04 0.0000E+00 2.0549E-08 5.4474E-073486 8454   66
 3.4094E+04 0.0000E+00 4.1055E-10 2.2802E-08 3.5079E+04 0.0000E+003486 8454   67
 0.0000E+00 0.0000E+00 3.5081E+04 0.0000E+00 1.9412E-11 7.5822E-103486 8454   68
 3.5082E+04 0.0000E+00 5.5685E-09 1.6711E-07 3.5082E+04 1.0000E+003486 8454   69
 3.7232E-09 1.1173E-07 3.5083E+04 0.0000E+00 1.8312E-06 1.0786E-053486 8454   70
 3.5084E+04 0.0000E+00 3.2223E-05 1.5338E-04 3.5084E+04 1.0000E+003486 8454   71
 4.8192E-05 2.2940E-04 3.5085E+04 0.0000E+00 1.6727E-03 1.6894E-033486 8454   72
 3.5086E+04 0.0000E+00 9.8275E-03 4.6189E-03 3.5087E+04 0.0000E+003486 8454   73
 4.1901E-02 1.0894E-02 3.5088E+04 0.0000E+00 5.8309E-02 1.1079E-023486 8454   74
 3.5089E+04 0.0000E+00 4.5889E-02 1.1013E-02 3.5090E+04 0.0000E+003486 8454   75
 1.3425E-02 5.1016E-03 3.5091E+04 0.0000E+00 4.0481E-03 2.9956E-033486 8454   76
 3.5092E+04 0.0000E+00 6.5552E-04 1.0160E-03 3.5093E+04 0.0000E+003486 8454   77
 1.0464E-04 3.4428E-04 3.5094E+04 0.0000E+00 6.5821E-06 4.5680E-053486 8454   78
 3.5095E+04 0.0000E+00 2.9116E-07 4.1926E-06 3.5096E+04 0.0000E+003486 8454   79
 5.1854E-09 1.5214E-07 3.5097E+04 0.0000E+00 8.9793E-11 5.2861E-093486 8454   80
 3.6082E+04 0.0000E+00 3.1645E-14 3.1642E-12 3.6083E+04 0.0000E+003486 8454   81
 1.3578E-12 1.3576E-10 3.6083E+04 1.0000E+00 4.1054E-11 4.1050E-093486 8454   82
 3.6084E+04 0.0000E+00 2.0506E-08 4.6035E-07 3.6085E+04 0.0000E+003486 8454   83
 1.7316E-06 3.0839E-05 3.6085E+04 1.0000E+00 5.9671E-07 1.0628E-053486 8454   84
 3.6086E+04 0.0000E+00 1.1706E-04 4.2260E-04 3.6087E+04 0.0000E+003486 8454   85
 2.0138E-03 3.0408E-03 3.6088E+04 0.0000E+00 1.6856E-02 1.1294E-023486 8454   86
 3.6089E+04 0.0000E+00 3.7828E-02 1.2862E-02 3.6090E+04 0.0000E+003486 8454   87
 5.2671E-02 1.2114E-02 3.6091E+04 0.0000E+00 4.3015E-02 9.0332E-033486 8454   88
 3.6092E+04 0.0000E+00 3.6176E-02 1.0491E-02 3.6093E+04 0.0000E+003486 8454   89
 1.7536E-02 8.4170E-03 3.6094E+04 0.0000E+00 6.0938E-03 5.6063E-033486 8454   90
 3.6095E+04 0.0000E+00 8.1508E-04 1.5242E-03 3.6096E+04 0.0000E+003486 8454   91
 7.6421E-05 2.9116E-04 3.6097E+04 0.0000E+00 3.7477E-06 2.8858E-053486 8454   92
 3.6098E+04 0.0000E+00 1.2762E-07 1.9742E-06 3.6099E+04 0.0000E+003486 8454   93
 1.6247E-09 5.0447E-08 3.6100E+04 0.0000E+00 1.2642E-11 7.9164E-103486 8454   94
 3.7085E+04 0.0000E+00 1.4811E-11 1.2461E-09 3.7086E+04 0.0000E+003486 8454   95
 2.0247E-09 1.3418E-07 3.7086E+04 1.0000E+00 2.3107E-09 1.5313E-073486 8454   96
 3.7087E+04 0.0000E+00 7.0553E-07 9.3623E-06 3.7088E+04 0.0000E+003486 8454   97
 2.7698E-05 1.5013E-04 3.7089E+04 0.0000E+00 4.5516E-04 1.0332E-033486 8454   98
 3.7090E+04 0.0000E+00 5.7743E-04 1.1433E-03 3.7090E+04 1.0000E+003486 8454   99
 1.6057E-03 3.1793E-03 3.7091E+04 0.0000E+00 9.2949E-03 4.4616E-033486 8454  100
 3.7092E+04 0.0000E+00 2.0057E-02 5.6160E-03 3.7093E+04 0.0000E+003486 8454  101
 4.3143E-02 8.6287E-03 3.7094E+04 0.0000E+00 3.8064E-02 8.3740E-033486 8454  102
 3.7095E+04 0.0000E+00 2.4263E-02 7.7640E-03 3.7096E+04 0.0000E+003486 8454  103
 6.2012E-03 3.4727E-03 3.7096E+04 1.0000E+00 0.0000E+00 0.0000E+003486 8454  104
 3.7097E+04 0.0000E+00 1.5014E-03 1.6065E-03 3.7098E+04 0.0000E+003486 8454  105
 1.4026E-04 2.9455E-04 3.7098E+04 1.0000E+00 0.0000E+00 0.0000E+003486 8454  106
 3.7099E+04 0.0000E+00 8.7924E-06 3.7016E-05 3.7100E+04 0.0000E+003486 8454  107
 1.8821E-07 1.6129E-06 3.8086E+04 0.0000E+00 4.2258E-15 4.2254E-133486 8454  108
 3.8087E+04 0.0000E+00 1.3529E-13 1.3528E-11 3.8087E+04 1.0000E+003486 8454  109
 4.0907E-12 4.0903E-10 3.8088E+04 0.0000E+00 1.6827E-09 8.0955E-083486 8454  110
 3.8089E+04 0.0000E+00 1.4248E-07 2.7727E-06 3.8090E+04 0.0000E+003486 8454  111
 5.7011E-06 4.5723E-05 3.8091E+04 0.0000E+00 9.9423E-05 3.3704E-043486 8454  112
 3.8092E+04 0.0000E+00 1.3568E-03 2.0080E-03 3.8093E+04 0.0000E+003486 8454  113
 8.6825E-03 5.9909E-03 3.8094E+04 0.0000E+00 3.5272E-02 1.3051E-023486 8454  114
 3.8095E+04 0.0000E+00 5.2760E-02 1.2662E-02 3.8096E+04 0.0000E+003486 8454  115
 5.6030E-02 1.1206E-02 3.8097E+04 0.0000E+00 3.2458E-02 8.1145E-033486 8454  116
 3.8098E+04 0.0000E+00 1.3696E-02 5.2043E-03 3.8099E+04 0.0000E+003486 8454  117
 2.2598E-03 1.4689E-03 3.8100E+04 0.0000E+00 2.3789E-04 2.9736E-043486 8454  118
 3.8101E+04 0.0000E+00 3.0214E-10 2.6754E-08 3.8102E+04 0.0000E+003486 8454  119
 1.3796E-12 1.3795E-10 3.9089E+04 0.0000E+00 5.6560E-14 5.6554E-123486 8454  120
 3.9089E+04 1.0000E+00 1.9513E-13 1.9511E-11 3.9090E+04 0.0000E+003486 8454  121
 2.8811E-11 2.8808E-09 3.9090E+04 1.0000E+00 2.4934E-11 2.4932E-093486 8454  122
 3.9091E+04 0.0000E+00 2.1055E-09 1.1917E-07 3.9091E+04 1.0000E+003486 8454  123
 6.1099E-09 3.4582E-07 3.9092E+04 0.0000E+00 4.9409E-07 5.8698E-063486 8454  124
 3.9093E+04 0.0000E+00 5.7063E-06 5.8489E-05 3.9093E+04 1.0000E+003486 8454  125
 1.6559E-05 1.6972E-04 3.9094E+04 0.0000E+00 3.0940E-04 7.0852E-043486 8454  126
 3.9095E+04 0.0000E+00 2.4477E-03 2.6190E-03 3.9096E+04 0.0000E+003486 8454  127
 9.4178E-04 1.0171E-03 3.9096E+04 1.0000E+00 5.6725E-03 6.1263E-033486 8454  128
 3.9097E+04 0.0000E+00 4.0280E-03 2.5779E-03 3.9097E+04 1.0000E+003486 8454  129
 1.1688E-02 7.4806E-03 3.9098E+04 0.0000E+00 3.8317E-03 1.9159E-033486 8454  130
 3.9098E+04 1.0000E+00 1.0655E-02 5.3275E-03 3.9099E+04 0.0000E+003486 8454  131
 9.5985E-03 2.4956E-03 3.9100E+04 0.0000E+00 6.3844E-04 4.4691E-043486 8454  132
 3.9100E+04 1.0000E+00 1.7753E-03 1.2427E-03 3.9101E+04 0.0000E+003486 8454  133
 4.6666E-04 6.4399E-04 3.9102E+04 0.0000E+00 3.9519E-05 1.0986E-043486 8454  134
 3.9102E+04 1.0000E+00 0.0000E+00 0.0000E+00 3.9103E+04 0.0000E+003486 8454  135
 1.6579E-06 9.7319E-06 3.9104E+04 0.0000E+00 3.3217E-08 4.2451E-073486 8454  136
 3.9105E+04 0.0000E+00 3.5697E-10 1.0131E-08 3.9106E+04 0.0000E+003486 8454  137
 2.6112E-08 7.0191E-08 3.9107E+04 0.0000E+00 7.4632E-10 4.4177E-093486 8454  138
 3.9108E+04 0.0000E+00 1.1472E-11 1.7415E-10 4.0090E+04 0.0000E+003486 8454  139
 0.0000E+00 0.0000E+00 4.0091E+04 0.0000E+00 1.5564E-14 1.5563E-123486 8454  140
 4.0092E+04 0.0000E+00 8.5047E-12 8.3967E-10 4.0093E+04 0.0000E+003486 8454  141
 1.7646E-09 7.3389E-08 4.0094E+04 0.0000E+00 1.8343E-07 3.2980E-063486 8454  142
 4.0095E+04 0.0000E+00 5.4269E-06 4.3361E-05 4.0096E+04 0.0000E+003486 8454  143
 8.8010E-05 3.2124E-04 4.0097E+04 0.0000E+00 6.2117E-04 1.0684E-033486 8454  144
 4.0098E+04 0.0000E+00 2.7218E-03 2.3135E-03 4.0099E+04 0.0000E+003486 8454  145
 4.3223E-03 2.0747E-03 4.0100E+04 0.0000E+00 4.4227E-03 1.5922E-033486 8454  146
 4.0101E+04 0.0000E+00 2.2214E-03 9.5522E-04 4.0102E+04 0.0000E+003486 8454  147
 8.0999E-04 3.9690E-04 4.0103E+04 0.0000E+00 2.2085E-04 1.4576E-043486 8454  148
 4.0104E+04 0.0000E+00 4.6019E-05 4.3718E-05 4.0105E+04 0.0000E+003486 8454  149
 7.6433E-06 1.0624E-05 4.0106E+04 0.0000E+00 1.3066E-06 2.2081E-063486 8454  150
 4.0107E+04 0.0000E+00 2.0660E-07 4.0080E-07 4.0108E+04 0.0000E+003486 8454  151
 1.8363E-08 5.2333E-08 4.0109E+04 0.0000E+00 7.5307E-10 4.6008E-093486 8454  152
 4.0110E+04 0.0000E+00 1.4610E-11 2.1857E-10 4.1094E+04 0.0000E+003486 8454  153
 2.1643E-13 2.1641E-11 4.1094E+04 1.0000E+00 2.5008E-13 2.5005E-113486 8454  154
 4.1095E+04 0.0000E+00 7.7424E-11 7.7416E-09 4.1095E+04 1.0000E+003486 8454  155
 2.6681E-11 2.6679E-09 4.1096E+04 0.0000E+00 6.4845E-09 1.8241E-073486 8454  156
 4.1097E+04 0.0000E+00 2.1610E-07 5.5365E-06 4.1097E+04 1.0000E+003486 8454  157
 7.4471E-08 1.9079E-06 4.1098E+04 0.0000E+00 1.3940E-06 1.6518E-053486 8454  158
 4.1098E+04 1.0000E+00 2.7696E-06 3.2819E-05 4.1099E+04 0.0000E+003486 8454  159
 2.6818E-05 1.4884E-04 4.1099E+04 1.0000E+00 9.2419E-06 5.1293E-053486 8454  160
 4.1100E+04 0.0000E+00 2.7432E-05 7.2969E-05 4.1100E+04 1.0000E+003486 8454  161
 7.6282E-05 2.0291E-04 4.1101E+04 0.0000E+00 1.3144E-06 1.7823E-053486 8454  162
 4.1102E+04 0.0000E+00 2.1166E-06 2.7537E-05 4.1102E+04 1.0000E+003486 8454  163
 2.4156E-06 3.1426E-05 4.1103E+04 0.0000E+00 8.5031E-06 2.6445E-053486 8454  164
 4.1104E+04 0.0000E+00 6.3151E-06 6.3145E-04 4.1104E+04 1.0000E+003486 8454  165
 2.3409E-06 2.3406E-04 4.1105E+04 0.0000E+00 5.5503E-06 8.1590E-063486 8454  166
 4.1106E+04 0.0000E+00 3.3964E-06 5.6041E-06 4.1107E+04 0.0000E+003486 8454  167
 2.3953E-06 4.1678E-06 4.1108E+04 0.0000E+00 1.0430E-06 1.8253E-063486 8454  168
 4.1109E+04 0.0000E+00 2.2256E-07 4.2286E-07 4.1110E+04 0.0000E+003486 8454  169
 2.2776E-08 6.3318E-08 4.1111E+04 0.0000E+00 1.1616E-09 6.6203E-093486 8454  170
 4.1112E+04 0.0000E+00 3.1107E-11 4.0748E-10 4.1113E+04 0.0000E+003486 8454  171
 4.5901E-13 1.3890E-11 4.2095E+04 0.0000E+00 6.0422E-17 6.0416E-153486 8454  172
 4.2096E+04 0.0000E+00 2.8811E-14 2.8808E-12 4.2097E+04 0.0000E+003486 8454  173
 5.1114E-12 5.0209E-10 4.2098E+04 0.0000E+00 4.9071E-10 2.1841E-083486 8454  174
 4.2099E+04 0.0000E+00 1.5120E-08 3.0632E-07 4.2100E+04 0.0000E+003486 8454  175
 2.6746E-07 2.4634E-06 4.2101E+04 0.0000E+00 6.6059E-17 6.6053E-153486 8454  176
 4.2102E+04 0.0000E+00 4.7073E-15 4.7069E-13 4.2103E+04 0.0000E+003486 8454  177
 1.9377E-13 1.9375E-11 4.2104E+04 0.0000E+00 4.4139E-12 4.4135E-103486 8454  178
 4.2105E+04 0.0000E+00 6.0047E-11 6.0041E-09 4.2106E+04 0.0000E+003486 8454  179
 5.6326E-07 9.8570E-07 4.2107E+04 0.0000E+00 1.7018E-06 2.9782E-063486 8454  180
 4.2108E+04 0.0000E+00 3.0254E-06 5.1735E-06 4.2109E+04 0.0000E+003486 8454  181
 2.7345E-06 4.5666E-06 4.2110E+04 0.0000E+00 1.2625E-06 2.1211E-063486 8454  182
 4.2111E+04 0.0000E+00 3.0161E-07 5.4893E-07 4.2112E+04 0.0000E+003486 8454  183
 3.8042E-08 9.6245E-08 4.2113E+04 0.0000E+00 2.6063E-09 1.2458E-083486 8454  184
 4.2114E+04 0.0000E+00 9.9705E-11 1.0299E-09 4.2115E+04 0.0000E+003486 8454  185
 2.1706E-12 4.9468E-11 4.3099E+04 0.0000E+00 4.6617E-14 4.6612E-123486 8454  186
 4.3099E+04 1.0000E+00 1.6065E-14 1.6063E-12 4.3100E+04 0.0000E+003486 8454  187
 4.1875E-12 2.8198E-10 4.3101E+04 0.0000E+00 0.0000E+00 0.0000E+003486 8454  188
 4.3102E+04 0.0000E+00 0.0000E+00 0.0000E+00 4.3103E+04 0.0000E+003486 8454  189
 0.0000E+00 0.0000E+00 4.3104E+04 0.0000E+00 0.0000E+00 0.0000E+003486 8454  190
 4.3105E+04 0.0000E+00 0.0000E+00 0.0000E+00 4.3106E+04 0.0000E+003486 8454  191
 4.2772E-09 4.2768E-07 4.3107E+04 0.0000E+00 6.8534E-08 6.8527E-063486 8454  192
 4.3108E+04 0.0000E+00 5.6189E-07 1.0058E-06 4.3109E+04 0.0000E+003486 8454  193
 2.0487E-06 3.4419E-06 4.3110E+04 0.0000E+00 3.5853E-06 5.8799E-063486 8454  194
 4.3111E+04 0.0000E+00 3.3040E-06 5.3194E-06 4.3112E+04 0.0000E+003486 8454  195
 1.6861E-06 2.7315E-06 4.3113E+04 0.0000E+00 4.8444E-07 8.3324E-073486 8454  196
 4.3114E+04 0.0000E+00 7.8898E-08 1.7358E-07 4.3115E+04 0.0000E+003486 8454  197
 7.3273E-09 2.7477E-08 4.3116E+04 0.0000E+00 3.8919E-10 2.9615E-093486 8454  198
 4.3117E+04 0.0000E+00 1.1782E-11 1.9170E-10 4.3118E+04 0.0000E+003486 8454  199
 2.0119E-13 7.0718E-12 4.4099E+04 0.0000E+00 0.0000E+00 0.0000E+003486 8454  200
 4.4100E+04 0.0000E+00 0.0000E+00 0.0000E+00 4.4101E+04 0.0000E+003486 8454  201
 0.0000E+00 0.0000E+00 4.4102E+04 0.0000E+00 0.0000E+00 0.0000E+003486 8454  202
 4.4103E+04 0.0000E+00 0.0000E+00 0.0000E+00 4.4104E+04 0.0000E+003486 8454  203
 0.0000E+00 0.0000E+00 4.4105E+04 0.0000E+00 0.0000E+00 0.0000E+003486 8454  204
 4.4106E+04 0.0000E+00 1.0851E-12 1.0850E-10 4.4107E+04 0.0000E+003486 8454  205
 1.0577E-10 9.8365E-10 4.4108E+04 0.0000E+00 4.8579E-09 4.8574E-073486 8454  206
 4.4109E+04 0.0000E+00 8.7612E-08 2.6666E-07 4.4110E+04 0.0000E+003486 8454  207
 6.5150E-07 1.1271E-06 4.4111E+04 0.0000E+00 2.2283E-06 3.6098E-063486 8454  208
 4.4112E+04 0.0000E+00 3.9416E-06 6.2672E-06 4.4113E+04 0.0000E+003486 8454  209
 3.9511E-06 6.2032E-06 4.4114E+04 0.0000E+00 2.3489E-06 3.7112E-063486 8454  210
 4.4115E+04 0.0000E+00 8.3412E-07 1.3680E-06 4.4116E+04 0.0000E+003486 8454  211
 1.7518E-07 3.3810E-07 4.4117E+04 0.0000E+00 2.1443E-08 6.2186E-083486 8454  212
 4.4118E+04 0.0000E+00 1.5049E-09 8.2316E-09 4.4119E+04 0.0000E+003486 8454  213
 5.9394E-11 6.7825E-10 4.4120E+04 0.0000E+00 1.2887E-12 3.1652E-113486 8454  214
 4.5103E+04 0.0000E+00 0.0000E+00 0.0000E+00 4.5103E+04 1.0000E+003486 8454  215
 0.0000E+00 0.0000E+00 4.5105E+04 0.0000E+00 0.0000E+00 0.0000E+003486 8454  216
 4.5105E+04 1.0000E+00 0.0000E+00 0.0000E+00 4.5106E+04 0.0000E+003486 8454  217
 0.0000E+00 0.0000E+00 4.5107E+04 0.0000E+00 5.0430E-15 5.0425E-133486 8454  218
 4.5108E+04 0.0000E+00 9.4118E-13 9.4108E-11 4.5108E+04 1.0000E+003486 8454  219
 4.7371E-13 4.7366E-11 4.5109E+04 0.0000E+00 1.4450E-10 1.2947E-093486 8454  220
 4.5110E+04 0.0000E+00 5.8176E-10 4.4854E-09 4.5110E+04 1.0000E+003486 8454  221
 4.9117E-09 3.7869E-08 4.5111E+04 0.0000E+00 8.4586E-08 1.8271E-073486 8454  222
 4.5112E+04 0.0000E+00 5.8514E-07 1.0006E-06 4.5113E+04 0.0000E+003486 8454  223
 2.0257E-06 3.2208E-06 4.5114E+04 0.0000E+00 1.0257E-06 3.2105E-063486 8454  224
 4.5114E+04 1.0000E+00 2.8523E-06 8.9278E-06 4.5115E+04 0.0000E+003486 8454  225
 4.4292E-06 6.8653E-06 4.5116E+04 0.0000E+00 1.0489E-06 3.2832E-063486 8454  226
 4.5116E+04 1.0000E+00 2.0841E-06 6.5231E-06 4.5117E+04 0.0000E+003486 8454  227
 1.3718E-06 2.2086E-06 4.5118E+04 0.0000E+00 3.6332E-07 6.4308E-073486 8454  228
 4.5119E+04 0.0000E+00 5.6457E-08 1.3211E-07 4.5120E+04 0.0000E+003486 8454  229
 4.9888E-09 2.0005E-08 4.5121E+04 0.0000E+00 2.4312E-10 1.9740E-093486 8454  230
 4.5122E+04 0.0000E+00 6.3384E-12 1.1086E-10 4.6105E+04 0.0000E+003486 8454  231
 0.0000E+00 0.0000E+00 4.6106E+04 0.0000E+00 0.0000E+00 0.0000E+003486 8454  232
 4.6107E+04 0.0000E+00 0.0000E+00 0.0000E+00 4.6108E+04 0.0000E+003486 8454  233
 1.2110E-17 1.2109E-15 4.6109E+04 0.0000E+00 3.3885E-15 3.3882E-133486 8454  234
 4.6109E+04 1.0000E+00 3.9933E-15 3.9929E-13 4.6110E+04 0.0000E+003486 8454  235
 1.5579E-12 3.6377E-11 4.6111E+04 0.0000E+00 5.6140E-11 1.0790E-093486 8454  236
 4.6111E+04 1.0000E+00 6.6160E-11 1.2716E-09 4.6112E+04 0.0000E+003486 8454  237
 3.9149E-09 1.6795E-08 4.6113E+04 0.0000E+00 2.1897E-08 1.0270E-073486 8454  238
 4.6113E+04 1.0000E+00 3.4351E-08 1.6111E-07 4.6114E+04 0.0000E+003486 8454  239
 3.9773E-07 6.9602E-07 4.6115E+04 0.0000E+00 1.5065E-06 2.4104E-063486 8454  240
 4.6115E+04 1.0000E+00 0.0000E+00 0.0000E+00 4.6116E+04 0.0000E+003486 8454  241
 3.2948E-06 5.1398E-06 4.6117E+04 0.0000E+00 4.4121E-06 6.8829E-063486 8454  242
 4.6118E+04 0.0000E+00 3.7315E-06 5.8585E-06 4.6119E+04 0.0000E+003486 8454  243
 1.9865E-06 3.1983E-06 4.6120E+04 0.0000E+00 6.4589E-07 1.1045E-063486 8454  244
 4.6121E+04 0.0000E+00 1.2302E-07 2.5097E-07 4.6122E+04 0.0000E+003486 8454  245
 1.3160E-08 4.0927E-08 4.6123E+04 0.0000E+00 7.6231E-10 4.5657E-093486 8454  246
 4.6124E+04 0.0000E+00 2.3680E-11 3.0522E-10 4.7109E+04 0.0000E+003486 8454  247
 0.0000E+00 0.0000E+00 4.7109E+04 1.0000E+00 0.0000E+00 0.0000E+003486 8454  248
 4.7111E+04 0.0000E+00 1.0092E-15 1.0091E-13 4.7111E+04 1.0000E+003486 8454  249
 4.4403E-15 4.4399E-13 4.7112E+04 0.0000E+00 8.6834E-13 2.3176E-113486 8454  250
 4.7113E+04 0.0000E+00 1.0683E-11 2.4731E-10 4.7113E+04 1.0000E+003486 8454  251
 4.7003E-11 1.0881E-09 4.7114E+04 0.0000E+00 8.1596E-10 8.6573E-093486 8454  252
 4.7114E+04 1.0000E+00 9.3119E-10 9.8800E-09 4.7115E+04 0.0000E+003486 8454  253
 4.8358E-09 2.6839E-08 4.7115E+04 1.0000E+00 2.1277E-08 1.1809E-073486 8454  254
 4.7116E+04 0.0000E+00 8.2592E-08 3.1137E-07 4.7116E+04 1.0000E+003486 8454  255
 1.2353E-07 4.6569E-07 4.7117E+04 0.0000E+00 1.6868E-07 5.5326E-073486 8454  256
 4.7117E+04 1.0000E+00 7.4215E-07 2.4343E-06 4.7118E+04 0.0000E+003486 8454  257
 1.2712E-06 4.0298E-06 4.7118E+04 1.0000E+00 1.1002E-06 3.4876E-063486 8454  258
 4.7119E+04 0.0000E+00 3.7968E-06 6.0368E-06 4.7119E+04 1.0000E+003486 8454  259
 0.0000E+00 0.0000E+00 4.7120E+04 0.0000E+00 2.0570E-06 6.6031E-063486 8454  260
 4.7120E+04 1.0000E+00 1.7803E-06 5.7147E-06 4.7121E+04 0.0000E+003486 8454  261
 2.4442E-06 4.0085E-06 4.7122E+04 0.0000E+00 6.2673E-07 2.1497E-063486 8454  262
 4.7122E+04 1.0000E+00 3.2464E-07 1.1135E-06 4.7123E+04 0.0000E+003486 8454  263
 2.1629E-07 4.1528E-07 4.7124E+04 0.0000E+00 2.8043E-08 7.2913E-083486 8454  264
 4.7125E+04 0.0000E+00 2.3695E-09 1.0945E-08 4.8111E+04 0.0000E+003486 8454  265
 0.0000E+00 0.0000E+00 4.8112E+04 0.0000E+00 0.0000E+00 0.0000E+003486 8454  266
 4.8113E+04 0.0000E+00 5.7434E-16 5.7428E-14 4.8113E+04 1.0000E+003486 8454  267
 1.2268E-15 1.2267E-13 4.8114E+04 0.0000E+00 2.4849E-13 8.4438E-123486 8454  268
 4.8115E+04 0.0000E+00 5.1153E-12 1.5658E-10 4.8115E+04 1.0000E+003486 8454  269
 1.0927E-11 3.3447E-10 4.8116E+04 0.0000E+00 5.1905E-10 3.6905E-093486 8454  270
 4.8117E+04 0.0000E+00 2.8349E-09 2.0241E-08 4.8117E+04 1.0000E+003486 8454  271
 6.0555E-09 4.3236E-08 4.8118E+04 0.0000E+00 8.4140E-08 1.8258E-073486 8454  272
 4.8119E+04 0.0000E+00 1.4526E-07 5.0551E-07 4.8119E+04 1.0000E+003486 8454  273
 3.1029E-07 1.0798E-06 4.8120E+04 0.0000E+00 1.4552E-06 2.3865E-063486 8454  274
 4.8121E+04 0.0000E+00 9.0024E-07 2.9528E-06 4.8121E+04 1.0000E+003486 8454  275
 1.9230E-06 6.3074E-06 4.8122E+04 0.0000E+00 3.4030E-06 5.6489E-063486 8454  276
 4.8123E+04 0.0000E+00 9.9776E-07 3.4024E-06 4.8123E+04 1.0000E+003486 8454  277
 1.5653E-06 5.3376E-06 4.8124E+04 0.0000E+00 1.2068E-06 2.1240E-063486 8454  278
 4.8125E+04 0.0000E+00 1.5752E-07 5.7022E-07 4.8125E+04 1.0000E+003486 8454  279
 2.4711E-07 8.9456E-07 4.8126E+04 0.0000E+00 5.5843E-11 2.3085E-093486 8454  280
 4.8127E+04 0.0000E+00 8.0211E-12 6.4907E-10 4.8128E+04 0.0000E+003486 8454  281
 7.4836E-13 7.4828E-11 4.8132E+04 0.0000E+00 1.1089E-07 1.5048E-063486 8454  282
 4.9113E+04 0.0000E+00 0.0000E+00 0.0000E+00 4.9115E+04 0.0000E+003486 8454  283
 2.1963E-16 2.1960E-14 4.9115E+04 1.0000E+00 7.5686E-17 7.5678E-153486 8454  284
 4.9117E+04 0.0000E+00 2.1917E-12 9.3980E-11 4.9117E+04 1.0000E+003486 8454  285
 7.5529E-13 3.2387E-11 4.9118E+04 0.0000E+00 2.9314E-11 8.7912E-103486 8454  286
 4.9118E+04 1.0000E+00 5.8242E-11 1.7467E-09 4.9118E+04 2.0000E+003486 8454  287
 2.5370E-11 7.6085E-10 4.9119E+04 0.0000E+00 1.7785E-09 1.7251E-083486 8454  288
 4.9119E+04 1.0000E+00 6.1288E-10 5.9449E-09 4.9120E+04 0.0000E+003486 8454  289
 7.4208E-09 5.9515E-08 4.9120E+04 1.0000E+00 1.4744E-08 1.1825E-073486 8454  290
 4.9120E+04 2.0000E+00 6.4225E-09 5.1508E-08 4.9121E+04 0.0000E+003486 8454  291
 1.4575E-07 5.5824E-07 4.9121E+04 1.0000E+00 5.0229E-08 1.9238E-073486 8454  292
 4.9122E+04 0.0000E+00 2.0310E-07 1.0541E-06 4.9122E+04 1.0000E+003486 8454  293
 4.0353E-07 2.0943E-06 4.9122E+04 2.0000E+00 1.7578E-07 9.1228E-073486 8454  294
 4.9123E+04 0.0000E+00 1.3817E-06 4.7391E-06 4.9123E+04 1.0000E+003486 8454  295
 4.7614E-07 1.6332E-06 4.9124E+04 0.0000E+00 9.3826E-07 3.2558E-063486 8454  296
 4.9124E+04 1.0000E+00 1.8114E-06 6.2855E-06 4.9125E+04 0.0000E+003486 8454  297
 2.2787E-06 7.6565E-06 4.9125E+04 1.0000E+00 7.8527E-07 2.6385E-063486 8454  298
 4.9126E+04 0.0000E+00 1.6180E-06 4.9187E-06 4.9126E+04 1.0000E+003486 8454  299
 3.1237E-06 9.4959E-06 4.9127E+04 0.0000E+00 6.4954E-06 2.0331E-053486 8454  300
 4.9127E+04 1.0000E+00 2.2384E-06 7.0062E-06 4.9128E+04 0.0000E+003486 8454  301
 7.7991E-06 3.8450E-05 4.9128E+04 1.0000E+00 4.0398E-06 1.9916E-053486 8454  302
 4.9129E+04 0.0000E+00 6.9141E-06 6.9134E-04 4.9129E+04 1.0000E+003486 8454  303
 2.3827E-06 2.3824E-04 4.9130E+04 0.0000E+00 1.3466E-06 3.7975E-053486 8454  304
 4.9130E+04 1.0000E+00 2.0140E-06 5.6796E-05 4.9130E+04 2.0000E+003486 8454  305
 5.6411E-07 1.5908E-05 4.9131E+04 0.0000E+00 5.5429E-07 5.5423E-053486 8454  306
 4.9131E+04 1.0000E+00 1.9101E-07 1.9099E-05 4.9131E+04 2.0000E+003486 8454  307
 1.1338E-07 1.1337E-05 4.9132E+04 0.0000E+00 7.8320E-05 1.4881E-043486 8454  308
 4.9133E+04 0.0000E+00 1.5122E-05 6.3199E-05 4.9134E+04 0.0000E+003486 8454  309
 7.6805E-07 7.3268E-06 4.9135E+04 0.0000E+00 2.3250E-08 5.1731E-073486 8454  310
 5.0115E+04 0.0000E+00 0.0000E+00 0.0000E+00 5.0117E+04 0.0000E+003486 8454  311
 0.0000E+00 0.0000E+00 5.0117E+04 1.0000E+00 2.0611E-17 2.0609E-153486 8454  312
 5.0118E+04 0.0000E+00 4.6580E-15 3.0948E-13 5.0119E+04 0.0000E+003486 8454  313
 1.1664E-13 7.1591E-12 5.0119E+04 1.0000E+00 2.9372E-13 1.8029E-113486 8454  314
 5.0120E+04 0.0000E+00 2.0111E-11 2.8598E-10 5.0121E+04 0.0000E+003486 8454  315
 2.1587E-10 2.8948E-09 5.0121E+04 1.0000E+00 3.3865E-10 4.5413E-093486 8454  316
 5.0122E+04 0.0000E+00 8.6429E-09 2.9559E-08 5.0123E+04 0.0000E+003486 8454  317
 4.6738E-08 2.0471E-07 5.0123E+04 1.0000E+00 2.9792E-08 1.3049E-073486 8454  318
 5.0124E+04 0.0000E+00 3.9733E-07 7.3506E-07 5.0125E+04 0.0000E+003486 8454  319
 8.9450E-07 3.0502E-06 5.0125E+04 1.0000E+00 5.7018E-07 1.9443E-063486 8454  320
 5.0126E+04 0.0000E+00 6.2946E-06 9.1271E-06 5.0127E+04 0.0000E+003486 8454  321
 2.1645E-05 4.3506E-05 5.0127E+04 1.0000E+00 1.3797E-05 2.7732E-053486 8454  322
 5.0128E+04 0.0000E+00 7.0705E-05 9.8279E-05 5.0128E+04 1.0000E+003486 8454  323
 1.0575E-04 1.4699E-04 5.0129E+04 0.0000E+00 2.6818E-04 2.6816E-023486 8454  324
 5.0129E+04 1.0000E+00 4.2073E-04 4.2069E-02 5.0130E+04 0.0000E+003486 8454  325
 8.3308E-04 8.3299E-02 5.0130E+04 1.0000E+00 1.2459E-03 1.2458E-013486 8454  326
 5.0131E+04 0.0000E+00 1.7759E-03 1.7757E-01 5.0131E+04 1.0000E+003486 8454  327
 2.7860E-03 2.7857E-01 5.0132E+04 0.0000E+00 7.3275E-03 7.3268E-013486 8454  328
 5.0133E+04 0.0000E+00 4.4921E-03 4.4916E-01 5.0134E+04 0.0000E+003486 8454  329
 1.4645E-03 1.9185E-03 5.0135E+04 0.0000E+00 1.7496E-04 5.1088E-043486 8454  330
 5.0136E+04 0.0000E+00 1.1908E-05 8.0018E-05 5.0137E+04 0.0000E+003486 8454  331
 3.1999E-07 5.0591E-06 5.1121E+04 0.0000E+00 4.9714E-14 2.1705E-123486 8454  332
 5.1122E+04 0.0000E+00 1.9407E-12 7.7454E-11 5.1122E+04 1.0000E+003486 8454  333
 1.3295E-12 5.3061E-11 5.1123E+04 0.0000E+00 1.2111E-10 1.1105E-093486 8454  334
 5.1124E+04 0.0000E+00 9.6938E-10 1.2835E-08 5.1124E+04 1.0000E+003486 8454  335
 1.1063E-09 1.4647E-08 5.1124E+04 2.0000E+00 5.0212E-10 6.6480E-093486 8454  336
 5.1125E+04 0.0000E+00 3.7538E-08 9.3093E-08 5.1126E+04 0.0000E+003486 8454  337
 4.4217E-11 3.8513E-09 5.1126E+04 1.0000E+00 1.4122E-10 1.2300E-083486 8454  338
 5.1126E+04 2.0000E+00 8.5365E-11 7.4352E-09 5.1127E+04 0.0000E+003486 8454  339
 1.5601E-08 2.3184E-07 5.1128E+04 0.0000E+00 4.5546E-07 6.8775E-063486 8454  340
 5.1128E+04 1.0000E+00 1.9079E-07 2.8810E-06 5.1129E+04 0.0000E+003486 8454  341
 1.0184E-05 1.0183E-03 5.1129E+04 1.0000E+00 5.6137E-06 5.6131E-043486 8454  342
 5.1130E+04 0.0000E+00 1.5454E-04 1.5453E-02 5.1130E+04 1.0000E+003486 8454  343
 6.4738E-05 6.4732E-03 5.1131E+04 0.0000E+00 1.7314E-03 1.7313E-013486 8454  344
 5.1132E+04 0.0000E+00 4.1954E-03 2.3914E-03 5.1132E+04 1.0000E+003486 8454  345
 1.7575E-03 1.0018E-03 5.1133E+04 0.0000E+00 1.5984E-02 1.5982E+003486 8454  346
 5.1134E+04 0.0000E+00 5.7455E-03 3.2175E-03 5.1134E+04 1.0000E+003486 8454  347
 8.5930E-03 4.8120E-03 5.1135E+04 0.0000E+00 9.7386E-03 4.3824E-033486 8454  348
 5.1136E+04 0.0000E+00 2.3845E-03 2.1699E-03 5.1137E+04 0.0000E+003486 8454  349
 4.6119E-04 9.3161E-04 5.1138E+04 0.0000E+00 2.5918E-05 1.2102E-043486 8454  350
 5.1139E+04 0.0000E+00 7.4335E-07 8.2065E-06 5.2122E+04 0.0000E+003486 8454  351
 3.6594E-17 3.6591E-15 5.2124E+04 0.0000E+00 5.5341E-13 1.5042E-113486 8454  352
 5.2125E+04 0.0000E+00 1.0024E-11 2.4369E-10 5.2125E+04 1.0000E+003486 8454  353
 2.5244E-11 6.1367E-10 5.2126E+04 0.0000E+00 0.0000E+00 0.0000E+003486 8454  354
 5.2127E+04 0.0000E+00 0.0000E+00 0.0000E+00 5.2127E+04 1.0000E+003486 8454  355
 0.0000E+00 0.0000E+00 5.2128E+04 0.0000E+00 3.6579E-16 3.6576E-143486 8454  356
 5.2129E+04 0.0000E+00 5.7410E-14 5.7404E-12 5.2129E+04 1.0000E+003486 8454  357
 9.0065E-14 9.0056E-12 5.2130E+04 0.0000E+00 3.3564E-11 3.3561E-093486 8454  358
 5.2131E+04 0.0000E+00 1.4905E-09 1.4903E-07 5.2131E+04 1.0000E+003486 8454  359
 2.7040E-09 2.7037E-07 5.2132E+04 0.0000E+00 1.2120E-03 1.2119E-013486 8454  360
 5.2133E+04 0.0000E+00 3.1218E-03 3.1215E-01 5.2133E+04 1.0000E+003486 8454  361
 4.8976E-03 4.8971E-01 5.2134E+04 0.0000E+00 3.1019E-02 3.1016E+003486 8454  362
 5.2135E+04 0.0000E+00 5.2035E-02 5.2030E+00 5.2136E+04 0.0000E+003486 8454  363
 6.2420E-02 1.3733E-02 5.2137E+04 0.0000E+00 3.7896E-02 1.2885E-023486 8454  364
 5.2138E+04 0.0000E+00 1.3833E-02 8.8533E-03 5.2139E+04 0.0000E+003486 8454  365
 1.6193E-03 2.2508E-03 5.2140E+04 0.0000E+00 1.3341E-04 4.2555E-043486 8454  366
 5.2141E+04 0.0000E+00 6.8525E-06 5.1736E-05 5.2142E+04 0.0000E+003486 8454  367
 2.3589E-07 4.3098E-06 5.3127E+04 0.0000E+00 0.0000E+00 0.0000E+003486 8454  368
 5.3129E+04 0.0000E+00 0.0000E+00 0.0000E+00 5.3131E+04 0.0000E+003486 8454  369
 0.0000E+00 0.0000E+00 5.3132E+04 0.0000E+00 7.3744E-07 7.3737E-053486 8454  370
 5.3132E+04 1.0000E+00 8.4159E-07 8.4151E-05 5.3133E+04 0.0000E+003486 8454  371
 3.9984E-05 3.9980E-03 5.3133E+04 1.0000E+00 1.3454E-05 1.3453E-033486 8454  372
 5.3134E+04 0.0000E+00 4.0664E-04 4.0660E-02 5.3134E+04 1.0000E+003486 8454  373
 1.7034E-04 1.7033E-02 5.3135E+04 0.0000E+00 4.6259E-03 3.0993E-033486 8454  374
 5.3136E+04 0.0000E+00 6.5207E-03 4.6949E-03 5.3136E+04 1.0000E+003486 8454  375
 7.4416E-03 5.3580E-03 5.3137E+04 0.0000E+00 3.7715E-02 8.6745E-033486 8454  376
 5.3138E+04 0.0000E+00 3.6288E-02 7.2576E-03 5.3139E+04 0.0000E+003486 8454  377
 2.2952E-02 6.1971E-03 5.3140E+04 0.0000E+00 6.6408E-03 3.0548E-033486 8454  378
 5.3141E+04 0.0000E+00 2.4792E-03 2.3304E-03 5.3142E+04 0.0000E+003486 8454  379
 3.8855E-04 8.3150E-04 5.3143E+04 0.0000E+00 3.5609E-05 1.8053E-043486 8454  380
 5.3144E+04 0.0000E+00 7.2488E-07 8.9667E-06 5.4131E+04 0.0000E+003486 8454  381
 0.0000E+00 0.0000E+00 5.4131E+04 1.0000E+00 0.0000E+00 0.0000E+003486 8454  382
 5.4132E+04 0.0000E+00 2.3274E-10 2.3272E-08 5.4133E+04 0.0000E+003486 8454  383
 9.0977E-09 9.0968E-07 5.4133E+04 1.0000E+00 1.4273E-08 1.4271E-063486 8454  384
 5.4134E+04 0.0000E+00 5.5499E-07 5.5493E-05 5.4134E+04 1.0000E+003486 8454  385
 8.3004E-07 8.2996E-05 5.4135E+04 0.0000E+00 1.3370E-05 1.2554E-043486 8454  386
 5.4135E+04 1.0000E+00 2.0974E-05 1.9695E-04 5.4136E+04 0.0000E+003486 8454  387
 5.6861E-04 1.2452E-03 5.4137E+04 0.0000E+00 4.4806E-03 4.6150E-033486 8454  388
 5.4138E+04 0.0000E+00 2.1075E-02 1.0748E-02 5.4139E+04 0.0000E+003486 8454  389
 3.4330E-02 1.0299E-02 5.4140E+04 0.0000E+00 4.6682E-02 1.0270E-023486 8454  390
 5.4141E+04 0.0000E+00 5.0743E-02 1.1164E-02 5.4142E+04 0.0000E+003486 8454  391
 4.8972E-02 1.6161E-02 5.4143E+04 0.0000E+00 1.8146E-02 1.1614E-023486 8454  392
 5.4144E+04 0.0000E+00 3.0922E-03 4.3909E-03 5.4145E+04 0.0000E+003486 8454  393
 1.5644E-04 5.2561E-04 5.4146E+04 0.0000E+00 3.8360E-06 3.1723E-053486 8454  394
 5.4147E+04 0.0000E+00 3.3183E-08 6.9054E-07 5.5133E+04 0.0000E+003486 8454  395
 7.2243E-14 7.2236E-12 5.5134E+04 0.0000E+00 1.0101E-11 1.0100E-093486 8454  396
 5.5134E+04 1.0000E+00 2.6787E-12 2.6784E-10 5.5135E+04 0.0000E+003486 8454  397
 1.3215E-09 9.5426E-08 5.5135E+04 1.0000E+00 4.4467E-10 3.2110E-083486 8454  398
 5.5136E+04 0.0000E+00 7.1163E-08 2.3975E-06 5.5136E+04 1.0000E+003486 8454  399
 2.2282E-08 7.5067E-07 5.5137E+04 0.0000E+00 4.2991E-06 3.3490E-053486 8454  400
 5.5138E+04 0.0000E+00 3.5099E-05 2.5131E-04 5.5138E+04 1.0000E+003486 8454  401
 3.0377E-05 2.1750E-04 5.5139E+04 0.0000E+00 6.0026E-04 9.9042E-043486 8454  402
 5.5140E+04 0.0000E+00 2.3915E-03 1.8654E-03 5.5141E+04 0.0000E+003486 8454  403
 1.2649E-02 5.0596E-03 5.5142E+04 0.0000E+00 3.1945E-02 7.6668E-033486 8454  404
 5.5143E+04 0.0000E+00 5.9296E-02 1.1266E-02 5.5144E+04 0.0000E+003486 8454  405
 3.2881E-02 8.2203E-03 5.5144E+04 1.0000E+00 0.0000E+00 0.0000E+003486 8454  406
 5.5145E+04 0.0000E+00 1.1730E-02 5.1610E-03 5.5146E+04 0.0000E+003486 8454  407
 1.3377E-03 1.2574E-03 5.5147E+04 0.0000E+00 1.1126E-04 2.4588E-043486 8454  408
 5.5148E+04 0.0000E+00 2.2623E-06 1.2374E-05 5.5149E+04 0.0000E+003486 8454  409
 1.6014E-08 2.2276E-07 5.5150E+04 0.0000E+00 2.3007E-11 8.3238E-103486 8454  410
 5.6134E+04 0.0000E+00 1.0430E-17 1.0429E-15 5.6136E+04 0.0000E+003486 8454  411
 5.1896E-13 5.1891E-11 5.6136E+04 1.0000E+00 7.7616E-13 7.7608E-113486 8454  412
 5.6137E+04 0.0000E+00 5.5163E-11 5.5157E-09 5.6137E+04 1.0000E+003486 8454  413
 1.3891E-10 1.3890E-08 5.6138E+04 0.0000E+00 1.7850E-08 5.1498E-073486 8454  414
 5.6139E+04 0.0000E+00 5.6261E-07 7.4546E-06 5.6140E+04 0.0000E+003486 8454  415
 1.3963E-05 8.4337E-05 5.6141E+04 0.0000E+00 2.5207E-04 6.9068E-043486 8454  416
 5.6142E+04 0.0000E+00 3.7114E-03 4.6393E-03 5.6143E+04 0.0000E+003486 8454  417
 2.0559E-02 1.2130E-02 5.6144E+04 0.0000E+00 5.6669E-02 1.8134E-023486 8454  418
 5.6145E+04 0.0000E+00 5.6131E-02 1.2349E-02 5.6146E+04 0.0000E+003486 8454  419
 3.6035E-02 8.2880E-03 5.6147E+04 0.0000E+00 1.1431E-02 4.0008E-033486 8454  420
 5.6148E+04 0.0000E+00 1.9464E-03 1.2846E-03 5.6149E+04 0.0000E+003486 8454  421
 7.5967E-05 1.1243E-04 5.6150E+04 0.0000E+00 1.2396E-06 4.4626E-063486 8454  422
 5.6151E+04 0.0000E+00 6.8875E-09 6.3365E-08 5.6152E+04 0.0000E+003486 8454  423
 1.6526E-11 3.9926E-10 5.7139E+04 0.0000E+00 2.4463E-12 2.4461E-103486 8454  424
 5.7140E+04 0.0000E+00 2.0962E-10 1.0636E-08 5.7141E+04 0.0000E+003486 8454  425
 2.4205E-08 5.6082E-07 5.7142E+04 0.0000E+00 1.2955E-06 1.3577E-053486 8454  426
 5.7143E+04 0.0000E+00 4.7018E-05 2.2099E-04 5.7144E+04 0.0000E+003486 8454  427
 4.5933E-04 9.6459E-04 5.7145E+04 0.0000E+00 2.6981E-03 2.5632E-033486 8454  428
 5.7146E+04 0.0000E+00 2.4195E-03 2.2744E-03 5.7146E+04 1.0000E+003486 8454  429
 2.7612E-03 2.5956E-03 5.7147E+04 0.0000E+00 8.3300E-03 2.4990E-033486 8454  430
 5.7148E+04 0.0000E+00 4.2459E-03 1.2313E-03 5.7149E+04 0.0000E+003486 8454  431
 1.0683E-03 4.3799E-04 5.7150E+04 0.0000E+00 7.8426E-05 5.0977E-053486 8454  432
 5.7151E+04 0.0000E+00 4.3082E-06 5.2560E-06 5.7152E+04 0.0000E+003486 8454  433
 6.6760E-08 1.7558E-07 5.7153E+04 0.0000E+00 5.1722E-10 3.2740E-093486 8454  434
 5.7154E+04 0.0000E+00 7.1456E-13 1.1612E-11 5.8140E+04 0.0000E+003486 8454  435
 1.9654E-16 1.9652E-14 5.8141E+04 0.0000E+00 7.8628E-14 7.8620E-123486 8454  436
 5.8142E+04 0.0000E+00 2.7298E-11 2.5027E-09 5.8143E+04 0.0000E+003486 8454  437
 3.7178E-09 1.5462E-07 5.8144E+04 0.0000E+00 2.5295E-07 4.7150E-063486 8454  438
 5.8145E+04 0.0000E+00 5.8718E-06 4.8501E-05 5.8146E+04 0.0000E+003486 8454  439
 7.9579E-05 2.8887E-04 5.8147E+04 0.0000E+00 4.7893E-04 7.6628E-043486 8454  440
 5.8148E+04 0.0000E+00 1.4891E-03 1.1168E-03 5.8149E+04 0.0000E+003486 8454  441
 1.1437E-03 5.6043E-04 5.8150E+04 0.0000E+00 4.5159E-04 2.4386E-043486 8454  442
 5.8151E+04 0.0000E+00 8.4545E-05 6.7636E-05 5.8152E+04 0.0000E+003486 8454  443
 1.0128E-05 1.3167E-05 5.8153E+04 0.0000E+00 4.2779E-07 9.6252E-073486 8454  444
 5.8154E+04 0.0000E+00 7.0028E-09 2.9412E-08 5.8155E+04 0.0000E+003486 8454  445
 1.1200E-11 1.0416E-10 5.9141E+04 0.0000E+00 0.0000E+00 0.0000E+003486 8454  446
 5.9143E+04 0.0000E+00 9.1204E-16 9.1195E-14 5.9144E+04 0.0000E+003486 8454  447
 3.2861E-14 3.2858E-12 5.9144E+04 1.0000E+00 1.9793E-13 1.9791E-113486 8454  448
 5.9145E+04 0.0000E+00 3.7481E-11 2.8620E-09 5.9146E+04 0.0000E+003486 8454  449
 2.0627E-09 6.9904E-08 5.9147E+04 0.0000E+00 9.3570E-08 1.3886E-063486 8454  450
 5.9148E+04 0.0000E+00 3.2720E-07 4.2045E-06 5.9148E+04 1.0000E+003486 8454  451
 9.0987E-07 1.1692E-05 5.9149E+04 0.0000E+00 7.1002E-06 1.9738E-053486 8454  452
 5.9150E+04 0.0000E+00 1.0787E-05 1.3915E-05 5.9151E+04 0.0000E+003486 8454  453
 1.2306E-05 1.1568E-05 5.9152E+04 0.0000E+00 4.5396E-06 5.8561E-063486 8454  454
 5.9153E+04 0.0000E+00 1.1080E-06 2.4155E-06 5.9154E+04 0.0000E+003486 8454  455
 7.1465E-08 2.8229E-07 5.9155E+04 0.0000E+00 2.2556E-09 1.7075E-083486 8454  456
 5.9156E+04 0.0000E+00 6.2285E-12 9.7165E-11 6.0143E+04 0.0000E+003486 8454  457
 0.0000E+00 0.0000E+00 6.0144E+04 0.0000E+00 0.0000E+00 0.0000E+003486 8454  458
 6.0145E+04 0.0000E+00 0.0000E+00 0.0000E+00 6.0146E+04 0.0000E+003486 8454  459
 2.2291E-15 2.2289E-13 6.0147E+04 0.0000E+00 4.1616E-13 4.1612E-113486 8454  460
 6.0148E+04 0.0000E+00 4.2742E-11 2.6889E-09 6.0149E+04 0.0000E+003486 8454  461
 1.1072E-09 3.0160E-08 6.0150E+04 0.0000E+00 1.4042E-08 1.6345E-073486 8454  462
 6.0151E+04 0.0000E+00 7.4517E-08 3.7035E-07 6.0152E+04 0.0000E+003486 8454  463
 2.1879E-07 5.2947E-07 6.0153E+04 0.0000E+00 2.1050E-07 4.9257E-073486 8454  464
 6.0154E+04 0.0000E+00 8.2944E-08 3.2846E-07 6.0155E+04 0.0000E+003486 8454  465
 9.5894E-09 7.2496E-08 6.0156E+04 0.0000E+00 6.5844E-10 1.0193E-083486 8454  466
 6.0157E+04 0.0000E+00 2.4560E-11 8.2253E-10 6.0158E+04 0.0000E+003486 8454  467
 2.1610E-13 1.6648E-11 6.1147E+04 0.0000E+00 0.0000E+00 0.0000E+003486 8454  468
 6.1149E+04 0.0000E+00 3.1240E-16 3.1237E-14 6.1151E+04 0.0000E+003486 8454  469
 8.1061E-13 4.1455E-11 6.1152E+04 0.0000E+00 3.0181E-12 1.9600E-103486 8454  470
 6.1152E+04 1.0000E+00 8.3926E-12 5.4501E-10 6.1152E+04 2.0000E+003486 8454  471
 3.5748E-13 2.3215E-11 6.1153E+04 0.0000E+00 1.0257E-10 9.5182E-103486 8454  472
 6.1154E+04 0.0000E+00 2.8440E-11 3.0886E-10 6.1154E+04 1.0000E+003486 8454  473
 1.7130E-10 1.8603E-09 6.1155E+04 0.0000E+00 1.1035E-10 8.6406E-103486 8454  474
 6.1156E+04 0.0000E+00 1.5729E-11 2.4427E-10 6.1157E+04 0.0000E+003486 8454  475
 6.5133E-12 2.1813E-10 6.1158E+04 0.0000E+00 9.0536E-13 6.9541E-113486 8454  476
 6.2147E+04 0.0000E+00 0.0000E+00 0.0000E+00 6.2149E+04 0.0000E+003486 8454  477
 0.0000E+00 0.0000E+00 6.2151E+04 0.0000E+00 0.0000E+00 0.0000E+003486 8454  478
 6.2152E+04 0.0000E+00 1.6495E-17 1.6494E-15 6.2153E+04 0.0000E+003486 8454  479
 2.8266E-16 2.8263E-14 6.2154E+04 0.0000E+00 1.3455E-14 5.5907E-133486 8454  480
 6.2155E+04 0.0000E+00 9.6670E-15 2.8537E-13 6.2156E+04 0.0000E+003486 8454  481
 1.5772E-15 5.3089E-14 6.2157E+04 0.0000E+00 4.5921E-16 2.1289E-143486 8454  482
 6.2158E+04 0.0000E+00 8.5802E-16 7.2837E-14 6.3151E+04 0.0000E+003486 8454  483
 0.0000E+00 0.0000E+00 6.3153E+04 0.0000E+00 0.0000E+00 0.0000E+003486 8454  484
 6.3155E+04 0.0000E+00 0.0000E+00 0.0000E+00 6.3156E+04 0.0000E+003486 8454  485
 0.0000E+00 0.0000E+00 6.3157E+04 0.0000E+00 0.0000E+00 0.0000E+003486 8454  486
 6.3158E+04 0.0000E+00 0.0000E+00 0.0000E+00 6.4155E+04 0.0000E+003486 8454  487
 0.0000E+00 0.0000E+00 6.4156E+04 0.0000E+00 0.0000E+00 0.0000E+003486 8454  488
 6.4157E+04 0.0000E+00 0.0000E+00 0.0000E+00 6.4158E+04 0.0000E+003486 8454  489
 0.0000E+00 0.0000E+00 0.0000E+00 0.0000E+00 0.0000E+00 0.0000E+003486 8454  490
 0.0000E+00 0.0000E+00          0          0          0          03486 8  099999
 9.0232E+04 2.3004E+02          1          0          0          03486 8459    1
 0.0000E+00 0.0000E+00          0          0       2924        7313486 8459    2
 2.9073E+04 0.0000E+00 6.3878E-13 5.5580E-11 2.9074E+04 0.0000E+003486 8459    3
 2.7270E-12 1.0256E-10 2.9075E+04 0.0000E+00 1.8887E-11 3.2636E-103486 8459    4
 2.9076E+04 0.0000E+00 5.7965E-11 4.9908E-10 2.9077E+04 0.0000E+003486 8459    5
 2.3369E-10 1.2970E-09 2.9078E+04 0.0000E+00 9.9276E-11 8.6866E-103486 8459    6
 2.9079E+04 0.0000E+00 1.8102E-11 3.6656E-10 2.9080E+04 0.0000E+003486 8459    7
 9.4617E-13 4.5246E-11 3.0073E+04 0.0000E+00 6.8150E-13 5.9297E-113486 8459    8
 3.0074E+04 0.0000E+00 2.0181E-11 7.5900E-10 3.0075E+04 0.0000E+003486 8459    9
 4.3824E-10 7.5553E-09 3.0076E+04 0.0000E+00 6.9645E-09 5.8363E-083486 8459   10
 3.0077E+04 0.0000E+00 4.0477E-08 2.9184E-07 3.0077E+04 1.0000E+003486 8459   11
 8.2132E-09 7.1126E-08 3.0078E+04 0.0000E+00 1.6809E-07 4.2023E-073486 8459   12
 3.0079E+04 0.0000E+00 1.5567E-07 3.6894E-07 3.0080E+04 0.0000E+003486 8459   13
 7.3021E-08 3.4101E-07 3.0081E+04 0.0000E+00 1.3174E-08 1.4334E-073486 8459   14
 3.0082E+04 0.0000E+00 1.2736E-09 3.2425E-08 3.0083E+04 0.0000E+003486 8459   15
 3.7919E-11 2.2304E-09 3.1073E+04 0.0000E+00 6.8150E-13 5.9297E-113486 8459   16
 3.1074E+04 0.0000E+00 1.5136E-11 5.6926E-10 3.1074E+04 1.0000E+003486 8459   17
 2.0181E-11 1.8893E-09 3.1075E+04 0.0000E+00 4.4320E-10 7.6407E-093486 8459   18
 3.1076E+04 0.0000E+00 7.9121E-09 6.6303E-08 3.1077E+04 0.0000E+003486 8459   19
 1.0953E-07 4.7320E-07 3.1078E+04 0.0000E+00 9.9018E-07 2.3368E-063486 8459   20
 3.1079E+04 0.0000E+00 5.4192E-06 7.4244E-06 3.1080E+04 0.0000E+003486 8459   21
 1.0828E-05 1.0504E-05 3.1081E+04 0.0000E+00 1.6027E-05 1.9713E-053486 8459   22
 3.1082E+04 0.0000E+00 7.1263E-06 1.8528E-05 3.1083E+04 0.0000E+003486 8459   23
 1.7072E-06 1.0243E-05 3.1084E+04 0.0000E+00 1.1377E-07 1.5781E-063486 8459   24
 3.1085E+04 0.0000E+00 4.2802E-09 1.3573E-07 3.1086E+04 0.0000E+003486 8459   25
 5.1334E-11 3.6750E-09 3.2073E+04 0.0000E+00 6.8150E-13 6.8150E-133486 8459   26
 3.2073E+04 1.0000E+00 6.7149E-13 6.7149E-13 3.2074E+04 0.0000E+003486 8459   27
 2.0181E-11 7.5901E-10 3.2075E+04 0.0000E+00 4.4320E-10 7.6406E-093486 8459   28
 3.2075E+04 1.0000E+00 1.7728E-11 3.0563E-10 3.2076E+04 0.0000E+003486 8459   29
 7.9172E-09 6.6346E-08 3.2077E+04 0.0000E+00 2.3294E-08 1.0063E-073486 8459   30
 3.2077E+04 1.0000E+00 1.1008E-07 1.0105E-06 3.2078E+04 0.0000E+003486 8459   31
 1.2633E-06 2.9815E-06 3.2079E+04 0.0000E+00 6.6364E-06 1.2808E-053486 8459   32
 3.2079E+04 1.0000E+00 4.6090E-06 6.8215E-06 3.2080E+04 0.0000E+003486 8459   33
 7.6883E-05 6.4582E-05 3.2081E+04 0.0000E+00 2.4952E-04 1.4222E-043486 8459   34
 3.2081E+04 1.0000E+00 9.0266E-05 8.9363E-05 3.2082E+04 0.0000E+003486 8459   35
 9.9952E-04 4.8976E-04 3.2083E+04 0.0000E+00 9.9480E-04 7.1625E-043486 8459   36
 3.2084E+04 0.0000E+00 5.1016E-04 7.6525E-04 3.2085E+04 0.0000E+003486 8459   37
 8.1446E-05 2.7610E-04 3.2086E+04 0.0000E+00 7.2296E-06 5.5885E-053486 8459   38
 3.2087E+04 0.0000E+00 2.6355E-07 4.6122E-06 3.2088E+04 0.0000E+003486 8459   39
 5.3649E-09 2.1031E-07 3.2089E+04 0.0000E+00 3.1963E-11 2.7722E-093486 8459   40
 3.3075E+04 0.0000E+00 4.4320E-10 7.6407E-09 3.3077E+04 0.0000E+003486 8459   41
 1.1246E-07 4.8582E-07 3.3078E+04 0.0000E+00 1.2636E-06 2.9820E-063486 8459   42
 3.3079E+04 0.0000E+00 1.1121E-05 1.5236E-05 3.3080E+04 0.0000E+003486 8459   43
 7.9839E-05 6.7065E-05 3.3081E+04 0.0000E+00 4.3059E-04 2.3682E-043486 8459   44
 3.3082E+04 0.0000E+00 1.3356E-03 5.2086E-04 3.3082E+04 1.0000E+003486 8459   45
 5.0259E-04 4.3223E-04 3.3083E+04 0.0000E+00 5.5764E-03 1.5614E-033486 8459   46
 3.3084E+04 0.0000E+00 7.9719E-03 2.3119E-03 3.3084E+04 1.0000E+003486 8459   47
 2.3323E-04 2.3323E-04 3.3085E+04 0.0000E+00 8.2542E-03 3.6319E-033486 8459   48
 3.3086E+04 0.0000E+00 2.8345E-03 2.5227E-03 3.3087E+04 0.0000E+003486 8459   49
 7.2880E-04 1.4358E-03 3.3088E+04 0.0000E+00 5.7402E-05 2.5372E-043486 8459   50
 3.3089E+04 0.0000E+00 2.3034E-06 2.2804E-05 3.3090E+04 0.0000E+003486 8459   51
 3.1774E-08 6.9712E-07 3.3091E+04 0.0000E+00 4.4366E-10 2.1273E-083486 8459   52
 3.3092E+04 0.0000E+00 3.4583E-12 3.4580E-10 3.4077E+04 0.0000E+003486 8459   53
 1.1246E-07 4.8582E-07 3.4078E+04 0.0000E+00 1.2636E-06 2.9820E-063486 8459   54
 3.4079E+04 0.0000E+00 1.1115E-05 1.5228E-05 3.4079E+04 1.0000E+003486 8459   55
 1.0858E-05 1.4875E-05 3.4080E+04 0.0000E+00 7.9843E-05 6.7069E-053486 8459   56
 3.4081E+04 0.0000E+00 4.3126E-04 2.3719E-04 3.4081E+04 1.0000E+003486 8459   57
 1.6012E-05 1.3770E-05 3.4082E+04 0.0000E+00 1.8897E-03 7.1808E-043486 8459   58
 3.4083E+04 0.0000E+00 2.7810E-03 1.3348E-03 3.4083E+04 1.0000E+003486 8459   59
 3.8428E-03 1.1144E-03 3.4084E+04 0.0000E+00 1.9609E-02 4.3139E-033486 8459   60
 3.4085E+04 0.0000E+00 3.6310E-02 7.6250E-03 3.4086E+04 0.0000E+003486 8459   61
 5.5921E-02 1.1743E-02 3.4087E+04 0.0000E+00 4.6720E-02 1.4016E-023486 8459   62
 3.4088E+04 0.0000E+00 2.3437E-02 1.3125E-02 3.4089E+04 0.0000E+003486 8459   63
 3.4716E-03 4.1313E-03 3.4090E+04 0.0000E+00 3.1660E-04 8.1999E-043486 8459   64
 3.4091E+04 0.0000E+00 1.5826E-05 9.0210E-05 3.4092E+04 0.0000E+003486 8459   65
 7.6015E-07 9.4258E-06 3.4093E+04 0.0000E+00 2.0549E-08 5.4474E-073486 8459   66
 3.4094E+04 0.0000E+00 4.1055E-10 2.2802E-08 3.5079E+04 0.0000E+003486 8459   67
 6.0802E-09 8.3301E-09 3.5081E+04 0.0000E+00 4.3127E-04 2.3720E-043486 8459   68
 3.5082E+04 0.0000E+00 9.2023E-09 3.4968E-09 3.5082E+04 1.0000E+003486 8459   69
 3.7232E-09 1.1173E-07 3.5083E+04 0.0000E+00 6.6256E-03 1.8552E-033486 8459   70
 3.5084E+04 0.0000E+00 1.9641E-02 4.3211E-03 3.5084E+04 1.0000E+003486 8459   71
 4.8192E-05 2.2940E-04 3.5085E+04 0.0000E+00 3.7982E-02 6.8367E-033486 8459   72
 3.5086E+04 0.0000E+00 6.5749E-02 1.1177E-02 3.5087E+04 0.0000E+003486 8459   73
 8.8853E-02 1.5993E-02 3.5088E+04 0.0000E+00 8.1785E-02 1.7175E-023486 8459   74
 3.5089E+04 0.0000E+00 4.9090E-02 1.1291E-02 3.5090E+04 0.0000E+003486 8459   75
 1.3745E-02 5.2232E-03 3.5091E+04 0.0000E+00 4.0606E-03 3.0048E-033486 8459   76
 3.5092E+04 0.0000E+00 6.5628E-04 1.0107E-03 3.5093E+04 0.0000E+003486 8459   77
 1.0466E-04 3.4434E-04 3.5094E+04 0.0000E+00 6.5825E-06 4.5682E-053486 8459   78
 3.5095E+04 0.0000E+00 2.9116E-07 4.1927E-06 3.5096E+04 0.0000E+003486 8459   79
 5.1854E-09 1.5214E-07 3.5097E+04 0.0000E+00 8.9793E-11 5.2861E-093486 8459   80
 3.6082E+04 0.0000E+00 9.2917E-09 3.5308E-09 3.6083E+04 0.0000E+003486 8459   81
 6.6256E-03 1.8552E-03 3.6083E+04 1.0000E+00 6.6197E-03 1.9859E-033486 8459   82
 3.6084E+04 0.0000E+00 1.9690E-02 4.3317E-03 3.6085E+04 0.0000E+003486 8459   83
 8.1786E-03 1.8811E-03 3.6085E+04 1.0000E+00 3.7921E-02 7.9633E-033486 8459   84
 3.6086E+04 0.0000E+00 6.8096E-02 1.0895E-02 3.6087E+04 0.0000E+003486 8459   85
 9.4116E-02 1.4117E-02 3.6088E+04 0.0000E+00 1.0008E-01 1.8015E-023486 8459   86
 3.6089E+04 0.0000E+00 8.3377E-02 1.6676E-02 3.6090E+04 0.0000E+003486 8459   87
 6.3847E-02 1.2770E-02 3.6091E+04 0.0000E+00 4.6481E-02 9.2961E-033486 8459   88
 3.6092E+04 0.0000E+00 3.6686E-02 1.0272E-02 3.6093E+04 0.0000E+003486 8459   89
 1.7574E-02 8.4354E-03 3.6094E+04 0.0000E+00 6.0958E-03 5.6082E-033486 8459   90
 3.6095E+04 0.0000E+00 8.1537E-04 1.5248E-03 3.6096E+04 0.0000E+003486 8459   91
 7.6426E-05 2.9118E-04 3.6097E+04 0.0000E+00 3.7478E-06 2.8858E-053486 8459   92
 3.6098E+04 0.0000E+00 1.2762E-07 1.9742E-06 3.6099E+04 0.0000E+003486 8459   93
 1.6247E-09 5.0448E-08 3.6100E+04 0.0000E+00 1.2642E-11 7.9164E-103486 8459   94
 3.7085E+04 0.0000E+00 3.7985E-02 6.8372E-03 3.7086E+04 0.0000E+003486 8459   95
 4.3354E-09 6.9366E-10 3.7086E+04 1.0000E+00 2.3107E-09 4.3904E-103486 8459   96
 3.7087E+04 0.0000E+00 9.4117E-02 1.3177E-02 3.7088E+04 0.0000E+003486 8459   97
 1.0011E-01 1.4015E-02 3.7089E+04 0.0000E+00 8.3833E-02 1.2575E-023486 8459   98
 3.7090E+04 0.0000E+00 5.6332E-02 9.0131E-03 3.7090E+04 1.0000E+003486 8459   99
 9.9569E-03 3.8832E-03 3.7091E+04 0.0000E+00 5.5776E-02 1.0040E-023486 8459  100
 3.7092E+04 0.0000E+00 5.6743E-02 1.0214E-02 3.7093E+04 0.0000E+003486 8459  101
 6.0785E-02 1.2157E-02 3.7094E+04 0.0000E+00 4.4116E-02 1.0146E-023486 8459  102
 3.7095E+04 0.0000E+00 2.5058E-02 8.0183E-03 3.7096E+04 0.0000E+003486 8459  103
 6.2566E-03 3.5037E-03 3.7096E+04 1.0000E+00 3.6925E-05 3.6925E-053486 8459  104
 3.7097E+04 0.0000E+00 1.5049E-03 1.5952E-03 3.7098E+04 0.0000E+003486 8459  105
 1.4026E-04 2.9455E-04 3.7098E+04 1.0000E+00 1.1878E-07 1.1878E-073486 8459  106
 3.7099E+04 0.0000E+00 8.7938E-06 3.7022E-05 3.7100E+04 0.0000E+003486 8459  107
 1.8822E-07 1.6112E-06 3.8086E+04 0.0000E+00 4.3352E-09 6.9363E-103486 8459  108
 3.8087E+04 0.0000E+00 4.2137E-12 5.8993E-13 3.8087E+04 1.0000E+003486 8459  109
 4.0907E-12 7.3632E-13 3.8088E+04 0.0000E+00 1.0011E-01 1.4015E-023486 8459  110
 3.8089E+04 0.0000E+00 8.3833E-02 1.2575E-02 3.8090E+04 0.0000E+003486 8459  111
 6.6036E-02 9.9053E-03 3.8091E+04 0.0000E+00 5.5875E-02 8.9400E-033486 8459  112
 3.8092E+04 0.0000E+00 5.8951E-02 9.4322E-03 3.8093E+04 0.0000E+003486 8459  113
 7.3072E-02 1.3153E-02 3.8094E+04 0.0000E+00 7.7087E-02 1.6189E-023486 8459  114
 3.8095E+04 0.0000E+00 7.6501E-02 1.4535E-02 3.8096E+04 0.0000E+003486 8459  115
 6.1844E-02 1.1132E-02 3.8097E+04 0.0000E+00 3.3605E-02 8.4012E-033486 8459  116
 3.8098E+04 0.0000E+00 1.3818E-02 5.2510E-03 3.8099E+04 0.0000E+003486 8459  117
 2.2672E-03 1.4737E-03 3.8100E+04 0.0000E+00 2.3807E-04 2.9521E-043486 8459  118
 3.8101E+04 0.0000E+00 3.0214E-10 2.6754E-08 3.8102E+04 0.0000E+003486 8459  119
 1.3796E-12 1.3795E-10 3.9089E+04 0.0000E+00 8.3833E-02 1.2575E-023486 8459  120
 3.9089E+04 1.0000E+00 8.0815E-06 8.0806E-04 3.9090E+04 0.0000E+003486 8459  121
 6.6036E-02 9.9053E-03 3.9090E+04 1.0000E+00 2.4934E-11 2.4932E-093486 8459  122
 3.9091E+04 0.0000E+00 5.5875E-02 8.9400E-03 3.9091E+04 1.0000E+003486 8459  123
 3.2874E-02 6.2461E-03 3.9092E+04 0.0000E+00 5.8952E-02 9.4322E-033486 8459  124
 3.9093E+04 0.0000E+00 7.3094E-02 1.0964E-02 3.9093E+04 1.0000E+003486 8459  125
 1.8302E-02 3.6604E-03 3.9094E+04 0.0000E+00 7.7396E-02 1.1610E-023486 8459  126
 3.9095E+04 0.0000E+00 7.8949E-02 1.1842E-02 3.9096E+04 0.0000E+003486 8459  127
 6.2795E-02 1.0047E-02 3.9096E+04 1.0000E+00 5.6809E-03 6.1354E-033486 8459  128
 3.9097E+04 0.0000E+00 3.2735E-02 1.9313E-02 3.9097E+04 1.0000E+003486 8459  129
 1.6686E-02 4.3384E-03 3.9098E+04 0.0000E+00 1.7650E-02 8.8250E-033486 8459  130
 3.9098E+04 1.0000E+00 1.0655E-02 3.3030E-03 3.9099E+04 0.0000E+003486 8459  131
 1.1868E-02 2.8482E-03 3.9100E+04 0.0000E+00 8.7465E-04 5.3353E-043486 8459  132
 3.9100E+04 1.0000E+00 1.7753E-03 1.2427E-03 3.9101E+04 0.0000E+003486 8459  133
 4.6666E-04 6.4399E-04 3.9102E+04 0.0000E+00 3.9519E-05 1.0986E-043486 8459  134
 3.9102E+04 1.0000E+00 6.5186E-13 6.5186E-13 3.9103E+04 0.0000E+003486 8459  135
 1.6579E-06 9.7319E-06 3.9104E+04 0.0000E+00 3.3217E-08 4.2451E-073486 8459  136
 3.9105E+04 0.0000E+00 3.5697E-10 1.0131E-08 3.9106E+04 0.0000E+003486 8459  137
 2.6112E-08 6.9979E-08 3.9107E+04 0.0000E+00 7.4632E-10 4.4182E-093486 8459  138
 3.9108E+04 0.0000E+00 1.1472E-11 1.7415E-10 4.0090E+04 0.0000E+003486 8459  139
 6.6036E-02 9.9053E-03 4.0091E+04 0.0000E+00 5.5875E-02 8.9400E-033486 8459  140
 4.0092E+04 0.0000E+00 5.8952E-02 9.4322E-03 4.0093E+04 0.0000E+003486 8459  141
 7.3094E-02 1.0964E-02 4.0094E+04 0.0000E+00 7.7396E-02 1.1610E-023486 8459  142
 4.0095E+04 0.0000E+00 7.8954E-02 1.1843E-02 4.0096E+04 0.0000E+003486 8459  143
 6.8590E-02 1.0289E-02 4.0097E+04 0.0000E+00 5.0313E-02 8.5532E-033486 8459  144
 4.0098E+04 0.0000E+00 3.0814E-02 6.1629E-03 4.0099E+04 0.0000E+003486 8459  145
 1.5996E-02 3.6791E-03 4.0100E+04 0.0000E+00 7.0646E-03 2.0487E-033486 8459  146
 4.0101E+04 0.0000E+00 2.6900E-03 1.1030E-03 4.0102E+04 0.0000E+003486 8459  147
 8.4771E-04 4.0690E-04 4.0103E+04 0.0000E+00 2.2238E-04 1.4454E-043486 8459  148
 4.0104E+04 0.0000E+00 4.6049E-05 4.3746E-05 4.0105E+04 0.0000E+003486 8459  149
 7.6436E-06 1.0624E-05 4.0106E+04 0.0000E+00 1.3327E-06 2.2123E-063486 8459  150
 4.0107E+04 0.0000E+00 2.0735E-07 4.0226E-07 4.0108E+04 0.0000E+003486 8459  151
 1.8374E-08 5.2367E-08 4.0109E+04 0.0000E+00 7.5307E-10 4.6013E-093486 8459  152
 4.0110E+04 0.0000E+00 1.4610E-11 2.1857E-10 4.1094E+04 0.0000E+003486 8459  153
 4.6526E-13 6.9789E-14 4.1094E+04 1.0000E+00 2.5008E-13 4.5014E-143486 8459  154
 4.1095E+04 0.0000E+00 7.8907E-02 1.1836E-02 4.1095E+04 1.0000E+003486 8459  155
 8.5298E-04 1.5354E-04 4.1096E+04 0.0000E+00 6.4845E-09 9.7269E-103486 8459  156
 4.1097E+04 0.0000E+00 5.0313E-02 8.5533E-03 4.1097E+04 1.0000E+003486 8459  157
 4.7821E-02 9.5643E-03 4.1098E+04 0.0000E+00 3.0816E-02 5.8549E-033486 8459  158
 4.1098E+04 1.0000E+00 2.7696E-06 3.2819E-05 4.1099E+04 0.0000E+003486 8459  159
 1.0254E-02 2.2560E-03 4.1099E+04 1.0000E+00 5.8958E-03 1.4739E-033486 8459  160
 4.1100E+04 0.0000E+00 7.0920E-03 1.9149E-03 4.1100E+04 1.0000E+003486 8459  161
 7.6282E-05 2.0291E-04 4.1101E+04 0.0000E+00 2.6913E-03 9.4194E-043486 8459  162
 4.1102E+04 0.0000E+00 8.4982E-04 3.9092E-04 4.1102E+04 1.0000E+003486 8459  163
 2.4156E-06 3.1426E-05 4.1103E+04 0.0000E+00 2.3088E-04 1.5008E-043486 8459  164
 4.1104E+04 0.0000E+00 5.2471E-05 4.8799E-05 4.1104E+04 1.0000E+003486 8459  165
 2.3409E-06 7.9121E-06 4.1105E+04 0.0000E+00 1.3107E-05 1.7171E-053486 8459  166
 4.1106E+04 0.0000E+00 4.7165E-06 7.7822E-06 4.1107E+04 0.0000E+003486 8459  167
 2.5949E-06 4.4892E-06 4.1108E+04 0.0000E+00 1.0614E-06 1.8257E-063486 8459  168
 4.1109E+04 0.0000E+00 2.2331E-07 4.2429E-07 4.1110E+04 0.0000E+003486 8459  169
 2.2791E-08 6.3357E-08 4.1111E+04 0.0000E+00 1.1616E-09 6.6097E-093486 8459  170
 4.1112E+04 0.0000E+00 3.1107E-11 4.0751E-10 4.1113E+04 0.0000E+003486 8459  171
 4.5901E-13 1.3890E-11 4.2095E+04 0.0000E+00 7.8954E-02 1.1843E-023486 8459  172
 4.2096E+04 0.0000E+00 6.4845E-09 9.7269E-10 4.2097E+04 0.0000E+003486 8459  173
 5.0313E-02 8.5533E-03 4.2098E+04 0.0000E+00 3.0819E-02 5.8556E-033486 8459  174
 4.2099E+04 0.0000E+00 1.6032E-02 3.5270E-03 4.2100E+04 0.0000E+003486 8459  175
 7.1686E-03 1.9355E-03 4.2101E+04 0.0000E+00 2.6913E-03 9.4194E-043486 8459  176
 4.2102E+04 0.0000E+00 8.5224E-04 3.9203E-04 4.2103E+04 0.0000E+003486 8459  177
 2.3091E-04 1.4778E-04 4.2104E+04 0.0000E+00 5.5003E-05 5.0603E-053486 8459  178
 4.2105E+04 0.0000E+00 1.3097E-05 1.7157E-05 4.2106E+04 0.0000E+003486 8459  179
 5.2232E-06 8.6183E-06 4.2107E+04 0.0000E+00 4.2069E-06 7.2779E-063486 8459  180
 4.2108E+04 0.0000E+00 4.0492E-06 6.8836E-06 4.2109E+04 0.0000E+003486 8459  181
 2.9387E-06 4.8782E-06 4.2110E+04 0.0000E+00 1.2762E-06 2.1058E-063486 8459  182
 4.2111E+04 0.0000E+00 3.0277E-07 5.4801E-07 4.2112E+04 0.0000E+003486 8459  183
 3.8073E-08 9.6324E-08 4.2113E+04 0.0000E+00 2.6068E-09 1.2460E-083486 8459  184
 4.2114E+04 0.0000E+00 9.9705E-11 1.0300E-09 4.2115E+04 0.0000E+003486 8459  185
 2.1706E-12 4.9468E-11 4.3099E+04 0.0000E+00 1.6032E-02 3.5269E-033486 8459  186
 4.3099E+04 1.0000E+00 1.4118E-02 3.3882E-03 4.3100E+04 0.0000E+003486 8459  187
 4.1875E-12 1.1306E-12 4.3101E+04 0.0000E+00 2.6913E-03 9.4194E-043486 8459  188
 4.3102E+04 0.0000E+00 8.5224E-04 3.9203E-04 4.3103E+04 0.0000E+003486 8459  189
 2.3091E-04 1.4778E-04 4.3104E+04 0.0000E+00 5.5003E-05 5.0603E-053486 8459  190
 4.3105E+04 0.0000E+00 1.3097E-05 1.7157E-05 4.3106E+04 0.0000E+003486 8459  191
 5.2275E-06 8.6254E-06 4.3107E+04 0.0000E+00 4.2754E-06 7.3965E-063486 8459  192
 4.3108E+04 0.0000E+00 4.6267E-06 7.8654E-06 4.3109E+04 0.0000E+003486 8459  193
 4.9718E-06 8.2532E-06 4.3110E+04 0.0000E+00 4.8646E-06 7.9293E-063486 8459  194
 4.3111E+04 0.0000E+00 3.6044E-06 5.7672E-06 4.3112E+04 0.0000E+003486 8459  195
 1.7234E-06 2.7229E-06 4.3113E+04 0.0000E+00 4.8705E-07 8.3285E-073486 8459  196
 4.3114E+04 0.0000E+00 7.8998E-08 1.7380E-07 4.3115E+04 0.0000E+003486 8459  197
 7.3295E-09 2.7485E-08 4.3116E+04 0.0000E+00 3.8919E-10 2.9617E-093486 8459  198
 4.3117E+04 0.0000E+00 1.1782E-11 1.9170E-10 4.3118E+04 0.0000E+003486 8459  199
 2.0119E-13 7.0719E-12 4.4099E+04 0.0000E+00 5.2236E-07 5.2236E-073486 8459  200
 4.4100E+04 0.0000E+00 4.1875E-12 4.1875E-12 4.4101E+04 0.0000E+003486 8459  201
 2.6913E-03 2.6913E-03 4.4102E+04 0.0000E+00 8.5224E-04 8.5224E-043486 8459  202
 4.4103E+04 0.0000E+00 2.3091E-04 2.3091E-04 4.4104E+04 0.0000E+003486 8459  203
 5.5003E-05 5.5003E-05 4.4105E+04 0.0000E+00 1.3097E-05 1.3097E-053486 8459  204
 4.4106E+04 0.0000E+00 5.2275E-06 8.6254E-06 4.4107E+04 0.0000E+003486 8459  205
 4.2755E-06 7.3967E-06 4.4108E+04 0.0000E+00 4.6355E-06 7.8803E-063486 8459  206
 4.4109E+04 0.0000E+00 5.0574E-06 8.3952E-06 4.4110E+04 0.0000E+003486 8459  207
 5.5141E-06 8.9881E-06 4.4111E+04 0.0000E+00 5.8586E-06 9.3738E-063486 8459  208
 4.4112E+04 0.0000E+00 5.6741E-06 8.9652E-06 4.4113E+04 0.0000E+003486 8459  209
 4.4083E-06 6.8770E-06 4.4114E+04 0.0000E+00 2.4238E-06 3.7569E-063486 8459  210
 4.4115E+04 0.0000E+00 8.4045E-07 1.3699E-06 4.4116E+04 0.0000E+003486 8459  211
 1.7552E-07 3.3876E-07 4.4117E+04 0.0000E+00 2.1455E-08 6.2218E-083486 8459  212
 4.4118E+04 0.0000E+00 1.5051E-09 8.2327E-09 4.4119E+04 0.0000E+003486 8459  213
 5.9394E-11 6.7828E-10 4.4120E+04 0.0000E+00 1.2887E-12 3.1652E-113486 8459  214
 4.5103E+04 0.0000E+00 2.3091E-04 2.3091E-04 4.5103E+04 1.0000E+003486 8459  215
 2.2815E-04 2.2815E-04 4.5105E+04 0.0000E+00 1.3097E-05 1.3097E-053486 8459  216
 4.5105E+04 1.0000E+00 3.7178E-06 3.7178E-06 4.5106E+04 0.0000E+003486 8459  217
 5.2275E-06 8.6254E-06 4.5107E+04 0.0000E+00 4.2755E-06 7.3967E-063486 8459  218
 4.5108E+04 0.0000E+00 4.6355E-06 7.8803E-06 4.5108E+04 1.0000E+003486 8459  219
 4.7371E-13 2.1805E-11 4.5109E+04 0.0000E+00 5.0575E-06 8.3955E-063486 8459  220
 4.5110E+04 0.0000E+00 5.5147E-06 8.9891E-06 4.5110E+04 1.0000E+003486 8459  221
 4.9117E-09 3.7869E-08 4.5111E+04 0.0000E+00 5.9432E-06 9.5091E-063486 8459  222
 4.5112E+04 0.0000E+00 6.2593E-06 9.8896E-06 4.5113E+04 0.0000E+003486 8459  223
 6.4340E-06 1.0037E-05 4.5114E+04 0.0000E+00 3.4514E-06 5.3497E-063486 8459  224
 4.5114E+04 1.0000E+00 2.8523E-06 8.9278E-06 4.5115E+04 0.0000E+003486 8459  225
 5.2696E-06 8.1679E-06 4.5116E+04 0.0000E+00 1.2230E-06 3.3020E-063486 8459  226
 4.5116E+04 1.0000E+00 2.0841E-06 6.5231E-06 4.5117E+04 0.0000E+003486 8459  227
 1.3929E-06 2.2008E-06 4.5118E+04 0.0000E+00 3.6477E-07 6.4198E-073486 8459  228
 4.5119E+04 0.0000E+00 5.6514E-08 1.3168E-07 4.5120E+04 0.0000E+003486 8459  229
 4.9901E-09 2.0011E-08 4.5121E+04 0.0000E+00 2.4312E-10 1.9741E-093486 8459  230
 4.5122E+04 0.0000E+00 6.3384E-12 1.1086E-10 4.6105E+04 0.0000E+003486 8459  231
 1.3097E-05 1.3097E-05 4.6106E+04 0.0000E+00 5.2275E-06 8.6254E-063486 8459  232
 4.6107E+04 0.0000E+00 4.2755E-06 7.3967E-06 4.6108E+04 0.0000E+003486 8459  233
 4.6355E-06 7.8803E-06 4.6109E+04 0.0000E+00 5.0575E-06 8.3955E-063486 8459  234
 4.6109E+04 1.0000E+00 2.5288E-06 2.5285E-04 4.6110E+04 0.0000E+003486 8459  235
 5.5196E-06 8.9971E-06 4.6111E+04 0.0000E+00 5.9433E-06 9.5093E-063486 8459  236
 4.6111E+04 1.0000E+00 6.6160E-11 1.2716E-09 4.6112E+04 0.0000E+003486 8459  237
 6.2632E-06 9.8958E-06 4.6113E+04 0.0000E+00 6.4903E-06 1.0125E-053486 8459  238
 4.6113E+04 1.0000E+00 3.4351E-08 1.6111E-07 4.6114E+04 0.0000E+003486 8459  239
 6.7014E-06 1.0387E-05 4.6115E+04 0.0000E+00 6.0722E-06 9.4119E-063486 8459  240
 4.6115E+04 1.0000E+00 7.6515E-07 7.6515E-07 4.6116E+04 0.0000E+003486 8459  241
 6.6019E-06 1.0233E-05 4.6117E+04 0.0000E+00 5.8156E-06 9.0141E-063486 8459  242
 4.6118E+04 0.0000E+00 4.0856E-06 6.3736E-06 4.6119E+04 0.0000E+003486 8459  243
 2.0433E-06 3.2284E-06 4.6120E+04 0.0000E+00 6.5062E-07 1.0995E-063486 8459  244
 4.6121E+04 0.0000E+00 1.2323E-07 2.5016E-07 4.6122E+04 0.0000E+003486 8459  245
 1.3166E-08 4.0946E-08 4.6123E+04 0.0000E+00 7.6231E-10 4.5662E-093486 8459  246
 4.6124E+04 0.0000E+00 2.3680E-11 3.0522E-10 4.7109E+04 0.0000E+003486 8459  247
 5.0575E-06 8.3955E-06 4.7109E+04 1.0000E+00 5.0551E-06 8.4420E-063486 8459  248
 4.7111E+04 0.0000E+00 5.9138E-06 9.4621E-06 4.7111E+04 1.0000E+003486 8459  249
 5.9014E-06 9.5013E-06 4.7112E+04 0.0000E+00 6.2632E-06 9.8958E-063486 8459  250
 4.7113E+04 0.0000E+00 4.2706E-06 6.6622E-06 4.7113E+04 1.0000E+003486 8459  251
 6.1658E-06 9.6804E-06 4.7114E+04 0.0000E+00 6.7032E-06 1.0390E-053486 8459  252
 4.7114E+04 1.0000E+00 9.3119E-10 9.8800E-09 4.7115E+04 0.0000E+003486 8459  253
 4.9341E-06 2.7385E-05 4.7115E+04 1.0000E+00 2.3647E-06 3.6653E-063486 8459  254
 4.7116E+04 0.0000E+00 6.6919E-06 1.0372E-05 4.7116E+04 1.0000E+003486 8459  255
 1.2353E-07 4.6569E-07 4.7117E+04 0.0000E+00 3.2955E-06 5.1080E-063486 8459  256
 4.7117E+04 1.0000E+00 3.6500E-06 5.6574E-06 4.7118E+04 0.0000E+003486 8459  257
 5.4633E-06 8.5228E-06 4.7118E+04 1.0000E+00 1.6843E-06 2.6275E-063486 8459  258
 4.7119E+04 0.0000E+00 4.8185E-06 7.6132E-06 4.7119E+04 1.0000E+003486 8459  259
 1.0217E-06 1.0217E-06 4.7120E+04 0.0000E+00 3.1617E-06 5.0904E-063486 8459  260
 4.7120E+04 1.0000E+00 2.1056E-06 6.7589E-06 4.7121E+04 0.0000E+003486 8459  261
 2.5671E-06 4.1844E-06 4.7122E+04 0.0000E+00 6.3990E-07 2.1501E-063486 8459  262
 4.7122E+04 1.0000E+00 3.2464E-07 1.1135E-06 4.7123E+04 0.0000E+003486 8459  263
 2.1705E-07 4.1456E-07 4.7124E+04 0.0000E+00 2.8067E-08 7.2972E-083486 8459  264
 4.7125E+04 0.0000E+00 2.3695E-09 1.0947E-08 4.8111E+04 0.0000E+003486 8459  265
 5.9433E-06 9.5093E-06 4.8112E+04 0.0000E+00 6.2632E-06 9.8958E-063486 8459  266
 4.8113E+04 0.0000E+00 6.4166E-06 1.0010E-05 4.8113E+04 1.0000E+003486 8459  267
 7.3834E-08 1.1592E-07 4.8114E+04 0.0000E+00 6.7032E-06 1.0390E-053486 8459  268
 4.8115E+04 0.0000E+00 6.4635E-06 1.0018E-05 4.8115E+04 1.0000E+003486 8459  269
 3.3872E-07 1.8527E-06 4.8116E+04 0.0000E+00 6.8085E-06 1.0553E-053486 8459  270
 4.8117E+04 0.0000E+00 5.3215E-06 8.2486E-06 4.8117E+04 1.0000E+003486 8459  271
 1.4138E-06 2.1914E-06 4.8118E+04 0.0000E+00 6.5412E-06 1.0205E-053486 8459  272
 4.8119E+04 0.0000E+00 3.5762E-06 5.6504E-06 4.8119E+04 1.0000E+003486 8459  273
 2.7196E-06 4.2971E-06 4.8120E+04 0.0000E+00 5.9434E-06 9.5094E-063486 8459  274
 4.8121E+04 0.0000E+00 3.1862E-06 5.1935E-06 4.8121E+04 1.0000E+003486 8459  275
 2.2042E-06 7.2297E-06 4.8122E+04 0.0000E+00 4.3675E-06 7.2501E-063486 8459  276
 4.8123E+04 0.0000E+00 1.1754E-06 2.5623E-06 4.8123E+04 1.0000E+003486 8459  277
 1.6048E-06 5.4722E-06 4.8124E+04 0.0000E+00 1.2348E-06 2.1363E-063486 8459  278
 4.8125E+04 0.0000E+00 1.5870E-07 4.0628E-07 4.8125E+04 1.0000E+003486 8459  279
 2.4829E-07 8.9885E-07 4.8126E+04 0.0000E+00 5.5843E-11 2.3085E-093486 8459  280
 4.8127E+04 0.0000E+00 8.0211E-12 6.4907E-10 4.8128E+04 0.0000E+003486 8459  281
 7.4836E-13 7.4828E-11 4.8132E+04 0.0000E+00 1.1089E-07 1.5048E-063486 8459  282
 4.9113E+04 0.0000E+00 7.3731E-08 1.1502E-07 4.9115E+04 0.0000E+003486 8459  283
 6.4791E-06 1.0043E-05 4.9115E+04 1.0000E+00 6.4636E-06 1.0019E-053486 8459  284
 4.9117E+04 0.0000E+00 4.1441E-06 6.4235E-06 4.9117E+04 1.0000E+003486 8459  285
 4.8983E-06 7.5922E-06 4.9118E+04 0.0000E+00 6.5412E-06 1.0205E-053486 8459  286
 4.9118E+04 1.0000E+00 8.3257E-11 1.9016E-09 4.9118E+04 2.0000E+003486 8459  287
 2.5370E-11 7.6085E-10 4.9119E+04 0.0000E+00 3.2442E-06 5.1258E-063486 8459  288
 4.9119E+04 1.0000E+00 3.2352E-06 5.1116E-06 4.9120E+04 0.0000E+003486 8459  289
 5.9508E-06 9.5212E-06 4.9120E+04 1.0000E+00 1.4744E-08 1.1825E-073486 8459  290
 4.9120E+04 2.0000E+00 6.4225E-09 5.1508E-08 4.9121E+04 0.0000E+003486 8459  291
 3.4139E-06 5.5645E-06 4.9121E+04 1.0000E+00 2.1988E-06 3.5841E-063486 8459  292
 4.9122E+04 0.0000E+00 4.5706E-06 7.5872E-06 4.9122E+04 1.0000E+003486 8459  293
 4.0353E-07 2.0943E-06 4.9122E+04 2.0000E+00 1.7578E-07 9.1228E-073486 8459  294
 4.9123E+04 0.0000E+00 3.3310E-06 9.2600E-06 4.9123E+04 1.0000E+003486 8459  295
 1.3070E-06 2.2219E-06 4.9124E+04 0.0000E+00 2.1731E-06 3.8898E-063486 8459  296
 4.9124E+04 1.0000E+00 1.8114E-06 6.2855E-06 4.9125E+04 0.0000E+003486 8459  297
 2.6030E-06 8.5116E-06 4.9125E+04 1.0000E+00 8.6801E-07 2.1093E-063486 8459  298
 4.9126E+04 0.0000E+00 1.6181E-06 4.9190E-06 4.9126E+04 1.0000E+003486 8459  299
 3.1237E-06 9.4959E-06 4.9127E+04 0.0000E+00 6.4954E-06 2.0331E-053486 8459  300
 4.9127E+04 1.0000E+00 2.2384E-06 7.0062E-06 4.9128E+04 0.0000E+003486 8459  301
 1.1839E-05 5.8366E-05 4.9128E+04 1.0000E+00 4.0398E-06 1.9916E-053486 8459  302
 4.9129E+04 0.0000E+00 6.9141E-06 6.5061E-05 4.9129E+04 1.0000E+003486 8459  303
 2.3827E-06 2.2421E-05 4.9130E+04 0.0000E+00 1.3466E-06 3.7975E-053486 8459  304
 4.9130E+04 1.0000E+00 2.0140E-06 5.6796E-05 4.9130E+04 2.0000E+003486 8459  305
 5.6411E-07 1.5908E-05 4.9131E+04 0.0000E+00 5.5547E-07 3.0529E-053486 8459  306
 4.9131E+04 1.0000E+00 2.5754E-07 1.4737E-05 4.9131E+04 2.0000E+003486 8459  307
 1.1338E-07 6.4876E-06 4.9132E+04 0.0000E+00 7.8364E-05 1.4811E-043486 8459  308
 4.9133E+04 0.0000E+00 1.5122E-05 6.3209E-05 4.9134E+04 0.0000E+003486 8459  309
 7.6805E-07 7.3272E-06 4.9135E+04 0.0000E+00 2.3250E-08 5.1731E-073486 8459  310
 5.0115E+04 0.0000E+00 3.2318E-07 5.0096E-07 5.0117E+04 0.0000E+003486 8459  311
 6.7353E-06 1.0440E-05 5.0117E+04 1.0000E+00 1.4120E-08 2.2027E-083486 8459  312
 5.0118E+04 0.0000E+00 6.5413E-06 1.0205E-05 5.0119E+04 0.0000E+003486 8459  313
 6.2981E-06 9.9511E-06 5.0119E+04 1.0000E+00 2.9308E-06 4.6306E-063486 8459  314
 5.0120E+04 0.0000E+00 5.9720E-06 9.5552E-06 5.0121E+04 0.0000E+003486 8459  315
 5.5002E-06 8.9653E-06 5.0121E+04 1.0000E+00 3.8707E-07 6.3093E-073486 8459  316
 5.0122E+04 0.0000E+00 5.1586E-06 8.5632E-06 5.0123E+04 0.0000E+003486 8459  317
 3.0070E-07 7.3973E-07 5.0123E+04 1.0000E+00 4.4138E-06 7.5035E-063486 8459  318
 5.0124E+04 0.0000E+00 4.3818E-06 7.5805E-06 5.0125E+04 0.0000E+003486 8459  319
 1.3342E-06 2.2414E-06 5.0125E+04 1.0000E+00 3.6015E-06 6.3385E-063486 8459  320
 5.0126E+04 0.0000E+00 1.1052E-05 1.5140E-05 5.0127E+04 0.0000E+003486 8459  321
 2.4177E-05 2.3934E-05 5.0127E+04 1.0000E+00 1.9984E-05 3.0974E-053486 8459  322
 5.0128E+04 0.0000E+00 1.8829E-04 1.2992E-04 5.0128E+04 1.0000E+003486 8459  323
 1.0575E-04 1.4276E-04 5.0129E+04 0.0000E+00 2.7674E-04 2.7397E-043486 8459  324
 5.0129E+04 1.0000E+00 4.2147E-04 4.2147E-04 5.0130E+04 0.0000E+003486 8459  325
 8.3460E-04 6.8438E-04 5.0130E+04 1.0000E+00 1.2483E-03 1.0235E-033486 8459  326
 5.0131E+04 0.0000E+00 1.7767E-03 1.5457E-03 5.0131E+04 1.0000E+003486 8459  327
 2.7861E-03 2.4240E-03 5.0132E+04 0.0000E+00 7.4187E-03 2.8191E-033486 8459  328
 5.0133E+04 0.0000E+00 4.4949E-03 2.8767E-03 5.0134E+04 0.0000E+003486 8459  329
 1.4647E-03 1.9189E-03 5.0135E+04 0.0000E+00 1.7498E-04 5.0921E-043486 8459  330
 5.0136E+04 0.0000E+00 1.1908E-05 8.0020E-05 5.0137E+04 0.0000E+003486 8459  331
 3.1999E-07 5.0591E-06 5.1121E+04 0.0000E+00 5.5869E-06 9.1067E-063486 8459  332
 5.1122E+04 0.0000E+00 3.2702E-12 5.4285E-12 5.1122E+04 1.0000E+003486 8459  333
 1.3295E-12 2.2070E-12 5.1123E+04 0.0000E+00 4.7146E-06 8.0149E-063486 8459  334
 5.1124E+04 0.0000E+00 2.1757E-09 3.7639E-09 5.1124E+04 1.0000E+003486 8459  335
 1.6084E-09 2.7826E-09 5.1124E+04 2.0000E+00 5.0212E-10 8.6866E-103486 8459  336
 5.1125E+04 0.0000E+00 4.9732E-06 8.3051E-06 5.1126E+04 0.0000E+003486 8459  337
 7.5939E-11 1.0480E-10 5.1126E+04 1.0000E+00 2.2659E-10 3.1041E-103486 8459  338
 5.1126E+04 2.0000E+00 8.5365E-11 1.1780E-10 5.1127E+04 0.0000E+003486 8459  339
 4.4176E-05 4.2850E-05 5.1128E+04 0.0000E+00 1.8876E-04 2.1896E-043486 8459  340
 5.1128E+04 1.0000E+00 1.9079E-07 1.3356E-07 5.1129E+04 0.0000E+003486 8459  341
 5.9818E-04 2.9311E-04 5.1129E+04 1.0000E+00 1.3627E-04 1.0425E-033486 8459  342
 5.1130E+04 0.0000E+00 1.2031E-03 4.8125E-04 5.1130E+04 1.0000E+003486 8459  343
 1.0991E-03 9.0123E-04 5.1131E+04 0.0000E+00 6.2942E-03 2.4547E-033486 8459  344
 5.1132E+04 0.0000E+00 1.1614E-02 2.9036E-03 5.1132E+04 1.0000E+003486 8459  345
 1.7575E-03 1.0018E-03 5.1133E+04 0.0000E+00 2.0728E-02 4.7675E-033486 8459  346
 5.1134E+04 0.0000E+00 6.9796E-03 3.5596E-03 5.1134E+04 1.0000E+003486 8459  347
 8.6114E-03 4.8223E-03 5.1135E+04 0.0000E+00 9.8804E-03 4.4462E-033486 8459  348
 5.1136E+04 0.0000E+00 2.3930E-03 2.1777E-03 5.1137E+04 0.0000E+003486 8459  349
 4.6132E-04 9.3188E-04 5.1138E+04 0.0000E+00 2.5918E-05 1.2104E-043486 8459  350
 5.1139E+04 0.0000E+00 7.4335E-07 8.2066E-06 5.2122E+04 0.0000E+003486 8459  351
 3.1852E-12 5.2874E-12 5.2124E+04 0.0000E+00 2.5784E-09 4.4605E-093486 8459  352
 5.2125E+04 0.0000E+00 4.9732E-06 8.3053E-06 5.2125E+04 1.0000E+003486 8459  353
 1.1129E-06 1.8696E-06 5.2126E+04 0.0000E+00 2.7080E-10 3.7101E-103486 8459  354
 5.2127E+04 0.0000E+00 4.4001E-05 4.2681E-05 5.2127E+04 1.0000E+003486 8459  355
 7.2800E-06 7.0616E-06 5.2128E+04 0.0000E+00 1.8894E-04 1.2659E-043486 8459  356
 5.2129E+04 0.0000E+00 6.3542E-04 3.0500E-04 5.2129E+04 1.0000E+003486 8459  357
 2.1240E-04 1.0620E-04 5.2130E+04 0.0000E+00 2.3022E-03 8.2879E-043486 8459  358
 5.2131E+04 0.0000E+00 5.8961E-03 1.6509E-03 5.2131E+04 1.0000E+003486 8459  359
 5.0393E-04 2.0157E-04 5.2132E+04 0.0000E+00 1.4584E-02 3.5001E-033486 8459  360
 5.2133E+04 0.0000E+00 2.1755E-02 5.0037E-03 5.2133E+04 1.0000E+003486 8459  361
 8.4851E-03 3.8184E-03 5.2134E+04 0.0000E+00 4.8160E-02 1.0595E-023486 8459  362
 5.2135E+04 0.0000E+00 6.0754E-02 1.1543E-02 5.2136E+04 0.0000E+003486 8459  363
 6.4642E-02 1.4221E-02 5.2137E+04 0.0000E+00 3.8131E-02 1.2583E-023486 8459  364
 5.2138E+04 0.0000E+00 1.3859E-02 8.8695E-03 5.2139E+04 0.0000E+003486 8459  365
 1.6200E-03 2.2519E-03 5.2140E+04 0.0000E+00 1.3341E-04 4.2557E-043486 8459  366
 5.2141E+04 0.0000E+00 6.8525E-06 5.1736E-05 5.2142E+04 0.0000E+003486 8459  367
 2.3589E-07 4.3098E-06 5.3127E+04 0.0000E+00 4.4176E-05 4.2850E-053486 8459  368
 5.3129E+04 0.0000E+00 7.1400E-04 3.4273E-04 5.3131E+04 0.0000E+003486 8459  369
 6.2942E-03 1.7624E-03 5.3132E+04 0.0000E+00 1.4585E-02 3.3547E-033486 8459  370
 5.3132E+04 1.0000E+00 8.4159E-07 1.0158E-05 5.3133E+04 0.0000E+003486 8459  371
 2.8809E-02 5.4736E-03 5.3133E+04 1.0000E+00 1.3454E-05 7.7497E-053486 8459  372
 5.3134E+04 0.0000E+00 4.8733E-02 8.2846E-03 5.3134E+04 1.0000E+003486 8459  373
 1.7034E-04 4.0881E-05 5.3135E+04 0.0000E+00 6.5380E-02 1.0461E-023486 8459  374
 5.3136E+04 0.0000E+00 7.1733E-02 1.1477E-02 5.3136E+04 1.0000E+003486 8459  375
 8.0117E-03 5.7684E-03 5.3137E+04 0.0000E+00 7.5579E-02 1.3604E-023486 8459  376
 5.3138E+04 0.0000E+00 4.9274E-02 1.0841E-02 5.3139E+04 0.0000E+003486 8459  377
 2.4572E-02 6.6345E-03 5.3140E+04 0.0000E+00 6.7742E-03 3.0484E-033486 8459  378
 5.3141E+04 0.0000E+00 2.4861E-03 2.3368E-03 5.3142E+04 0.0000E+003486 8459  379
 3.8879E-04 8.2813E-04 5.3143E+04 0.0000E+00 3.5609E-05 1.8054E-043486 8459  380
 5.3144E+04 0.0000E+00 7.2488E-07 8.9668E-06 5.4131E+04 0.0000E+003486 8459  381
 6.2942E-03 6.2942E-03 5.4131E+04 1.0000E+00 6.8367E-05 6.8367E-053486 8459  382
 5.4132E+04 0.0000E+00 1.4585E-02 3.3547E-03 5.4133E+04 0.0000E+003486 8459  383
 2.8809E-02 5.4736E-03 5.4133E+04 1.0000E+00 8.2002E-04 1.8040E-043486 8459  384
 5.4134E+04 0.0000E+00 4.8738E-02 8.2856E-03 5.4134E+04 1.0000E+003486 8459  385
 4.7479E-06 1.2345E-06 5.4135E+04 0.0000E+00 6.5350E-02 1.0456E-023486 8459  386
 5.4135E+04 1.0000E+00 1.0814E-02 2.0547E-03 5.4136E+04 0.0000E+003486 8459  387
 8.5226E-02 1.2784E-02 5.4137E+04 0.0000E+00 7.7759E-02 1.2441E-023486 8459  388
 5.4138E+04 0.0000E+00 7.0145E-02 1.4731E-02 5.4139E+04 0.0000E+003486 8459  389
 5.7124E-02 1.1996E-02 5.4140E+04 0.0000E+00 5.3348E-02 1.0670E-023486 8459  390
 5.4141E+04 0.0000E+00 5.2804E-02 1.1617E-02 5.4142E+04 0.0000E+003486 8459  391
 4.9278E-02 1.6262E-02 5.4143E+04 0.0000E+00 1.8168E-02 1.1446E-023486 8459  392
 5.4144E+04 0.0000E+00 3.0926E-03 4.3606E-03 5.4145E+04 0.0000E+003486 8459  393
 1.5644E-04 5.2562E-04 5.4146E+04 0.0000E+00 3.8360E-06 3.1724E-053486 8459  394
 5.4147E+04 0.0000E+00 3.3183E-08 6.9054E-07 5.5133E+04 0.0000E+003486 8459  395
 2.8809E-02 5.4736E-03 5.5134E+04 0.0000E+00 1.2780E-11 2.1726E-123486 8459  396
 5.5134E+04 1.0000E+00 2.6787E-12 5.0895E-13 5.5135E+04 0.0000E+003486 8459  397
 6.5414E-02 1.0467E-02 5.5135E+04 1.0000E+00 4.4467E-10 3.2110E-083486 8459  398
 5.5136E+04 0.0000E+00 8.2304E-08 1.2346E-08 5.5136E+04 1.0000E+003486 8459  399
 2.2282E-08 4.0108E-09 5.5137E+04 0.0000E+00 7.7763E-02 1.1665E-023486 8459  400
 5.5138E+04 0.0000E+00 7.0205E-02 1.0530E-02 5.5138E+04 1.0000E+003486 8459  401
 3.0377E-05 2.1750E-04 5.5139E+04 0.0000E+00 5.7724E-02 9.2358E-033486 8459  402
 5.5140E+04 0.0000E+00 5.5763E-02 9.4798E-03 5.5141E+04 0.0000E+003486 8459  403
 6.5607E-02 1.1153E-02 5.5142E+04 0.0000E+00 8.1227E-02 1.3808E-023486 8459  404
 5.5143E+04 0.0000E+00 7.7375E-02 1.6249E-02 5.5144E+04 0.0000E+003486 8459  405
 3.5887E-02 9.3306E-03 5.5144E+04 1.0000E+00 3.9109E-06 3.9109E-063486 8459  406
 5.5145E+04 0.0000E+00 1.1879E-02 5.2266E-03 5.5146E+04 0.0000E+003486 8459  407
 1.3413E-03 1.2608E-03 5.5147E+04 0.0000E+00 1.1129E-04 2.4595E-043486 8459  408
 5.5148E+04 0.0000E+00 2.2623E-06 1.2375E-05 5.5149E+04 0.0000E+003486 8459  409
 1.6014E-08 2.2275E-07 5.5150E+04 0.0000E+00 2.3007E-11 8.3238E-103486 8459  410
 5.6134E+04 0.0000E+00 1.2780E-11 2.1725E-12 5.6136E+04 0.0000E+003486 8459  411
 9.3446E-08 1.4017E-08 5.6136E+04 1.0000E+00 7.7616E-13 1.1642E-133486 8459  412
 5.6137E+04 0.0000E+00 7.7763E-02 1.1665E-02 5.6137E+04 1.0000E+003486 8459  413
 7.3408E-02 1.3214E-02 5.6138E+04 0.0000E+00 7.0211E-02 1.0532E-023486 8459  414
 5.6139E+04 0.0000E+00 5.7725E-02 9.2360E-03 5.6140E+04 0.0000E+003486 8459  415
 5.5777E-02 8.9244E-03 5.6141E+04 0.0000E+00 6.5859E-02 1.0538E-023486 8459  416
 5.6142E+04 0.0000E+00 8.6207E-02 1.3794E-02 5.6143E+04 0.0000E+003486 8459  417
 9.7813E-02 1.8585E-02 5.6144E+04 0.0000E+00 9.3108E-02 2.0483E-023486 8459  418
 5.6145E+04 0.0000E+00 6.6502E-02 1.3300E-02 5.6146E+04 0.0000E+003486 8459  419
 3.7218E-02 8.1879E-03 5.6147E+04 0.0000E+00 1.1511E-02 4.0289E-033486 8459  420
 5.6148E+04 0.0000E+00 1.9481E-03 1.2858E-03 5.6149E+04 0.0000E+003486 8459  421
 7.5983E-05 1.1246E-04 5.6150E+04 0.0000E+00 1.2396E-06 4.4627E-063486 8459  422
 5.6151E+04 0.0000E+00 6.8875E-09 6.3365E-08 5.6152E+04 0.0000E+003486 8459  423
 1.6526E-11 3.9926E-10 5.7139E+04 0.0000E+00 5.7725E-02 9.2360E-033486 8459  424
 5.7140E+04 0.0000E+00 5.5777E-02 8.9244E-03 5.7141E+04 0.0000E+003486 8459  425
 6.5859E-02 1.0538E-02 5.7142E+04 0.0000E+00 8.6209E-02 1.2931E-023486 8459  426
 5.7143E+04 0.0000E+00 9.7860E-02 1.3701E-02 5.7144E+04 0.0000E+003486 8459  427
 9.3567E-02 1.3099E-02 5.7145E+04 0.0000E+00 6.9200E-02 1.1072E-023486 8459  428
 5.7146E+04 0.0000E+00 3.9637E-02 7.1347E-03 5.7146E+04 1.0000E+003486 8459  429
 2.7612E-03 2.5956E-03 5.7147E+04 0.0000E+00 1.9849E-02 4.5653E-033486 8459  430
 5.7148E+04 0.0000E+00 6.1865E-03 1.7941E-03 5.7149E+04 0.0000E+003486 8459  431
 1.1440E-03 4.5758E-04 5.7150E+04 0.0000E+00 7.9666E-05 5.1783E-053486 8459  432
 5.7151E+04 0.0000E+00 4.3151E-06 5.2212E-06 5.7152E+04 0.0000E+003486 8459  433
 6.6777E-08 1.7562E-07 5.7153E+04 0.0000E+00 5.1723E-10 3.2741E-093486 8459  434
 5.7154E+04 0.0000E+00 7.1456E-13 1.1612E-11 5.8140E+04 0.0000E+003486 8459  435
 5.5777E-02 8.9244E-03 5.8141E+04 0.0000E+00 6.5859E-02 1.0538E-023486 8459  436
 5.8142E+04 0.0000E+00 8.6209E-02 1.2931E-02 5.8143E+04 0.0000E+003486 8459  437
 9.7860E-02 1.3701E-02 5.8144E+04 0.0000E+00 9.3568E-02 1.3100E-023486 8459  438
 5.8145E+04 0.0000E+00 6.9206E-02 1.0380E-02 5.8146E+04 0.0000E+003486 8459  439
 4.2478E-02 7.2213E-03 5.8147E+04 0.0000E+00 2.0328E-02 4.2689E-033486 8459  440
 5.8148E+04 0.0000E+00 7.6916E-03 2.2306E-03 5.8149E+04 0.0000E+003486 8459  441
 2.2738E-03 8.1856E-04 5.8150E+04 0.0000E+00 5.2910E-04 2.7513E-043486 8459  442
 5.8151E+04 0.0000E+00 8.8864E-05 7.0202E-05 5.8152E+04 0.0000E+003486 8459  443
 1.0191E-05 1.3147E-05 5.8153E+04 0.0000E+00 4.2831E-07 9.6369E-073486 8459  444
 5.8154E+04 0.0000E+00 7.0035E-09 2.9415E-08 5.8155E+04 0.0000E+003486 8459  445
 1.1200E-11 1.0416E-10 5.9141E+04 0.0000E+00 6.5859E-02 1.0538E-023486 8459  446
 5.9143E+04 0.0000E+00 9.7860E-02 1.3701E-02 5.9144E+04 0.0000E+003486 8459  447
 9.3567E-02 1.3100E-02 5.9144E+04 1.0000E+00 1.2912E-03 2.1950E-043486 8459  448
 5.9145E+04 0.0000E+00 6.9206E-02 1.0380E-02 5.9146E+04 0.0000E+003486 8459  449
 4.2478E-02 7.2213E-03 5.9147E+04 0.0000E+00 2.0328E-02 4.2690E-033486 8459  450
 5.9148E+04 0.0000E+00 7.6920E-03 2.0769E-03 5.9148E+04 1.0000E+003486 8459  451
 9.0987E-07 1.1692E-05 5.9149E+04 0.0000E+00 2.2809E-03 8.2112E-043486 8459  452
 5.9150E+04 0.0000E+00 5.3989E-04 2.8074E-04 5.9151E+04 0.0000E+003486 8459  453
 1.0117E-04 7.9922E-05 5.9152E+04 0.0000E+00 1.4733E-05 1.8712E-053486 8459  454
 5.9153E+04 0.0000E+00 1.5337E-06 3.3280E-06 5.9154E+04 0.0000E+003486 8459  455
 7.8424E-08 3.0899E-07 5.9155E+04 0.0000E+00 2.2668E-09 1.7138E-083486 8459  456
 5.9156E+04 0.0000E+00 6.2287E-12 9.7166E-11 6.0143E+04 0.0000E+003486 8459  457
 9.7860E-02 1.3701E-02 6.0144E+04 0.0000E+00 9.3568E-02 1.3100E-023486 8459  458
 6.0145E+04 0.0000E+00 6.9206E-02 1.0380E-02 6.0146E+04 0.0000E+003486 8459  459
 4.2478E-02 7.2213E-03 6.0147E+04 0.0000E+00 2.0328E-02 4.2690E-033486 8459  460
 6.0148E+04 0.0000E+00 7.6929E-03 2.0771E-03 6.0149E+04 0.0000E+003486 8459  461
 2.2809E-03 8.2112E-04 6.0150E+04 0.0000E+00 5.3991E-04 2.8075E-043486 8459  462
 6.0151E+04 0.0000E+00 1.0124E-04 7.9985E-05 6.0152E+04 0.0000E+003486 8459  463
 1.4952E-05 1.8989E-05 6.0153E+04 0.0000E+00 1.7442E-06 3.7848E-063486 8459  464
 6.0154E+04 0.0000E+00 1.6137E-07 6.3578E-07 6.0155E+04 0.0000E+003486 8459  465
 1.1856E-08 8.9636E-08 6.0156E+04 0.0000E+00 6.6450E-10 1.0286E-083486 8459  466
 6.0157E+04 0.0000E+00 2.4561E-11 8.2254E-10 6.0158E+04 0.0000E+003486 8459  467
 2.1610E-13 1.6648E-11 6.1147E+04 0.0000E+00 2.0328E-02 4.2690E-033486 8459  468
 6.1149E+04 0.0000E+00 2.2809E-03 8.2112E-04 6.1151E+04 0.0000E+003486 8459  469
 1.0124E-04 7.9985E-05 6.1152E+04 0.0000E+00 1.4952E-05 1.8989E-053486 8459  470
 6.1152E+04 1.0000E+00 8.3926E-12 5.4501E-10 6.1152E+04 2.0000E+003486 8459  471
 3.5748E-13 2.3215E-11 6.1153E+04 0.0000E+00 1.7443E-06 3.7850E-063486 8459  472
 6.1154E+04 0.0000E+00 1.6140E-07 6.3592E-07 6.1154E+04 1.0000E+003486 8459  473
 1.7130E-10 1.8603E-09 6.1155E+04 0.0000E+00 1.1967E-08 9.0465E-083486 8459  474
 6.1156E+04 0.0000E+00 6.8023E-10 1.0530E-08 6.1157E+04 0.0000E+003486 8459  475
 3.1074E-11 1.0404E-09 6.1158E+04 0.0000E+00 1.1214E-12 8.6142E-113486 8459  476
 6.2147E+04 0.0000E+00 2.0328E-02 4.2690E-03 6.2149E+04 0.0000E+003486 8459  477
 2.2809E-03 8.2112E-04 6.2151E+04 0.0000E+00 1.0124E-04 7.9985E-053486 8459  478
 6.2152E+04 0.0000E+00 1.4952E-05 1.8989E-05 6.2153E+04 0.0000E+003486 8459  479
 1.7443E-06 3.7850E-06 6.2154E+04 0.0000E+00 1.6157E-07 6.3656E-073486 8459  480
 6.2155E+04 0.0000E+00 1.1967E-08 9.0466E-08 6.2156E+04 0.0000E+003486 8459  481
 6.8023E-10 1.0530E-08 6.2157E+04 0.0000E+00 3.1075E-11 1.0404E-093486 8459  482
 6.2158E+04 0.0000E+00 1.1223E-12 8.6206E-11 6.3151E+04 0.0000E+003486 8459  483
 1.0124E-04 7.9985E-05 6.3153E+04 0.0000E+00 1.7443E-06 3.7850E-063486 8459  484
 6.3155E+04 0.0000E+00 1.1967E-08 9.0466E-08 6.3156E+04 0.0000E+003486 8459  485
 6.8023E-10 1.0530E-08 6.3157E+04 0.0000E+00 3.1075E-11 1.0404E-093486 8459  486
 6.3158E+04 0.0000E+00 1.1223E-12 8.6206E-11 6.4155E+04 0.0000E+003486 8459  487
 1.1967E-08 9.0466E-08 6.4156E+04 0.0000E+00 6.8023E-10 1.0530E-083486 8459  488
 6.4157E+04 0.0000E+00 3.1075E-11 1.0404E-09 6.4158E+04 0.0000E+003486 8459  489
 1.1223E-12 1.1223E-12 0.0000E+00 0.0000E+00 0.0000E+00 0.0000E+003486 8459  490
 0.0000E+00 0.0000E+00          0          0          0          03486 8  099999
                                                                  3486 0  0    0
                                                                     0 0  0    0
 0.0000E+00 0.0000E+00          0          0          0          0  -1 0  0    0
