Fission Product Yields for pa238(s,f) fission                      231 0  0    0
 9.1238e+04 2.3596e+02         -1          1          2          13521 1451    1
 0.0000e+00 1.0000e+00          0          0          0          63521 1451    2
 0.0000e+00 1.5000e+08          1          0          5          63521 1451    3
 0.0000e+00 0.0000e+00          0          0         11          33521 1451    4
 91-Pa-238  NexiaSol   EVAL-DEC07                      R.W. Mills 3521 1451    5
                       DIST-DEC07DRAFT-DEC07           071212     3521 1451    6
 Energy dependent fission yields - UKFY4.1 (Issue 1)              3521 1451    7
 =====================================================            3521 1451    8
 The CYFP code developed by Wahl [1] was used to produce          3521 1451    9
 energy dependent fission yields for fission induced by           3521 1451   10
 neutron, proton, deuteron and alpha particles.                   3521 1451   11
                                                                  3521 1451   12
 References                                                       3521 1451   13
 1) "Systematics of Fission-Product Yields", LA-13928,            3521 1451   14
    A.C. Wahl (2002).                                             3521 1451   15
                                1        451         18          03521 1451   16
                                8        454        628          03521 1451   17
                                8        459        628          03521 1451   18
 0.0000e+00 0.0000e+00          0          0          0          03521 1  099999
                                                                  3521 0  0    0
 9.1238E+04 2.3596E+02          1          0          0          03521 8454    1
 0.0000E+00 0.0000E+00          0          0       3032        7583521 8454    2
 2.9074E+04 0.0000E+00 2.6428E-13 2.6425E-11 2.9075E+04 0.0000E+003521 8454    3
 2.8664E-12 1.4309E-10 2.9076E+04 0.0000E+00 1.1586E-11 2.9301E-103521 8454    4
 2.9077E+04 0.0000E+00 7.9557E-11 1.0653E-09 2.9078E+04 0.0000E+003521 8454    5
 9.0796E-11 7.0004E-10 2.9079E+04 0.0000E+00 6.1455E-11 4.1174E-103521 8454    6
 2.9080E+04 0.0000E+00 1.6158E-11 1.9486E-10 3.0074E+04 0.0000E+003521 8454    7
 6.0424E-14 6.0417E-12 3.0075E+04 0.0000E+00 3.3987E-12 3.3983E-103521 8454    8
 3.0076E+04 0.0000E+00 8.1923E-11 2.0710E-09 3.0077E+04 0.0000E+003521 8454    9
 6.5615E-10 1.7526E-08 3.0077E+04 1.0000E+00 1.4913E-10 3.9832E-093521 8454   10
 3.0078E+04 0.0000E+00 5.8996E-09 4.3421E-08 3.0079E+04 0.0000E+003521 8454   11
 1.5626E-08 6.6722E-08 3.0080E+04 0.0000E+00 3.0112E-08 8.5215E-083521 8454   12
 3.0081E+04 0.0000E+00 1.8839E-08 6.1407E-08 3.0082E+04 0.0000E+003521 8454   13
 6.7334E-09 4.3834E-08 3.0083E+04 0.0000E+00 8.6705E-10 1.2564E-083521 8454   14
 3.1074E+04 0.0000E+00 0.0000E+00 0.0000E+00 3.1074E+04 1.0000E+003521 8454   15
 0.0000E+00 0.0000E+00 3.1075E+04 0.0000E+00 3.3496E-15 3.3493E-133521 8454   16
 3.1076E+04 0.0000E+00 2.0676E-12 5.2351E-11 3.1077E+04 0.0000E+003521 8454   17
 3.4219E-10 4.5717E-09 3.1078E+04 0.0000E+00 7.1339E-09 5.2505E-083521 8454   18
 3.1079E+04 0.0000E+00 9.6401E-08 4.0778E-07 3.1080E+04 0.0000E+003521 8454   19
 5.8152E-07 1.4771E-06 3.1081E+04 0.0000E+00 2.2860E-06 3.7034E-063521 8454   20
 3.1082E+04 0.0000E+00 3.0661E-06 3.8939E-06 3.1083E+04 0.0000E+003521 8454   21
 2.7293E-06 4.8581E-06 3.1084E+04 0.0000E+00 8.4246E-07 3.1084E-063521 8454   22
 3.1085E+04 0.0000E+00 1.5079E-07 1.2335E-06 3.1086E+04 0.0000E+003521 8454   23
 1.0310E-08 1.8702E-07 3.2074E+04 0.0000E+00 0.0000E+00 0.0000E+003521 8454   24
 3.2075E+04 0.0000E+00 0.0000E+00 0.0000E+00 3.2075E+04 1.0000E+003521 8454   25
 0.0000E+00 0.0000E+00 3.2076E+04 0.0000E+00 6.9514E-16 6.9507E-143521 8454   26
 3.2077E+04 0.0000E+00 1.0261E-12 2.8699E-11 3.2077E+04 1.0000E+003521 8454   27
 2.3321E-13 6.5228E-12 3.2078E+04 0.0000E+00 2.0834E-10 1.5730E-093521 8454   28
 3.2079E+04 0.0000E+00 1.8819E-09 1.6147E-08 3.2079E+04 1.0000E+003521 8454   29
 8.2802E-09 7.1044E-08 3.2080E+04 0.0000E+00 3.3232E-07 8.5074E-073521 8454   30
 3.2081E+04 0.0000E+00 2.7024E-06 8.6207E-06 3.2081E+04 1.0000E+003521 8454   31
 9.3128E-07 2.9708E-06 3.2082E+04 0.0000E+00 2.5325E-05 2.6338E-053521 8454   32
 3.2083E+04 0.0000E+00 7.2119E-05 5.3368E-05 3.2084E+04 0.0000E+003521 8454   33
 1.3969E-04 9.4986E-05 3.2085E+04 0.0000E+00 9.1225E-05 9.5787E-053521 8454   34
 3.2086E+04 0.0000E+00 4.1109E-05 8.9206E-05 3.2087E+04 0.0000E+003521 8454   35
 6.6953E-06 3.1801E-05 3.2088E+04 0.0000E+00 6.4110E-07 6.6737E-063521 8454   36
 3.2089E+04 0.0000E+00 2.2783E-08 5.1535E-07 3.3075E+04 0.0000E+003521 8454   37
 0.0000E+00 0.0000E+00 3.3077E+04 0.0000E+00 5.1737E-17 5.1732E-153521 8454   38
 3.3078E+04 0.0000E+00 5.0501E-14 5.0496E-12 3.3079E+04 0.0000E+003521 8454   39
 2.3308E-11 1.8553E-10 3.3080E+04 0.0000E+00 3.4919E-09 1.3095E-083521 8454   40
 3.3081E+04 0.0000E+00 2.6433E-07 5.2072E-07 3.3082E+04 0.0000E+003521 8454   41
 2.3590E-06 5.4493E-06 3.3082E+04 1.0000E+00 3.5281E-06 8.1500E-063521 8454   42
 3.3083E+04 0.0000E+00 8.3827E-05 6.2870E-05 3.3084E+04 0.0000E+003521 8454   43
 4.3769E-04 2.2760E-04 3.3084E+04 1.0000E+00 0.0000E+00 0.0000E+003521 8454   44
 3.3085E+04 0.0000E+00 1.4730E-03 5.8922E-04 3.3086E+04 0.0000E+003521 8454   45
 2.0776E-03 8.7260E-04 3.3087E+04 0.0000E+00 2.0191E-03 1.3124E-033521 8454   46
 3.3088E+04 0.0000E+00 6.5539E-04 8.6512E-04 3.3089E+04 0.0000E+003521 8454   47
 1.4078E-04 3.9699E-04 3.3090E+04 0.0000E+00 1.2005E-05 7.3225E-053521 8454   48
 3.3091E+04 0.0000E+00 6.3929E-07 8.3745E-06 3.3092E+04 0.0000E+003521 8454   49
 1.2523E-08 3.4939E-07 3.4077E+04 0.0000E+00 0.0000E+00 0.0000E+003521 8454   50
 3.4078E+04 0.0000E+00 0.0000E+00 0.0000E+00 3.4079E+04 0.0000E+003521 8454   51
 1.9145E-16 1.9143E-14 3.4079E+04 1.0000E+00 4.3512E-17 4.3508E-153521 8454   52
 3.4080E+04 0.0000E+00 3.7347E-13 9.8595E-12 3.4081E+04 0.0000E+003521 8454   53
 2.8082E-11 6.0012E-10 3.4081E+04 1.0000E+00 1.2356E-10 2.6404E-093521 8454   54
 3.4082E+04 0.0000E+00 2.8967E-08 1.2832E-07 3.4083E+04 0.0000E+003521 8454   55
 1.2629E-06 4.8750E-06 3.4083E+04 1.0000E+00 4.3523E-07 1.6800E-063521 8454   56
 3.4084E+04 0.0000E+00 5.4986E-05 5.1137E-05 3.4085E+04 0.0000E+003521 8454   57
 5.4086E-04 2.8125E-04 3.4086E+04 0.0000E+00 3.6511E-03 1.2414E-033521 8454   58
 3.4087E+04 0.0000E+00 9.5224E-03 2.4758E-03 3.4088E+04 0.0000E+003521 8454   59
 1.5955E-02 4.4675E-03 3.4089E+04 0.0000E+00 1.0539E-02 4.5316E-033521 8454   60
 3.4090E+04 0.0000E+00 5.1548E-03 4.2785E-03 3.4091E+04 0.0000E+003521 8454   61
 8.8290E-04 1.5186E-03 3.4092E+04 0.0000E+00 9.8688E-05 3.6021E-043521 8454   62
 3.4093E+04 0.0000E+00 4.4643E-06 3.4597E-05 3.4094E+04 0.0000E+003521 8454   63
 1.4017E-07 2.2932E-06 3.5079E+04 0.0000E+00 0.0000E+00 0.0000E+003521 8454   64
 3.5081E+04 0.0000E+00 1.1334E-15 1.1317E-13 3.5082E+04 0.0000E+003521 8454   65
 7.4523E-13 5.9142E-11 3.5082E+04 1.0000E+00 4.9828E-13 3.9544E-113521 8454   66
 3.5083E+04 0.0000E+00 6.8921E-10 1.1007E-08 3.5084E+04 0.0000E+003521 8454   67
 4.2396E-08 5.5369E-07 3.5084E+04 1.0000E+00 6.3408E-08 8.2811E-073521 8454   68
 3.5085E+04 0.0000E+00 7.7896E-06 2.1343E-05 3.5086E+04 0.0000E+003521 8454   69
 1.8694E-04 2.2433E-04 3.5087E+04 0.0000E+00 2.6288E-03 1.5247E-033521 8454   70
 3.5088E+04 0.0000E+00 1.1595E-02 3.7104E-03 3.5089E+04 0.0000E+003521 8454   71
 3.4593E-02 7.6106E-03 3.5090E+04 0.0000E+00 4.4018E-02 9.6840E-033521 8454   72
 3.5091E+04 0.0000E+00 3.7617E-02 1.1661E-02 3.5092E+04 0.0000E+003521 8454   73
 1.2295E-02 6.6392E-03 3.5093E+04 0.0000E+00 2.9903E-03 3.2295E-033521 8454   74
 3.5094E+04 0.0000E+00 2.8058E-04 6.2569E-04 3.5095E+04 0.0000E+003521 8454   75
 1.9635E-05 9.1883E-05 3.5096E+04 0.0000E+00 7.9265E-07 7.7280E-063521 8454   76
 3.5097E+04 0.0000E+00 3.5695E-08 7.1712E-07 3.6082E+04 0.0000E+003521 8454   77
 0.0000E+00 0.0000E+00 3.6083E+04 0.0000E+00 5.2750E-17 5.2745E-153521 8454   78
 3.6083E+04 1.0000E+00 1.5950E-15 1.5948E-13 3.6084E+04 0.0000E+003521 8454   79
 2.5795E-12 1.4933E-10 3.6085E+04 0.0000E+00 7.3659E-10 3.4465E-083521 8454   80
 3.6085E+04 1.0000E+00 2.5384E-10 1.1877E-08 3.6086E+04 0.0000E+003521 8454   81
 2.0219E-07 1.9430E-06 3.6087E+04 0.0000E+00 1.2000E-05 4.8360E-053521 8454   82
 3.6088E+04 0.0000E+00 3.4952E-04 6.0816E-04 3.6089E+04 0.0000E+003521 8454   83
 3.2764E-03 2.5884E-03 3.6090E+04 0.0000E+00 2.0355E-02 8.1421E-033521 8454   84
 3.6091E+04 0.0000E+00 4.3323E-02 1.0397E-02 3.6092E+04 0.0000E+003521 8454   85
 6.2930E-02 1.1957E-02 3.6093E+04 0.0000E+00 3.9716E-02 9.5318E-033521 8454   86
 3.6094E+04 0.0000E+00 1.8374E-02 6.9819E-03 3.6095E+04 0.0000E+003521 8454   87
 3.6506E-03 2.5554E-03 3.6096E+04 0.0000E+00 7.5709E-04 1.0599E-033521 8454   88
 3.6097E+04 0.0000E+00 9.6036E-05 2.7466E-04 3.6098E+04 0.0000E+003521 8454   89
 1.0697E-05 6.2359E-05 3.6099E+04 0.0000E+00 5.6444E-07 6.6432E-063521 8454   90
 3.6100E+04 0.0000E+00 2.4250E-08 5.6720E-07 3.7085E+04 0.0000E+003521 8454   91
 2.0191E-15 2.0189E-13 3.7086E+04 0.0000E+00 1.0386E-12 1.0385E-103521 8454   92
 3.7086E+04 1.0000E+00 1.1853E-12 1.1852E-10 3.7087E+04 0.0000E+003521 8454   93
 1.1786E-09 3.9660E-08 3.7088E+04 0.0000E+00 1.5593E-07 2.1768E-063521 8454   94
 3.7089E+04 0.0000E+00 1.0780E-05 6.3602E-05 3.7090E+04 0.0000E+003521 8454   95
 6.4596E-05 3.3009E-04 3.7090E+04 1.0000E+00 1.7963E-04 9.1789E-043521 8454   96
 3.7091E+04 0.0000E+00 2.9697E-03 3.4151E-03 3.7092E+04 0.0000E+003521 8454   97
 1.1900E-02 6.5447E-03 3.7093E+04 0.0000E+00 3.3281E-02 1.0317E-023521 8454   98
 3.7094E+04 0.0000E+00 3.6221E-02 7.9686E-03 3.7095E+04 0.0000E+003521 8454   99
 3.0940E-02 6.8067E-03 3.7096E+04 0.0000E+00 1.6066E-02 4.8196E-033521 8454  100
 3.7096E+04 1.0000E+00 0.0000E+00 0.0000E+00 3.7097E+04 0.0000E+003521 8454  101
 9.5089E-03 4.5643E-03 3.7098E+04 0.0000E+00 2.7835E-03 2.4773E-033521 8454  102
 3.7098E+04 1.0000E+00 0.0000E+00 0.0000E+00 3.7099E+04 0.0000E+003521 8454  103
 6.8644E-04 1.2013E-03 3.7100E+04 0.0000E+00 7.4859E-05 2.5901E-043521 8454  104
 3.7101E+04 0.0000E+00 5.8143E-06 3.9709E-05 3.7102E+04 0.0000E+003521 8454  105
 1.9217E-07 2.5634E-06 3.8086E+04 0.0000E+00 0.0000E+00 0.0000E+003521 8454  106
 3.8088E+04 0.0000E+00 1.1605E-12 1.1603E-10 3.8089E+04 0.0000E+003521 8454  107
 3.8712E-10 1.8512E-08 3.8090E+04 0.0000E+00 7.0081E-08 1.4065E-063521 8454  108
 3.8091E+04 0.0000E+00 3.4682E-06 2.9688E-05 3.8092E+04 0.0000E+003521 8454  109
 9.1881E-05 3.4180E-04 3.8093E+04 0.0000E+00 8.4046E-04 1.3952E-033521 8454  110
 3.8094E+04 0.0000E+00 4.7135E-03 3.6766E-03 3.8095E+04 0.0000E+003521 8454  111
 1.0207E-02 4.1847E-03 3.8096E+04 0.0000E+00 2.2251E-02 6.0079E-033521 8454  112
 3.8097E+04 0.0000E+00 3.0110E-02 6.3231E-03 3.8098E+04 0.0000E+003521 8454  113
 3.6974E-02 8.8738E-03 3.8099E+04 0.0000E+00 2.1943E-02 7.4605E-033521 8454  114
 3.8100E+04 0.0000E+00 1.0530E-02 6.1071E-03 3.8101E+04 0.0000E+003521 8454  115
 2.0054E-03 2.1458E-03 3.8102E+04 0.0000E+00 2.8961E-04 5.9659E-043521 8454  116
 3.8103E+04 0.0000E+00 1.8762E-05 7.4839E-05 3.8104E+04 0.0000E+003521 8454  117
 9.6163E-14 9.6154E-12 3.9089E+04 0.0000E+00 6.1873E-17 6.1867E-153521 8454  118
 3.9089E+04 1.0000E+00 2.1346E-16 2.1344E-14 3.9090E+04 0.0000E+003521 8454  119
 1.3116E-13 1.3115E-11 3.9090E+04 1.0000E+00 1.1352E-13 1.1351E-113521 8454  120
 3.9091E+04 0.0000E+00 2.5479E-11 2.5476E-09 3.9091E+04 1.0000E+003521 8454  121
 7.3935E-11 7.3928E-09 3.9092E+04 0.0000E+00 1.1183E-08 3.1872E-073521 8454  122
 3.9093E+04 0.0000E+00 1.8494E-07 4.5364E-06 3.9093E+04 1.0000E+003521 8454  123
 5.3665E-07 1.3164E-05 3.9094E+04 0.0000E+00 1.4542E-05 7.8090E-053521 8454  124
 3.9095E+04 0.0000E+00 1.8326E-04 4.3981E-04 3.9096E+04 0.0000E+003521 8454  125
 1.6333E-04 3.6585E-04 3.9096E+04 1.0000E+00 9.8376E-04 2.2036E-033521 8454  126
 3.9097E+04 0.0000E+00 1.8097E-03 2.0269E-03 3.9097E+04 1.0000E+003521 8454  127
 5.2514E-03 5.8816E-03 3.9098E+04 0.0000E+00 5.2308E-03 3.3477E-033521 8454  128
 3.9098E+04 1.0000E+00 1.4546E-02 9.3093E-03 3.9099E+04 0.0000E+003521 8454  129
 4.5415E-02 9.9914E-03 3.9100E+04 0.0000E+00 1.2316E-02 4.9266E-033521 8454  130
 3.9100E+04 1.0000E+00 3.4249E-02 1.3700E-02 3.9101E+04 0.0000E+003521 8454  131
 3.4783E-02 9.0436E-03 3.9102E+04 0.0000E+00 1.1274E-02 4.5095E-033521 8454  132
 3.9102E+04 1.0000E+00 0.0000E+00 0.0000E+00 3.9103E+04 0.0000E+003521 8454  133
 3.0132E-03 2.0490E-03 3.9104E+04 0.0000E+00 5.6113E-06 5.5832E-053521 8454  134
 3.9105E+04 0.0000E+00 1.4526E-07 2.9502E-06 3.9106E+04 0.0000E+003521 8454  135
 1.7978E-09 7.5847E-08 3.9107E+04 0.0000E+00 1.0164E-11 9.0721E-103521 8454  136
 4.0090E+04 0.0000E+00 0.0000E+00 0.0000E+00 4.0091E+04 0.0000E+003521 8454  137
 3.1350E-17 3.1346E-15 4.0092E+04 0.0000E+00 3.0127E-14 3.0124E-123521 8454  138
 4.0093E+04 0.0000E+00 8.6514E-12 8.0735E-10 4.0094E+04 0.0000E+003521 8454  139
 1.3025E-09 5.2022E-08 4.0095E+04 0.0000E+00 6.3408E-08 1.1008E-063521 8454  140
 4.0096E+04 0.0000E+00 2.5358E-06 1.9475E-05 4.0097E+04 0.0000E+003521 8454  141
 5.0409E-05 1.7492E-04 4.0098E+04 0.0000E+00 7.3290E-04 1.1873E-033521 8454  142
 4.0099E+04 0.0000E+00 4.3114E-03 3.4491E-03 4.0100E+04 0.0000E+003521 8454  143
 1.8202E-02 7.8270E-03 4.0101E+04 0.0000E+00 2.8817E-02 7.7805E-033521 8454  144
 4.0102E+04 0.0000E+00 3.4519E-02 7.5942E-03 4.0103E+04 0.0000E+003521 8454  145
 1.9240E-02 4.6177E-03 4.0104E+04 0.0000E+00 8.5511E-03 3.8480E-033521 8454  146
 4.0105E+04 0.0000E+00 1.8236E-03 1.4589E-03 4.0106E+04 0.0000E+003521 8454  147
 2.1540E-04 3.2956E-04 4.0107E+04 0.0000E+00 1.3092E-05 4.0978E-053521 8454  148
 4.0108E+04 0.0000E+00 3.8933E-07 2.5813E-06 4.0109E+04 0.0000E+003521 8454  149
 5.6535E-09 8.0789E-08 4.0110E+04 0.0000E+00 5.2484E-08 1.4000E-073521 8454  150
 4.1095E+04 0.0000E+00 4.6608E-13 4.6603E-11 4.1095E+04 1.0000E+003521 8454  151
 1.6062E-13 1.6060E-11 4.1096E+04 0.0000E+00 9.8750E-11 5.4816E-093521 8454  152
 4.1097E+04 0.0000E+00 9.6005E-09 4.7042E-07 4.1097E+04 1.0000E+003521 8454  153
 3.3085E-09 1.6211E-07 4.1098E+04 0.0000E+00 2.1200E-07 4.6787E-063521 8454  154
 4.1098E+04 1.0000E+00 4.2120E-07 9.2959E-06 4.1099E+04 0.0000E+003521 8454  155
 1.5346E-05 1.5622E-04 4.1099E+04 1.0000E+00 5.2883E-06 5.3835E-053521 8454  156
 4.1100E+04 0.0000E+00 6.4362E-05 3.1023E-04 4.1100E+04 1.0000E+003521 8454  157
 1.7898E-04 8.6266E-04 4.1101E+04 0.0000E+00 1.7427E-03 2.0739E-033521 8454  158
 4.1102E+04 0.0000E+00 2.2221E-03 2.7554E-03 4.1102E+04 1.0000E+003521 8454  159
 2.5359E-03 3.1445E-03 4.1103E+04 0.0000E+00 1.0039E-02 3.7146E-033521 8454  160
 4.1104E+04 0.0000E+00 6.6200E-03 5.6932E-03 4.1104E+04 1.0000E+003521 8454  161
 2.4539E-03 2.1103E-03 4.1105E+04 0.0000E+00 6.2309E-03 2.1185E-033521 8454  162
 4.1106E+04 0.0000E+00 2.8349E-03 1.0206E-03 4.1107E+04 0.0000E+003521 8454  163
 8.9045E-04 4.1851E-04 4.1108E+04 0.0000E+00 1.8741E-04 1.2557E-043521 8454  164
 4.1109E+04 0.0000E+00 2.4631E-05 2.5123E-05 4.1110E+04 0.0000E+003521 8454  165
 2.9644E-06 3.8537E-06 4.1111E+04 0.0000E+00 2.0871E-07 3.8464E-073521 8454  166
 4.1112E+04 0.0000E+00 1.4168E-08 4.2043E-08 4.1113E+04 0.0000E+003521 8454  167
 6.4227E-10 3.9621E-09 4.2095E+04 0.0000E+00 0.0000E+00 0.0000E+003521 8454  168
 4.2096E+04 0.0000E+00 1.1221E-16 1.1220E-14 4.2097E+04 0.0000E+003521 8454  169
 5.9466E-14 5.9460E-12 4.2098E+04 0.0000E+00 1.9782E-11 1.5347E-093521 8454  170
 4.2099E+04 0.0000E+00 2.2583E-09 7.9130E-08 4.2100E+04 0.0000E+003521 8454  171
 1.5525E-07 2.5089E-06 4.2101E+04 0.0000E+00 3.3381E-06 2.5403E-053521 8454  172
 4.2102E+04 0.0000E+00 4.5491E-05 1.6604E-04 4.2103E+04 0.0000E+003521 8454  173
 2.4677E-04 4.4171E-04 4.2104E+04 0.0000E+00 7.3588E-06 6.7996E-053521 8454  174
 4.2105E+04 0.0000E+00 3.5105E-05 1.5973E-04 4.2106E+04 0.0000E+003521 8454  175
 9.1954E-05 2.0598E-04 4.2107E+04 0.0000E+00 1.3120E-04 1.5219E-043521 8454  176
 4.2108E+04 0.0000E+00 1.0260E-04 8.3107E-05 4.2109E+04 0.0000E+003521 8454  177
 4.6709E-05 4.2038E-05 4.2110E+04 0.0000E+00 1.1221E-05 1.3690E-053521 8454  178
 4.2111E+04 0.0000E+00 3.0717E-06 4.7611E-06 4.2112E+04 0.0000E+003521 8454  179
 8.6453E-07 1.4611E-06 4.2113E+04 0.0000E+00 1.6642E-07 3.1952E-073521 8454  180
 4.2114E+04 0.0000E+00 1.8164E-08 5.1721E-08 4.2115E+04 0.0000E+003521 8454  181
 1.1389E-09 6.2850E-09 4.3099E+04 0.0000E+00 6.0946E-15 6.0940E-133521 8454  182
 4.3099E+04 1.0000E+00 2.1003E-15 2.1001E-13 4.3100E+04 0.0000E+003521 8454  183
 1.9704E-12 1.9702E-10 4.3101E+04 0.0000E+00 2.4909E-10 1.2733E-083521 8454  184
 4.3102E+04 0.0000E+00 2.7646E-09 1.3273E-07 4.3102E+04 1.0000E+003521 8454  185
 7.6876E-09 3.6908E-07 4.3103E+04 0.0000E+00 2.9699E-07 3.3827E-063521 8454  186
 4.3104E+04 0.0000E+00 1.6083E-13 1.6081E-11 4.3105E+04 0.0000E+003521 8454  187
 7.8430E-12 7.8422E-10 4.3106E+04 0.0000E+00 2.1421E-10 2.1419E-083521 8454  188
 4.3107E+04 0.0000E+00 3.1985E-09 9.5636E-08 4.3108E+04 0.0000E+003521 8454  189
 2.5207E-08 3.5163E-07 4.3109E+04 0.0000E+00 1.0330E-07 6.7250E-073521 8454  190
 4.3110E+04 0.0000E+00 3.4893E-06 4.4664E-06 4.3111E+04 0.0000E+003521 8454  191
 3.4813E-06 5.3961E-06 4.3112E+04 0.0000E+00 3.5058E-06 5.7145E-063521 8454  192
 4.3113E+04 0.0000E+00 2.4741E-06 4.0327E-06 4.3114E+04 0.0000E+003521 8454  193
 1.0165E-06 1.6772E-06 4.3115E+04 0.0000E+00 2.4183E-07 4.4255E-073521 8454  194
 4.3116E+04 0.0000E+00 3.4461E-08 8.6390E-08 4.3117E+04 0.0000E+003521 8454  195
 3.0345E-09 1.3408E-08 4.3118E+04 0.0000E+00 1.6978E-10 1.4786E-093521 8454  196
 4.4099E+04 0.0000E+00 0.0000E+00 0.0000E+00 4.4100E+04 0.0000E+003521 8454  197
 0.0000E+00 0.0000E+00 4.4101E+04 0.0000E+00 4.2452E-16 4.2448E-143521 8454  198
 4.4102E+04 0.0000E+00 1.0771E-13 1.0770E-11 4.4103E+04 0.0000E+003521 8454  199
 4.5139E-12 4.5134E-10 4.4103E+04 1.0000E+00 5.3196E-12 5.3190E-103521 8454  200
 4.4104E+04 0.0000E+00 0.0000E+00 0.0000E+00 4.4105E+04 0.0000E+003521 8454  201
 0.0000E+00 0.0000E+00 4.4106E+04 0.0000E+00 0.0000E+00 0.0000E+003521 8454  202
 4.4107E+04 0.0000E+00 0.0000E+00 0.0000E+00 4.4108E+04 0.0000E+003521 8454  203
 1.4258E-16 1.4257E-14 4.4109E+04 0.0000E+00 7.3299E-15 5.1998E-133521 8454  204
 4.4110E+04 0.0000E+00 7.4103E-08 1.8155E-07 4.4111E+04 0.0000E+003521 8454  205
 3.0935E-07 5.4446E-07 4.4112E+04 0.0000E+00 1.1672E-06 1.9492E-063521 8454  206
 4.4113E+04 0.0000E+00 2.8199E-06 4.5965E-06 4.4114E+04 0.0000E+003521 8454  207
 3.8160E-06 6.1056E-06 4.4115E+04 0.0000E+00 3.0011E-06 4.7718E-063521 8454  208
 4.4116E+04 0.0000E+00 1.4341E-06 2.2945E-06 4.4117E+04 0.0000E+003521 8454  209
 4.2810E-07 7.3634E-07 4.4118E+04 0.0000E+00 8.1172E-08 1.7371E-073521 8454  210
 4.4119E+04 0.0000E+00 9.8535E-09 3.2890E-08 4.4120E+04 0.0000E+003521 8454  211
 7.6268E-10 4.6744E-09 4.5103E+04 0.0000E+00 0.0000E+00 0.0000E+003521 8454  212
 4.5103E+04 1.0000E+00 0.0000E+00 0.0000E+00 4.5105E+04 0.0000E+003521 8454  213
 0.0000E+00 0.0000E+00 4.5105E+04 1.0000E+00 0.0000E+00 0.0000E+003521 8454  214
 4.5106E+04 0.0000E+00 0.0000E+00 0.0000E+00 4.5107E+04 0.0000E+003521 8454  215
 0.0000E+00 0.0000E+00 4.5108E+04 0.0000E+00 0.0000E+00 0.0000E+003521 8454  216
 4.5109E+04 0.0000E+00 0.0000E+00 0.0000E+00 4.5110E+04 0.0000E+003521 8454  217
 8.6611E-12 2.1748E-10 4.5110E+04 1.0000E+00 7.3123E-11 1.8361E-093521 8454  218
 4.5111E+04 0.0000E+00 1.6227E-09 8.4220E-09 4.5112E+04 0.0000E+003521 8454  219
 2.6759E-08 6.9574E-08 4.5113E+04 0.0000E+00 2.5211E-07 4.6389E-073521 8454  220
 4.5114E+04 0.0000E+00 3.1130E-07 1.0242E-06 4.5114E+04 1.0000E+003521 8454  221
 8.6564E-07 2.8480E-06 4.5115E+04 0.0000E+00 2.8983E-06 4.6083E-063521 8454  222
 4.5116E+04 0.0000E+00 1.3844E-06 4.3330E-06 4.5116E+04 1.0000E+003521 8454  223
 2.7505E-06 8.6090E-06 4.5117E+04 0.0000E+00 3.6735E-06 5.7307E-063521 8454  224
 4.5118E+04 0.0000E+00 2.1137E-06 3.3185E-06 4.5119E+04 0.0000E+003521 8454  225
 7.9724E-07 1.3075E-06 4.5120E+04 0.0000E+00 1.9621E-07 3.6692E-073521 8454  226
 4.5121E+04 0.0000E+00 3.1093E-08 7.9505E-08 4.5122E+04 0.0000E+003521 8454  227
 3.0933E-09 1.3358E-08 4.6105E+04 0.0000E+00 0.0000E+00 0.0000E+003521 8454  228
 4.6106E+04 0.0000E+00 0.0000E+00 0.0000E+00 4.6107E+04 0.0000E+003521 8454  229
 0.0000E+00 0.0000E+00 4.6108E+04 0.0000E+00 0.0000E+00 0.0000E+003521 8454  230
 4.6109E+04 0.0000E+00 0.0000E+00 0.0000E+00 4.6109E+04 1.0000E+003521 8454  231
 0.0000E+00 0.0000E+00 4.6110E+04 0.0000E+00 4.0818E-15 4.0814E-133521 8454  232
 4.6111E+04 0.0000E+00 1.8712E-13 1.1096E-11 4.6111E+04 1.0000E+003521 8454  233
 2.2051E-13 1.3076E-11 4.6112E+04 0.0000E+00 3.2061E-11 3.8537E-103521 8454  234
 4.6113E+04 0.0000E+00 5.1832E-10 5.3853E-09 4.6113E+04 1.0000E+003521 8454  235
 8.1314E-10 8.4485E-09 4.6114E+04 0.0000E+00 2.4766E-08 6.5877E-083521 8454  236
 4.6115E+04 0.0000E+00 2.1649E-07 4.0051E-07 4.6115E+04 1.0000E+003521 8454  237
 0.0000E+00 0.0000E+00 4.6116E+04 0.0000E+00 9.7828E-07 1.5946E-063521 8454  238
 4.6117E+04 0.0000E+00 2.5172E-06 3.9520E-06 4.6118E+04 0.0000E+003521 8454  239
 4.0017E-06 6.2026E-06 4.6119E+04 0.0000E+00 4.1578E-06 6.4862E-063521 8454  240
 4.6120E+04 0.0000E+00 2.8982E-06 4.5502E-06 4.6121E+04 0.0000E+003521 8454  241
 1.3540E-06 2.1800E-06 4.6122E+04 0.0000E+00 4.1568E-07 7.2329E-073521 8454  242
 4.6123E+04 0.0000E+00 8.1588E-08 1.7258E-07 4.6124E+04 0.0000E+003521 8454  243
 9.9511E-09 3.2020E-08 4.7109E+04 0.0000E+00 0.0000E+00 0.0000E+003521 8454  244
 4.7109E+04 1.0000E+00 0.0000E+00 0.0000E+00 4.7111E+04 0.0000E+003521 8454  245
 0.0000E+00 0.0000E+00 4.7111E+04 1.0000E+00 0.0000E+00 0.0000E+003521 8454  246
 4.7112E+04 0.0000E+00 1.7412E-15 1.7410E-13 4.7113E+04 0.0000E+003521 8454  247
 6.2379E-14 3.6841E-12 4.7113E+04 1.0000E+00 2.7446E-13 1.6210E-113521 8454  248
 4.7114E+04 0.0000E+00 1.2640E-11 3.2029E-10 4.7114E+04 1.0000E+003521 8454  249
 1.4425E-11 3.6552E-10 4.7115E+04 0.0000E+00 1.7362E-10 2.0070E-093521 8454  250
 4.7115E+04 1.0000E+00 7.6390E-10 8.8307E-09 4.7116E+04 0.0000E+003521 8454  251
 6.1276E-09 3.6766E-08 4.7116E+04 1.0000E+00 9.1645E-09 5.4987E-083521 8454  252
 4.7117E+04 0.0000E+00 2.3893E-08 9.4615E-08 4.7117E+04 1.0000E+003521 8454  253
 1.0512E-07 4.1629E-07 4.7118E+04 0.0000E+00 3.2901E-07 1.0956E-063521 8454  254
 4.7118E+04 1.0000E+00 2.8474E-07 9.4819E-07 4.7119E+04 0.0000E+003521 8454  255
 1.7712E-06 2.7985E-06 4.7119E+04 1.0000E+00 0.0000E+00 0.0000E+003521 8454  256
 4.7120E+04 0.0000E+00 1.7604E-06 5.5275E-06 4.7120E+04 1.0000E+003521 8454  257
 1.5235E-06 4.7839E-06 4.7121E+04 0.0000E+00 4.0654E-06 6.3826E-063521 8454  258
 4.7122E+04 0.0000E+00 2.2493E-06 7.1754E-06 4.7122E+04 1.0000E+003521 8454  259
 1.1651E-06 3.7167E-06 4.7123E+04 0.0000E+00 1.9317E-06 3.1486E-063521 8454  260
 4.7124E+04 0.0000E+00 7.2619E-07 1.2418E-06 4.7125E+04 0.0000E+003521 8454  261
 1.9596E-07 3.6690E-07 4.7126E+04 0.0000E+00 5.3078E-08 1.2935E-073521 8454  262
 4.8111E+04 0.0000E+00 0.0000E+00 0.0000E+00 4.8112E+04 0.0000E+003521 8454  263
 0.0000E+00 0.0000E+00 4.8113E+04 0.0000E+00 0.0000E+00 0.0000E+003521 8454  264
 4.8113E+04 1.0000E+00 0.0000E+00 0.0000E+00 4.8114E+04 0.0000E+003521 8454  265
 1.3371E-15 1.0101E-13 4.8115E+04 0.0000E+00 6.1461E-14 4.0915E-123521 8454  266
 4.8115E+04 1.0000E+00 1.3129E-13 8.7398E-12 4.8116E+04 0.0000E+003521 8454  267
 1.2163E-11 1.8512E-10 4.8117E+04 0.0000E+00 1.1784E-10 1.7157E-093521 8454  268
 4.8117E+04 1.0000E+00 2.5171E-10 3.6649E-09 4.8118E+04 0.0000E+003521 8454  269
 5.9061E-09 2.2266E-08 4.8119E+04 0.0000E+00 1.7062E-08 7.8657E-083521 8454  270
 4.8119E+04 1.0000E+00 3.6447E-08 1.6802E-07 4.8120E+04 0.0000E+003521 8454  271
 2.9172E-07 5.1926E-07 4.8121E+04 0.0000E+00 3.1954E-07 1.0449E-063521 8454  272
 4.8121E+04 1.0000E+00 6.8257E-07 2.2320E-06 4.8122E+04 0.0000E+003521 8454  273
 2.2454E-06 3.6152E-06 4.8123E+04 0.0000E+00 1.3096E-06 4.2300E-063521 8454  274
 4.8123E+04 1.0000E+00 2.0545E-06 6.6360E-06 4.8124E+04 0.0000E+003521 8454  275
 3.4541E-06 5.6302E-06 4.8125E+04 0.0000E+00 1.0509E-06 3.3839E-063521 8454  276
 4.8125E+04 1.0000E+00 1.6486E-06 5.3086E-06 4.8126E+04 0.0000E+003521 8454  277
 2.3104E-06 3.2808E-06 4.8127E+04 0.0000E+00 1.0173E-07 5.5546E-073521 8454  278
 4.8128E+04 0.0000E+00 4.6417E-08 4.7717E-07 4.8129E+04 0.0000E+003521 8454  279
 1.1881E-08 2.3762E-07 4.8130E+04 0.0000E+00 1.5510E-09 1.5508E-073521 8454  280
 4.8131E+04 0.0000E+00 9.9143E-11 7.9721E-09 4.8132E+04 0.0000E+003521 8454  281
 3.0384E-12 3.0381E-10 4.9113E+04 0.0000E+00 0.0000E+00 0.0000E+003521 8454  282
 4.9115E+04 0.0000E+00 0.0000E+00 0.0000E+00 4.9115E+04 1.0000E+003521 8454  283
 0.0000E+00 0.0000E+00 4.9117E+04 0.0000E+00 3.6746E-14 3.1345E-123521 8454  284
 4.9117E+04 1.0000E+00 1.2663E-14 1.0802E-12 4.9118E+04 0.0000E+003521 8454  285
 7.2882E-13 4.4830E-11 4.9118E+04 1.0000E+00 1.4481E-12 8.9069E-113521 8454  286
 4.9118E+04 2.0000E+00 6.3077E-13 3.8799E-11 4.9119E+04 0.0000E+003521 8454  287
 6.4178E-11 1.2983E-09 4.9119E+04 1.0000E+00 2.2117E-11 4.4742E-103521 8454  288
 4.9120E+04 0.0000E+00 3.9711E-10 6.1909E-09 4.9120E+04 1.0000E+003521 8454  289
 7.8899E-10 1.2300E-08 4.9120E+04 2.0000E+00 3.4368E-10 5.3580E-093521 8454  290
 4.9121E+04 0.0000E+00 1.2198E-08 7.1724E-08 4.9121E+04 1.0000E+003521 8454  291
 4.2036E-09 2.4717E-08 4.9122E+04 0.0000E+00 2.8549E-08 1.7358E-073521 8454  292
 4.9122E+04 1.0000E+00 5.6721E-08 3.4487E-07 4.9122E+04 2.0000E+003521 8454  293
 2.4708E-08 1.5022E-07 4.9123E+04 0.0000E+00 3.5154E-07 1.2199E-063521 8454  294
 4.9123E+04 1.0000E+00 1.2115E-07 4.2038E-07 4.9124E+04 0.0000E+003521 8454  295
 4.5902E-07 1.5285E-06 4.9124E+04 1.0000E+00 8.8617E-07 2.9510E-063521 8454  296
 4.9125E+04 0.0000E+00 2.1423E-06 6.8983E-06 4.9125E+04 1.0000E+003521 8454  297
 7.3827E-07 2.3772E-06 4.9126E+04 0.0000E+00 2.3662E-06 6.5306E-063521 8454  298
 4.9126E+04 1.0000E+00 4.5681E-06 1.2608E-05 4.9127E+04 0.0000E+003521 8454  299
 2.0860E-05 4.2972E-05 4.9127E+04 1.0000E+00 7.1887E-06 1.4809E-053521 8454  300
 4.9128E+04 0.0000E+00 5.0794E-05 8.2285E-05 4.9128E+04 1.0000E+003521 8454  301
 2.6310E-05 4.2622E-05 4.9129E+04 0.0000E+00 1.0579E-04 1.8937E-043521 8454  302
 4.9129E+04 1.0000E+00 3.6458E-05 6.5259E-05 4.9130E+04 0.0000E+003521 8454  303
 5.2934E-05 5.2929E-03 4.9130E+04 1.0000E+00 7.9169E-05 7.9161E-033521 8454  304
 4.9130E+04 2.0000E+00 2.2174E-05 2.2172E-03 4.9131E+04 0.0000E+003521 8454  305
 5.9050E-05 4.9897E-04 4.9131E+04 1.0000E+00 2.0349E-05 1.7195E-043521 8454  306
 4.9131E+04 2.0000E+00 1.2079E-05 1.0207E-04 4.9132E+04 0.0000E+003521 8454  307
 2.8271E-05 1.6086E-04 4.9133E+04 0.0000E+00 4.4175E-06 5.1729E-053521 8454  308
 4.9134E+04 0.0000E+00 1.3201E-04 3.0995E-04 4.9135E+04 0.0000E+003521 8454  309
 1.5428E-05 7.8057E-05 5.0115E+04 0.0000E+00 0.0000E+00 0.0000E+003521 8454  310
 5.0117E+04 0.0000E+00 0.0000E+00 0.0000E+00 5.0117E+04 1.0000E+003521 8454  311
 0.0000E+00 0.0000E+00 5.0118E+04 0.0000E+00 5.9089E-17 5.9083E-153521 8454  312
 5.0119E+04 0.0000E+00 1.8095E-15 1.8094E-13 5.0119E+04 1.0000E+003521 8454  313
 4.5569E-15 4.5564E-13 5.0120E+04 0.0000E+00 3.8416E-13 1.1390E-113521 8454  314
 5.0121E+04 0.0000E+00 5.3334E-12 1.5782E-10 5.0121E+04 1.0000E+003521 8454  315
 8.3671E-12 2.4758E-10 5.0122E+04 0.0000E+00 2.9976E-10 2.2482E-093521 8454  316
 5.0123E+04 0.0000E+00 2.5193E-09 2.0079E-08 5.0123E+04 1.0000E+003521 8454  317
 1.6059E-09 1.2799E-08 5.0124E+04 0.0000E+00 3.6760E-08 8.9695E-083521 8454  318
 5.0125E+04 0.0000E+00 1.4645E-07 5.3749E-07 5.0125E+04 1.0000E+003521 8454  319
 9.3354E-08 3.4261E-07 5.0126E+04 0.0000E+00 1.7086E-06 2.4775E-063521 8454  320
 5.0127E+04 0.0000E+00 6.6663E-06 1.5866E-05 5.0127E+04 1.0000E+003521 8454  321
 4.2493E-06 1.0113E-05 5.0128E+04 0.0000E+00 3.4398E-05 5.4349E-053521 8454  322
 5.0128E+04 1.0000E+00 5.1446E-05 8.1284E-05 5.0129E+04 0.0000E+003521 8454  323
 1.8421E-04 2.0079E-04 5.0129E+04 1.0000E+00 2.8899E-04 3.1500E-043521 8454  324
 5.0130E+04 0.0000E+00 7.2287E-04 7.2280E-02 5.0130E+04 1.0000E+003521 8454  325
 1.0811E-03 1.0810E-01 5.0131E+04 0.0000E+00 1.8940E-03 1.8938E-013521 8454  326
 5.0131E+04 1.0000E+00 2.9714E-03 2.9711E-01 5.0132E+04 0.0000E+003521 8454  327
 9.0645E-03 9.0636E-01 5.0133E+04 0.0000E+00 1.0787E-02 1.0785E+003521 8454  328
 5.0134E+04 0.0000E+00 1.1138E-02 4.9008E-03 5.0135E+04 0.0000E+003521 8454  329
 3.7354E-03 3.0630E-03 5.0136E+04 0.0000E+00 8.1081E-04 1.3693E-033521 8454  330
 5.0137E+04 0.0000E+00 6.9193E-05 2.5250E-04 5.1121E+04 0.0000E+003521 8454  331
 5.1364E-16 4.5442E-14 5.1123E+04 0.0000E+00 1.7687E-12 3.8505E-113521 8454  332
 5.1124E+04 0.0000E+00 2.0007E-11 6.4702E-10 5.1124E+04 1.0000E+003521 8454  333
 2.2832E-11 7.3840E-10 5.1124E+04 2.0000E+00 1.0363E-11 3.3514E-103521 8454  334
 5.1125E+04 0.0000E+00 1.1705E-09 6.3439E-09 5.1126E+04 0.0000E+003521 8454  335
 4.5643E-09 3.8933E-08 5.1126E+04 1.0000E+00 1.4577E-08 1.2434E-073521 8454  336
 5.1126E+04 2.0000E+00 8.8117E-09 7.5164E-08 5.1127E+04 0.0000E+003521 8454  337
 1.4464E-09 2.4849E-08 5.1128E+04 0.0000E+00 5.3432E-08 9.6124E-073521 8454  338
 5.1128E+04 1.0000E+00 2.2383E-08 4.0266E-07 5.1129E+04 0.0000E+003521 8454  339
 1.6507E-06 1.5319E-05 5.1129E+04 1.0000E+00 9.0991E-07 8.4440E-063521 8454  340
 5.1130E+04 0.0000E+00 3.6133E-05 1.7163E-04 5.1130E+04 1.0000E+003521 8454  341
 1.5136E-05 7.1896E-05 5.1131E+04 0.0000E+00 5.8997E-04 5.8991E-023521 8454  342
 5.1132E+04 0.0000E+00 2.7320E-03 2.7318E-01 5.1132E+04 1.0000E+003521 8454  343
 1.1445E-03 1.1443E-01 5.1133E+04 0.0000E+00 1.4867E-02 1.4866E+003521 8454  344
 5.1134E+04 0.0000E+00 9.7472E-03 4.1913E-03 5.1134E+04 1.0000E+003521 8454  345
 1.4578E-02 6.2685E-03 5.1135E+04 0.0000E+00 3.3951E-02 7.8087E-033521 8454  346
 5.1136E+04 0.0000E+00 1.8877E-02 6.2294E-03 5.1137E+04 0.0000E+003521 8454  347
 8.2382E-03 4.9429E-03 5.1138E+04 0.0000E+00 1.3130E-03 1.5848E-033521 8454  348
 5.1139E+04 0.0000E+00 1.4648E-04 3.7923E-04 5.2124E+04 0.0000E+003521 8454  349
 3.5103E-15 2.2466E-13 5.2125E+04 0.0000E+00 7.7501E-14 4.8004E-123521 8454  350
 5.2125E+04 1.0000E+00 1.9517E-13 1.2089E-11 5.2126E+04 0.0000E+003521 8454  351
 2.3339E-11 3.4495E-10 5.2127E+04 0.0000E+00 0.0000E+00 0.0000E+003521 8454  352
 5.2127E+04 1.0000E+00 0.0000E+00 0.0000E+00 5.2128E+04 0.0000E+003521 8454  353
 1.8282E-15 1.8280E-13 5.2129E+04 0.0000E+00 2.1170E-13 2.1168E-113521 8454  354
 5.2129E+04 1.0000E+00 3.3211E-13 3.3208E-11 5.2130E+04 0.0000E+003521 8454  355
 9.8869E-11 6.6351E-09 5.2131E+04 0.0000E+00 3.7008E-09 2.4562E-073521 8454  356
 5.2131E+04 1.0000E+00 6.7139E-09 4.4560E-07 5.2132E+04 0.0000E+003521 8454  357
 6.0886E-07 9.8696E-06 5.2133E+04 0.0000E+00 7.4337E-06 7.4330E-043521 8454  358
 5.2133E+04 1.0000E+00 1.1662E-05 1.1661E-03 5.2134E+04 0.0000E+003521 8454  359
 7.3893E-03 7.3886E-01 5.2135E+04 0.0000E+00 2.2650E-02 2.2648E+003521 8454  360
 5.2136E+04 0.0000E+00 4.9925E-02 1.0983E-02 5.2137E+04 0.0000E+003521 8454  361
 5.0615E-02 1.0123E-02 5.2138E+04 0.0000E+00 3.6849E-02 9.9492E-033521 8454  362
 5.2139E+04 0.0000E+00 1.1717E-02 5.2727E-03 5.2140E+04 0.0000E+003521 8454  363
 2.9879E-03 2.5642E-03 5.2141E+04 0.0000E+00 3.8385E-04 6.9434E-043521 8454  364
 5.2142E+04 0.0000E+00 4.3791E-05 1.7515E-04 5.3127E+04 0.0000E+003521 8454  365
 0.0000E+00 0.0000E+00 5.3129E+04 0.0000E+00 0.0000E+00 0.0000E+003521 8454  366
 5.3131E+04 0.0000E+00 0.0000E+00 0.0000E+00 5.3132E+04 0.0000E+003521 8454  367
 9.7974E-16 9.7964E-14 5.3133E+04 0.0000E+00 5.3268E-13 5.3263E-113521 8454  368
 5.3133E+04 1.0000E+00 1.7924E-13 1.7922E-11 5.3134E+04 0.0000E+003521 8454  369
 3.8557E-05 3.8553E-03 5.3134E+04 1.0000E+00 1.6151E-05 1.6150E-033521 8454  370
 5.3135E+04 0.0000E+00 7.3462E-04 7.3455E-02 5.3136E+04 0.0000E+003521 8454  371
 1.7911E-03 1.7909E-01 5.3136E+04 1.0000E+00 2.0440E-03 2.0438E-013521 8454  372
 5.3137E+04 0.0000E+00 1.5905E-02 6.6802E-03 5.3138E+04 0.0000E+003521 8454  373
 2.5758E-02 6.9545E-03 5.3139E+04 0.0000E+00 3.3504E-02 7.0359E-033521 8454  374
 5.3140E+04 0.0000E+00 2.0992E-02 5.0380E-03 5.3141E+04 0.0000E+003521 8454  375
 1.3383E-02 4.5502E-03 5.3142E+04 0.0000E+00 4.7423E-03 2.8928E-033521 8454  376
 5.3143E+04 0.0000E+00 1.6103E-03 2.0100E-03 5.3144E+04 0.0000E+003521 8454  377
 1.9512E-04 5.3831E-04 5.4131E+04 0.0000E+00 0.0000E+00 0.0000E+003521 8454  378
 5.4131E+04 1.0000E+00 0.0000E+00 0.0000E+00 5.4132E+04 0.0000E+003521 8454  379
 0.0000E+00 0.0000E+00 5.4133E+04 0.0000E+00 0.0000E+00 0.0000E+003521 8454  380
 5.4133E+04 1.0000E+00 0.0000E+00 0.0000E+00 5.4134E+04 0.0000E+003521 8454  381
 1.2331E-08 4.9507E-07 5.4134E+04 1.0000E+00 1.8442E-08 7.4043E-073521 8454  382
 5.4135E+04 0.0000E+00 4.1738E-07 8.2641E-06 5.4135E+04 1.0000E+003521 8454  383
 6.5478E-07 1.2965E-05 5.4136E+04 0.0000E+00 2.6399E-05 2.6396E-033521 8454  384
 5.4137E+04 0.0000E+00 2.8565E-04 6.7413E-04 5.4138E+04 0.0000E+003521 8454  385
 2.1107E-03 2.4695E-03 5.4139E+04 0.0000E+00 6.6681E-03 4.0009E-033521 8454  386
 5.4140E+04 0.0000E+00 1.7470E-02 6.1145E-03 5.4141E+04 0.0000E+003521 8454  387
 2.5744E-02 6.4360E-03 5.4142E+04 0.0000E+00 4.0012E-02 8.4025E-033521 8454  388
 5.4143E+04 0.0000E+00 3.6931E-02 9.6020E-03 5.4144E+04 0.0000E+003521 8454  389
 2.4979E-02 1.0741E-02 5.4145E+04 0.0000E+00 5.7761E-03 4.9571E-033521 8454  390
 5.4146E+04 0.0000E+00 7.9670E-04 1.5053E-03 5.4147E+04 0.0000E+003521 8454  391
 3.9614E-05 1.7072E-04 5.5133E+04 0.0000E+00 0.0000E+00 0.0000E+003521 8454  392
 5.5134E+04 0.0000E+00 2.1135E-13 2.1133E-11 5.5134E+04 1.0000E+003521 8454  393
 5.6050E-14 5.6044E-12 5.5135E+04 0.0000E+00 3.1680E-11 3.1677E-093521 8454  394
 5.5135E+04 1.0000E+00 1.0660E-11 1.0659E-09 5.5136E+04 0.0000E+003521 8454  395
 2.0695E-09 1.3505E-07 5.5136E+04 1.0000E+00 6.4797E-10 4.2286E-083521 8454  396
 5.5137E+04 0.0000E+00 1.4091E-07 2.2488E-06 5.5138E+04 0.0000E+003521 8454  397
 1.5091E-06 2.3390E-05 5.5138E+04 1.0000E+00 1.3060E-06 2.0244E-053521 8454  398
 5.5139E+04 0.0000E+00 4.3238E-05 1.6214E-04 5.5140E+04 0.0000E+003521 8454  399
 3.0120E-04 5.4819E-04 5.5141E+04 0.0000E+00 2.0398E-03 1.8359E-033521 8454  400
 5.5142E+04 0.0000E+00 7.7023E-03 3.6201E-03 5.5143E+04 0.0000E+003521 8454  401
 2.9980E-02 8.3943E-03 5.5144E+04 0.0000E+00 4.8608E-02 9.7216E-033521 8454  402
 5.5144E+04 1.0000E+00 0.0000E+00 0.0000E+00 5.5145E+04 0.0000E+003521 8454  403
 5.2931E-02 1.1645E-02 5.5146E+04 0.0000E+00 2.2034E-02 7.0508E-033521 8454  404
 5.5147E+04 0.0000E+00 6.8436E-03 4.1061E-03 5.5148E+04 0.0000E+003521 8454  405
 7.1029E-04 9.1499E-04 5.5149E+04 0.0000E+00 4.6629E-05 1.3706E-043521 8454  406
 5.5150E+04 0.0000E+00 8.9799E-07 6.2498E-06 5.5151E+04 0.0000E+003521 8454  407
 8.1416E-09 1.3702E-07 5.6134E+04 0.0000E+00 0.0000E+00 0.0000E+003521 8454  408
 5.6136E+04 0.0000E+00 6.6826E-15 6.6820E-13 5.6137E+04 0.0000E+003521 8454  409
 6.4767E-13 6.4760E-11 5.6137E+04 1.0000E+00 1.6310E-12 1.6308E-103521 8454  410
 5.6138E+04 0.0000E+00 2.2176E-10 1.1982E-08 5.6139E+04 0.0000E+003521 8454  411
 9.4660E-09 2.4914E-07 5.6140E+04 0.0000E+00 3.3571E-07 4.2703E-063521 8454  412
 5.6141E+04 0.0000E+00 6.5088E-06 3.9769E-05 5.6142E+04 0.0000E+003521 8454  413
 1.2584E-04 3.6745E-04 5.6143E+04 0.0000E+00 1.3591E-03 1.9027E-033521 8454  414
 5.6144E+04 0.0000E+00 1.0452E-02 7.2117E-03 5.6145E+04 0.0000E+003521 8454  415
 2.8447E-02 1.0525E-02 5.6146E+04 0.0000E+00 5.2276E-02 1.2546E-023521 8454  416
 5.6147E+04 0.0000E+00 4.2294E-02 8.4588E-03 5.6148E+04 0.0000E+003521 8454  417
 2.3357E-02 6.3065E-03 5.6149E+04 0.0000E+00 5.3339E-03 2.4002E-033521 8454  418
 5.6150E+04 0.0000E+00 7.4315E-04 6.6884E-04 5.6151E+04 0.0000E+003521 8454  419
 3.0689E-05 6.1685E-05 5.6152E+04 0.0000E+00 6.7029E-07 3.1704E-063521 8454  420
 5.6153E+04 0.0000E+00 5.2817E-09 6.0739E-08 5.7139E+04 0.0000E+003521 8454  421
 4.0800E-14 4.0796E-12 5.7140E+04 0.0000E+00 3.9743E-12 3.6468E-103521 8454  422
 5.7141E+04 0.0000E+00 3.9164E-10 1.7439E-08 5.7142E+04 0.0000E+003521 8454  423
 2.1994E-08 4.7090E-07 5.7143E+04 0.0000E+00 1.2650E-06 1.2903E-053521 8454  424
 5.7144E+04 0.0000E+00 2.9072E-05 1.4013E-04 5.7145E+04 0.0000E+003521 8454  425
 4.1984E-04 9.5303E-04 5.7146E+04 0.0000E+00 1.0226E-03 2.2089E-033521 8454  426
 5.7146E+04 1.0000E+00 1.1671E-03 2.5209E-03 5.7147E+04 0.0000E+003521 8454  427
 8.4872E-03 4.5831E-03 5.7148E+04 0.0000E+00 1.1870E-02 3.7983E-033521 8454  428
 5.7149E+04 0.0000E+00 1.2494E-02 3.2486E-03 5.7150E+04 0.0000E+003521 8454  429
 4.9525E-03 1.4858E-03 5.7151E+04 0.0000E+00 1.2300E-03 5.2892E-043521 8454  430
 5.7152E+04 0.0000E+00 1.0625E-04 7.7564E-05 5.7153E+04 0.0000E+003521 8454  431
 6.8484E-06 9.9302E-06 5.7154E+04 0.0000E+00 1.3358E-07 4.3405E-073521 8454  432
 5.7155E+04 0.0000E+00 1.2531E-09 9.6865E-09 5.8140E+04 0.0000E+003521 8454  433
 0.0000E+00 0.0000E+00 5.8141E+04 0.0000E+00 6.1238E-16 6.1231E-143521 8454  434
 5.8142E+04 0.0000E+00 1.7610E-13 1.7609E-11 5.8143E+04 0.0000E+003521 8454  435
 2.9886E-11 2.3027E-09 5.8144E+04 0.0000E+00 3.7640E-09 1.3844E-073521 8454  436
 5.8145E+04 0.0000E+00 1.7058E-07 2.9612E-06 5.8146E+04 0.0000E+003521 8454  437
 5.1147E-06 4.1480E-05 5.8147E+04 0.0000E+00 6.3598E-05 2.3913E-043521 8454  438
 5.8148E+04 0.0000E+00 5.0034E-04 8.7059E-04 5.8149E+04 0.0000E+003521 8454  439
 1.5563E-03 1.2917E-03 5.8150E+04 0.0000E+00 3.0413E-03 1.4294E-033521 8454  440
 5.8151E+04 0.0000E+00 1.9970E-03 7.7882E-04 5.8152E+04 0.0000E+003521 8454  441
 8.6607E-04 3.8973E-04 5.8153E+04 0.0000E+00 1.8060E-04 1.1558E-043521 8454  442
 5.8154E+04 0.0000E+00 2.4503E-05 2.3523E-05 5.8155E+04 0.0000E+003521 8454  443
 1.0449E-06 1.6404E-06 5.8156E+04 0.0000E+00 2.4285E-08 7.0176E-083521 8454  444
 5.8157E+04 0.0000E+00 1.8274E-10 1.0855E-09 5.9141E+04 0.0000E+003521 8454  445
 0.0000E+00 0.0000E+00 5.9143E+04 0.0000E+00 1.0028E-17 1.0027E-153521 8454  446
 5.9144E+04 0.0000E+00 5.2173E-16 5.2167E-14 5.9144E+04 1.0000E+003521 8454  447
 3.1425E-15 3.1421E-13 5.9145E+04 0.0000E+00 9.0065E-13 9.0056E-113521 8454  448
 5.9146E+04 0.0000E+00 8.4720E-11 5.4526E-09 5.9147E+04 0.0000E+003521 8454  449
 6.1533E-09 1.8521E-07 5.9148E+04 0.0000E+00 4.2837E-08 1.1913E-063521 8454  450
 5.9148E+04 1.0000E+00 1.1912E-07 3.3127E-06 5.9149E+04 0.0000E+003521 8454  451
 3.0756E-06 1.9561E-05 5.9150E+04 0.0000E+00 2.0254E-05 5.8533E-053521 8454  452
 5.9151E+04 0.0000E+00 7.7020E-05 1.0398E-04 5.9152E+04 0.0000E+003521 8454  453
 9.9285E-05 7.4463E-05 5.9153E+04 0.0000E+00 1.0206E-04 6.8382E-053521 8454  454
 5.9154E+04 0.0000E+00 3.7681E-05 3.3536E-05 5.9155E+04 0.0000E+003521 8454  455
 8.7128E-06 1.1501E-05 5.9156E+04 0.0000E+00 7.3028E-07 1.5263E-063521 8454  456
 5.9157E+04 0.0000E+00 4.2759E-08 1.4709E-07 5.9158E+04 0.0000E+003521 8454  457
 8.0156E-10 4.7492E-09 5.9159E+04 0.0000E+00 9.8785E-12 1.0638E-103521 8454  458
 6.0143E+04 0.0000E+00 0.0000E+00 0.0000E+00 6.0144E+04 0.0000E+003521 8454  459
 0.0000E+00 0.0000E+00 6.0145E+04 0.0000E+00 0.0000E+00 0.0000E+003521 8454  460
 6.0146E+04 0.0000E+00 4.9421E-17 4.9416E-15 6.0147E+04 0.0000E+003521 8454  461
 1.1347E-14 1.1346E-12 6.0148E+04 0.0000E+00 1.7712E-12 1.7711E-103521 8454  462
 6.0149E+04 0.0000E+00 1.1566E-10 6.1371E-09 6.0150E+04 0.0000E+003521 8454  463
 4.8773E-09 1.1837E-07 6.0151E+04 0.0000E+00 6.7765E-08 7.4338E-073521 8454  464
 6.0152E+04 0.0000E+00 5.7638E-07 2.8416E-06 6.0153E+04 0.0000E+003521 8454  465
 2.1153E-06 4.8229E-06 6.0154E+04 0.0000E+00 4.6574E-06 6.1478E-063521 8454  466
 6.0155E+04 0.0000E+00 3.2231E-06 4.4801E-06 6.0156E+04 0.0000E+003521 8454  467
 1.3526E-06 2.8135E-06 6.0157E+04 0.0000E+00 2.2865E-07 7.7511E-073521 8454  468
 6.0158E+04 0.0000E+00 2.5845E-08 1.4990E-07 6.0159E+04 0.0000E+003521 8454  469
 1.3101E-09 1.3559E-08 6.0160E+04 0.0000E+00 3.6976E-11 7.1147E-103521 8454  470
 6.0161E+04 0.0000E+00 1.0358E-13 3.8822E-12 6.1147E+04 0.0000E+003521 8454  471
 0.0000E+00 0.0000E+00 6.1149E+04 0.0000E+00 3.8723E-17 3.8719E-153521 8454  472
 6.1151E+04 0.0000E+00 4.9112E-13 4.6824E-11 6.1152E+04 0.0000E+003521 8454  473
 3.9546E-12 3.9542E-10 6.1152E+04 1.0000E+00 1.0997E-11 1.0996E-093521 8454  474
 6.1152E+04 2.0000E+00 4.6841E-13 4.6836E-11 6.1153E+04 0.0000E+003521 8454  475
 3.8690E-10 7.5175E-09 6.1154E+04 0.0000E+00 4.6831E-10 8.1393E-093521 8454  476
 6.1154E+04 1.0000E+00 2.8207E-09 4.9025E-08 6.1155E+04 0.0000E+003521 8454  477
 1.5602E-08 6.3188E-08 6.1156E+04 0.0000E+00 2.3688E-08 6.3485E-083521 8454  478
 6.1157E+04 0.0000E+00 2.3557E-08 8.1979E-08 6.1158E+04 0.0000E+003521 8454  479
 7.7915E-09 4.5268E-08 6.1159E+04 0.0000E+00 1.9895E-09 2.0572E-083521 8454  480
 6.1160E+04 0.0000E+00 1.9098E-10 3.6726E-09 6.1161E+04 0.0000E+003521 8454  481
 9.4954E-12 3.5427E-10 6.1162E+04 0.0000E+00 6.0175E-14 4.5432E-123521 8454  482
 6.2147E+04 0.0000E+00 0.0000E+00 0.0000E+00 6.2149E+04 0.0000E+003521 8454  483
 0.0000E+00 0.0000E+00 6.2151E+04 0.0000E+00 0.0000E+00 0.0000E+003521 8454  484
 6.2152E+04 0.0000E+00 1.0078E-17 1.0077E-15 6.2153E+04 0.0000E+003521 8454  485
 3.6563E-16 3.6560E-14 6.2154E+04 0.0000E+00 5.5457E-14 4.4072E-123521 8454  486
 6.2155E+04 0.0000E+00 1.0511E-12 3.7452E-11 6.2156E+04 0.0000E+003521 8454  487
 1.1712E-11 1.8705E-10 6.2157E+04 0.0000E+00 4.7755E-11 3.7106E-103521 8454  488
 6.2158E+04 0.0000E+00 1.1327E-10 7.4420E-10 6.2159E+04 0.0000E+003521 8454  489
 1.0731E-10 1.1192E-09 6.2160E+04 0.0000E+00 5.7499E-11 1.1063E-093521 8454  490
 6.2161E+04 0.0000E+00 1.0537E-11 3.9315E-10 6.2162E+04 0.0000E+003521 8454  491
 1.1381E-12 8.5928E-11 6.2163E+04 0.0000E+00 5.7594E-14 5.7589E-123521 8454  492
 6.3151E+04 0.0000E+00 0.0000E+00 0.0000E+00 6.3153E+04 0.0000E+003521 8454  493
 0.0000E+00 0.0000E+00 6.3155E+04 0.0000E+00 0.0000E+00 0.0000E+003521 8454  494
 6.3156E+04 0.0000E+00 1.6311E-17 1.6310E-15 6.3157E+04 0.0000E+003521 8454  495
 4.8597E-16 3.3143E-14 6.3158E+04 0.0000E+00 4.8339E-15 1.4917E-133521 8454  496
 6.3159E+04 0.0000E+00 3.5214E-14 5.9546E-13 6.3160E+04 0.0000E+003521 8454  497
 4.5554E-14 9.3659E-13 6.3161E+04 0.0000E+00 1.9733E-14 7.4354E-133521 8454  498
 6.3162E+04 0.0000E+00 3.9990E-15 3.0220E-13 6.4155E+04 0.0000E+003521 8454  499
 0.0000E+00 0.0000E+00 6.4156E+04 0.0000E+00 0.0000E+00 0.0000E+003521 8454  500
 6.4157E+04 0.0000E+00 0.0000E+00 0.0000E+00 6.4158E+04 0.0000E+003521 8454  501
 0.0000E+00 0.0000E+00 6.4159E+04 0.0000E+00 0.0000E+00 0.0000E+003521 8454  502
 6.4160E+04 0.0000E+00 0.0000E+00 0.0000E+00 6.4161E+04 0.0000E+003521 8454  503
 0.0000E+00 0.0000E+00 6.4162E+04 0.0000E+00 0.0000E+00 0.0000E+003521 8454  504
 6.5159E+04 0.0000E+00 0.0000E+00 0.0000E+00 6.5161E+04 0.0000E+003521 8454  505
 0.0000E+00 0.0000E+00 6.5162E+04 0.0000E+00 0.0000E+00 0.0000E+003521 8454  506
 6.6161E+04 0.0000E+00 0.0000E+00 0.0000E+00 6.6162E+04 0.0000E+003521 8454  507
 0.0000E+00 0.0000E+00 0.0000E+00 0.0000E+00 0.0000E+00 0.0000E+003521 8454  508
 0.0000E+00 0.0000E+00          0          0          0          03521 8  099999
 9.1238E+04 2.3596E+02          1          0          0          03521 8459    1
 0.0000E+00 0.0000E+00          0          0       3032        7583521 8459    2
 2.9074E+04 0.0000E+00 2.8936E-13 2.8933E-11 2.9075E+04 0.0000E+003521 8459    3
 2.8863E-12 1.4409E-10 2.9076E+04 0.0000E+00 1.1605E-11 2.9338E-103521 8459    4
 2.9077E+04 0.0000E+00 7.9603E-11 1.0659E-09 2.9078E+04 0.0000E+003521 8459    5
 9.0808E-11 7.0013E-10 2.9079E+04 0.0000E+00 6.1455E-11 4.1175E-103521 8459    6
 2.9080E+04 0.0000E+00 1.6158E-11 1.9486E-10 3.0074E+04 0.0000E+003521 8459    7
 4.5080E-13 4.5075E-11 3.0075E+04 0.0000E+00 6.5321E-12 3.2608E-103521 8459    8
 3.0076E+04 0.0000E+00 9.3199E-11 2.3560E-09 3.0077E+04 0.0000E+003521 8459    9
 8.1032E-10 1.0826E-08 3.0077E+04 1.0000E+00 1.4913E-10 3.9832E-093521 8459   10
 3.0078E+04 0.0000E+00 6.0242E-09 4.4338E-08 3.0079E+04 0.0000E+003521 8459   11
 1.5654E-08 6.6527E-08 3.0080E+04 0.0000E+00 3.0128E-08 8.5261E-083521 8459   12
 3.0081E+04 0.0000E+00 1.8839E-08 6.1416E-08 3.0082E+04 0.0000E+003521 8459   13
 6.7334E-09 4.3834E-08 3.0083E+04 0.0000E+00 8.6705E-10 1.2564E-083521 8459   14
 3.1074E+04 0.0000E+00 3.3810E-13 3.3806E-11 3.1074E+04 1.0000E+003521 8459   15
 4.5080E-13 4.5080E-13 3.1075E+04 0.0000E+00 6.5355E-12 3.2625E-103521 8459   16
 3.1076E+04 0.0000E+00 9.5267E-11 2.4083E-09 3.1077E+04 0.0000E+003521 8459   17
 1.2271E-09 1.6382E-08 3.1078E+04 0.0000E+00 1.3362E-08 9.8338E-083521 8459   18
 3.1079E+04 0.0000E+00 1.1185E-07 4.7312E-07 3.1080E+04 0.0000E+003521 8459   19
 6.1306E-07 1.5511E-06 3.1081E+04 0.0000E+00 2.3034E-06 3.7085E-063521 8459   20
 3.1082E+04 0.0000E+00 3.0728E-06 3.9025E-06 3.1083E+04 0.0000E+003521 8459   21
 2.7302E-06 4.8598E-06 3.1084E+04 0.0000E+00 8.4246E-07 3.1087E-063521 8459   22
 3.1085E+04 0.0000E+00 1.5079E-07 1.2335E-06 3.1086E+04 0.0000E+003521 8459   23
 1.0310E-08 1.8703E-07 3.2074E+04 0.0000E+00 4.5080E-13 4.5075E-113521 8459   24
 3.2075E+04 0.0000E+00 6.5354E-12 3.2625E-10 3.2075E+04 1.0000E+003521 8459   25
 2.6142E-13 1.3050E-11 3.2076E+04 0.0000E+00 9.5267E-11 2.4083E-093521 8459   26
 3.2077E+04 0.0000E+00 2.3421E-10 3.1267E-09 3.2077E+04 1.0000E+003521 8459   27
 1.2273E-09 3.4327E-08 3.2078E+04 0.0000E+00 1.3669E-08 1.0061E-073521 8459   28
 3.2079E+04 0.0000E+00 1.1380E-07 4.8138E-07 3.2079E+04 1.0000E+003521 8459   29
 8.4478E-09 3.5733E-08 3.2080E+04 0.0000E+00 1.2195E-06 3.0853E-063521 8459   30
 3.2081E+04 0.0000E+00 4.1235E-06 1.0556E-05 3.2081E+04 1.0000E+003521 8459   31
 2.2162E-06 3.5015E-06 3.2082E+04 0.0000E+00 2.8753E-05 2.9616E-053521 8459   32
 3.2083E+04 0.0000E+00 7.4429E-05 5.3588E-05 3.2084E+04 0.0000E+003521 8459   33
 1.3994E-04 9.5164E-05 3.2085E+04 0.0000E+00 9.1376E-05 9.5944E-053521 8459   34
 3.2086E+04 0.0000E+00 4.1119E-05 8.9229E-05 3.2087E+04 0.0000E+003521 8459   35
 6.6953E-06 3.1803E-05 3.2088E+04 0.0000E+00 6.4110E-07 6.6738E-063521 8459   36
 3.2089E+04 0.0000E+00 2.2783E-08 5.1535E-07 3.3075E+04 0.0000E+003521 8459   37
 6.5355E-12 3.2625E-10 3.3077E+04 0.0000E+00 1.2283E-09 1.6398E-083521 8459   38
 3.3078E+04 0.0000E+00 1.3670E-08 1.0061E-07 3.3079E+04 0.0000E+003521 8459   39
 1.2194E-07 5.1581E-07 3.3080E+04 0.0000E+00 1.2230E-06 3.0942E-063521 8459   40
 3.3081E+04 0.0000E+00 6.5818E-06 1.0399E-05 3.3082E+04 0.0000E+003521 8459   41
 3.1112E-05 3.2046E-05 3.3082E+04 1.0000E+00 3.5281E-06 8.1500E-063521 8459   42
 3.3083E+04 0.0000E+00 1.7337E-04 1.2136E-04 3.3084E+04 0.0000E+003521 8459   43
 5.0650E-04 2.5325E-04 3.3084E+04 1.0000E+00 6.8811E-05 6.8811E-053521 8459   44
 3.3085E+04 0.0000E+00 1.5516E-03 6.0511E-04 3.3086E+04 0.0000E+003521 8459   45
 2.1187E-03 8.6867E-04 3.3087E+04 0.0000E+00 2.0258E-03 1.3168E-033521 8459   46
 3.3088E+04 0.0000E+00 6.5603E-04 8.6597E-04 3.3089E+04 0.0000E+003521 8459   47
 1.4080E-04 3.9707E-04 3.3090E+04 0.0000E+00 1.2005E-05 7.3227E-053521 8459   48
 3.3091E+04 0.0000E+00 6.3929E-07 8.3747E-06 3.3092E+04 0.0000E+003521 8459   49
 1.2523E-08 3.4939E-07 3.4077E+04 0.0000E+00 1.2283E-09 1.6398E-083521 8459   50
 3.4078E+04 0.0000E+00 1.3670E-08 1.0061E-07 3.4079E+04 0.0000E+003521 8459   51
 1.2187E-07 5.1553E-07 3.4079E+04 1.0000E+00 1.1905E-07 5.0356E-073521 8459   52
 3.4080E+04 0.0000E+00 1.2230E-06 3.0942E-06 3.4081E+04 0.0000E+003521 8459   53
 6.5818E-06 1.0399E-05 3.4081E+04 1.0000E+00 2.3640E-07 3.7589E-073521 8459   54
 3.4082E+04 0.0000E+00 3.4670E-05 3.5710E-05 3.4083E+04 0.0000E+003521 8459   55
 6.4385E-05 4.5069E-05 3.4083E+04 1.0000E+00 1.1210E-04 7.9595E-053521 8459   56
 3.4084E+04 0.0000E+00 9.7023E-04 4.8510E-04 3.4085E+04 0.0000E+003521 8459   57
 2.4503E-03 9.0660E-04 3.4086E+04 0.0000E+00 5.3826E-03 1.5071E-033521 8459   58
 3.4087E+04 0.0000E+00 1.1236E-02 2.6968E-03 3.4088E+04 0.0000E+003521 8459   59
 1.6611E-02 4.6509E-03 3.4089E+04 0.0000E+00 1.0680E-02 4.5921E-033521 8459   60
 3.4090E+04 0.0000E+00 5.1668E-03 4.2368E-03 3.4091E+04 0.0000E+003521 8459   61
 8.8354E-04 1.5197E-03 3.4092E+04 0.0000E+00 9.8701E-05 3.6026E-043521 8459   62
 3.4093E+04 0.0000E+00 4.4643E-06 3.4598E-05 3.4094E+04 0.0000E+003521 8459   63
 1.4017E-07 2.2932E-06 3.5079E+04 0.0000E+00 6.6667E-11 2.8201E-103521 8459   64
 3.5081E+04 0.0000E+00 6.5820E-06 1.0400E-05 3.5082E+04 0.0000E+003521 8459   65
 1.2316E-12 1.2685E-12 3.5082E+04 1.0000E+00 4.9828E-13 3.9544E-113521 8459   66
 3.5083E+04 0.0000E+00 1.7649E-04 1.2354E-04 3.5084E+04 0.0000E+003521 8459   67
 9.7027E-04 4.8514E-04 3.5084E+04 1.0000E+00 6.3408E-08 8.2811E-073521 8459   68
 3.5085E+04 0.0000E+00 2.4581E-03 9.0947E-04 3.5086E+04 0.0000E+003521 8459   69
 5.5696E-03 1.6152E-03 3.5087E+04 0.0000E+00 1.4029E-02 3.3670E-033521 8459   70
 3.5088E+04 0.0000E+00 2.8875E-02 6.0638E-03 3.5089E+04 0.0000E+003521 8459   71
 4.4440E-02 8.8880E-03 3.5090E+04 0.0000E+00 4.9370E-02 1.0368E-023521 8459   72
 3.5091E+04 0.0000E+00 3.8315E-02 1.1494E-02 3.5092E+04 0.0000E+003521 8459   73
 1.2394E-02 6.6926E-03 3.5093E+04 0.0000E+00 2.9948E-03 3.2344E-033521 8459   74
 3.5094E+04 0.0000E+00 2.8072E-04 6.2601E-04 3.5095E+04 0.0000E+003521 8459   75
 1.9635E-05 9.1891E-05 3.5096E+04 0.0000E+00 7.9265E-07 7.7283E-063521 8459   76
 3.5097E+04 0.0000E+00 3.5695E-08 7.1712E-07 3.6082E+04 0.0000E+003521 8459   77
 1.2435E-12 1.2808E-12 3.6083E+04 0.0000E+00 1.7649E-04 1.2354E-043521 8459   78
 3.6083E+04 1.0000E+00 1.7633E-04 1.2519E-04 3.6084E+04 0.0000E+003521 8459   79
 9.7033E-04 4.8516E-04 3.6085E+04 0.0000E+00 5.2917E-04 2.0638E-043521 8459   80
 3.6085E+04 1.0000E+00 2.4541E-03 9.3256E-04 3.6086E+04 0.0000E+003521 8459   81
 5.9219E-03 1.6581E-03 3.6087E+04 0.0000E+00 1.5624E-02 3.5936E-033521 8459   82
 3.6088E+04 0.0000E+00 3.3556E-02 6.3755E-03 3.6089E+04 0.0000E+003521 8459   83
 5.3595E-02 9.1112E-03 3.6090E+04 0.0000E+00 6.5243E-02 1.2396E-023521 8459   84
 3.6091E+04 0.0000E+00 7.8077E-02 1.4054E-02 3.6092E+04 0.0000E+003521 8459   85
 7.3258E-02 1.3186E-02 3.6093E+04 0.0000E+00 4.0871E-02 9.8092E-033521 8459   86
 3.6094E+04 0.0000E+00 1.8458E-02 7.0142E-03 3.6095E+04 0.0000E+003521 8459   87
 3.6702E-03 2.5692E-03 3.6096E+04 0.0000E+00 7.5788E-04 1.0610E-033521 8459   88
 3.6097E+04 0.0000E+00 9.6072E-05 2.7476E-04 3.6098E+04 0.0000E+003521 8459   89
 1.0697E-05 6.2363E-05 3.6099E+04 0.0000E+00 5.6444E-07 6.6378E-063521 8459   90
 3.6100E+04 0.0000E+00 2.4250E-08 5.6721E-07 3.7085E+04 0.0000E+003521 8459   91
 2.4581E-03 9.0947E-04 3.7086E+04 0.0000E+00 2.2239E-12 6.2270E-133521 8459   92
 3.7086E+04 1.0000E+00 1.1853E-12 3.5559E-13 3.7087E+04 0.0000E+003521 8459   93
 1.5624E-02 3.5936E-03 3.7088E+04 0.0000E+00 3.3556E-02 6.3756E-033521 8459   94
 3.7089E+04 0.0000E+00 5.3606E-02 9.1130E-03 3.7090E+04 0.0000E+003521 8459   95
 5.7001E-02 8.5501E-03 3.7090E+04 1.0000E+00 8.7134E-03 2.0913E-033521 8459   96
 3.7091E+04 0.0000E+00 8.1047E-02 1.2158E-02 3.7092E+04 0.0000E+003521 8459   97
 8.5158E-02 1.3626E-02 3.7093E+04 0.0000E+00 7.4357E-02 1.4128E-023521 8459   98
 3.7094E+04 0.0000E+00 5.4580E-02 1.0916E-02 3.7095E+04 0.0000E+003521 8459   99
 3.4533E-02 7.2519E-03 3.7096E+04 0.0000E+00 1.6618E-02 4.8191E-033521 8459  100
 3.7096E+04 1.0000E+00 3.6814E-04 3.6814E-04 3.7097E+04 0.0000E+003521 8459  101
 9.5993E-03 4.6076E-03 3.7098E+04 0.0000E+00 2.7835E-03 2.4773E-033521 8459  102
 3.7098E+04 1.0000E+00 9.9791E-06 9.9791E-06 3.7099E+04 0.0000E+003521 8459  103
 6.8694E-04 1.2022E-03 3.7100E+04 0.0000E+00 7.4883E-05 2.5909E-043521 8459  104
 3.7101E+04 0.0000E+00 5.8143E-06 3.9653E-05 3.7102E+04 0.0000E+003521 8459  105
 1.9217E-07 2.5634E-06 3.8086E+04 0.0000E+00 2.2238E-12 6.2267E-133521 8459  106
 3.8088E+04 0.0000E+00 3.3556E-02 6.3756E-03 3.8089E+04 0.0000E+003521 8459  107
 5.3606E-02 9.1130E-03 3.8090E+04 0.0000E+00 6.5488E-02 9.8230E-033521 8459  108
 3.8091E+04 0.0000E+00 8.1050E-02 1.2157E-02 3.8092E+04 0.0000E+003521 8459  109
 8.6291E-02 1.2944E-02 3.8093E+04 0.0000E+00 7.9669E-02 1.1950E-023521 8459  110
 3.8094E+04 0.0000E+00 5.6750E-02 9.6476E-03 3.8095E+04 0.0000E+003521 8459  111
 4.3997E-02 8.3594E-03 3.8096E+04 0.0000E+00 3.9237E-02 7.4551E-033521 8459  112
 3.8097E+04 0.0000E+00 3.7684E-02 7.1599E-03 3.8098E+04 0.0000E+003521 8459  113
 3.9491E-02 9.0831E-03 3.8099E+04 0.0000E+00 2.2525E-02 7.4331E-033521 8459  114
 3.8100E+04 0.0000E+00 1.0601E-02 6.0421E-03 3.8101E+04 0.0000E+003521 8459  115
 2.0112E-03 2.1521E-03 3.8102E+04 0.0000E+00 2.8977E-04 5.9692E-043521 8459  116
 3.8103E+04 0.0000E+00 1.8762E-05 7.4861E-05 3.8104E+04 0.0000E+003521 8459  117
 9.6163E-14 9.6154E-12 3.9089E+04 0.0000E+00 5.3606E-02 9.1130E-033521 8459  118
 3.9089E+04 1.0000E+00 5.1676E-06 5.1671E-04 3.9090E+04 0.0000E+003521 8459  119
 6.5488E-02 9.8230E-03 3.9090E+04 1.0000E+00 1.1352E-13 1.1351E-113521 8459  120
 3.9091E+04 0.0000E+00 8.1050E-02 1.2157E-02 3.9091E+04 1.0000E+003521 8459  121
 4.7686E-02 8.5835E-03 3.9092E+04 0.0000E+00 8.6291E-02 1.2944E-023521 8459  122
 3.9093E+04 0.0000E+00 7.9669E-02 1.1950E-02 3.9093E+04 1.0000E+003521 8459  123
 1.9937E-02 3.5887E-03 3.9094E+04 0.0000E+00 5.6765E-02 9.0823E-033521 8459  124
 3.9095E+04 0.0000E+00 4.4180E-02 7.5107E-03 3.9096E+04 0.0000E+003521 8459  125
 3.9410E-02 7.0939E-03 3.9096E+04 1.0000E+00 9.9318E-04 2.2247E-033521 8459  126
 3.9097E+04 0.0000E+00 3.3946E-02 3.1230E-02 3.9097E+04 1.0000E+003521 8459  127
 1.0856E-02 2.6053E-03 3.9098E+04 0.0000E+00 4.4722E-02 2.8621E-023521 8459  128
 3.9098E+04 1.0000E+00 1.4546E-02 3.6366E-03 3.9099E+04 0.0000E+003521 8459  129
 6.8023E-02 1.2924E-02 3.9100E+04 0.0000E+00 2.2858E-02 7.7715E-033521 8459  130
 3.9100E+04 1.0000E+00 3.4273E-02 1.3710E-02 3.9101E+04 0.0000E+003521 8459  131
 3.6763E-02 9.1907E-03 3.9102E+04 0.0000E+00 1.1411E-02 4.4503E-033521 8459  132
 3.9102E+04 1.0000E+00 1.3692E-04 1.3692E-04 3.9103E+04 0.0000E+003521 8459  133
 3.0320E-03 2.0617E-03 3.9104E+04 0.0000E+00 5.6113E-06 5.5832E-053521 8459  134
 3.9105E+04 0.0000E+00 1.4526E-07 2.9502E-06 3.9106E+04 0.0000E+003521 8459  135
 1.7978E-09 7.5847E-08 3.9107E+04 0.0000E+00 1.0164E-11 9.0721E-103521 8459  136
 4.0090E+04 0.0000E+00 6.5488E-02 6.5488E-02 4.0091E+04 0.0000E+003521 8459  137
 8.1050E-02 1.2157E-02 4.0092E+04 0.0000E+00 8.6291E-02 1.2944E-023521 8459  138
 4.0093E+04 0.0000E+00 7.9669E-02 1.1950E-02 4.0094E+04 0.0000E+003521 8459  139
 5.6765E-02 9.0823E-03 4.0095E+04 0.0000E+00 4.4180E-02 7.5107E-033521 8459  140
 4.0096E+04 0.0000E+00 4.0430E-02 7.2774E-03 4.0097E+04 0.0000E+003521 8459  141
 4.5374E-02 7.7136E-03 4.0098E+04 0.0000E+00 6.0536E-02 9.6857E-033521 8459  142
 4.0099E+04 0.0000E+00 7.1388E-02 1.1422E-02 4.0100E+04 0.0000E+003521 8459  143
 7.5122E-02 1.3522E-02 4.0101E+04 0.0000E+00 6.6145E-02 1.2567E-023521 8459  144
 4.0102E+04 0.0000E+00 4.5744E-02 8.6913E-03 4.0103E+04 0.0000E+003521 8459  145
 2.2030E-02 5.0670E-03 4.0104E+04 0.0000E+00 8.5562E-03 3.8503E-033521 8459  146
 4.0105E+04 0.0000E+00 1.8237E-03 1.4589E-03 4.0106E+04 0.0000E+003521 8459  147
 2.1540E-04 3.2957E-04 4.0107E+04 0.0000E+00 1.3092E-05 4.0978E-053521 8459  148
 4.0108E+04 0.0000E+00 3.8933E-07 2.5813E-06 4.0109E+04 0.0000E+003521 8459  149
 5.6535E-09 8.0789E-08 4.0110E+04 0.0000E+00 5.2484E-08 1.3961E-073521 8459  150
 4.1095E+04 0.0000E+00 4.4154E-02 7.5061E-03 4.1095E+04 1.0000E+003521 8459  151
 4.7730E-04 9.5460E-05 4.1096E+04 0.0000E+00 9.8750E-11 1.7775E-113521 8459  152
 4.1097E+04 0.0000E+00 4.5374E-02 7.7136E-03 4.1097E+04 1.0000E+003521 8459  153
 4.3127E-02 8.6254E-03 4.1098E+04 0.0000E+00 6.0536E-02 9.6859E-033521 8459  154
 4.1098E+04 1.0000E+00 4.2120E-07 9.2959E-06 4.1099E+04 0.0000E+003521 8459  155
 4.5658E-02 6.8488E-03 4.1099E+04 1.0000E+00 2.6276E-02 4.9924E-033521 8459  156
 4.1100E+04 0.0000E+00 7.5187E-02 1.1278E-02 4.1100E+04 1.0000E+003521 8459  157
 1.7898E-04 8.6266E-04 4.1101E+04 0.0000E+00 6.7888E-02 1.0862E-023521 8459  158
 4.1102E+04 0.0000E+00 4.7966E-02 8.6339E-03 4.1102E+04 1.0000E+003521 8459  159
 2.5359E-03 3.1445E-03 4.1103E+04 0.0000E+00 3.2069E-02 6.7345E-033521 8459  160
 4.1104E+04 0.0000E+00 1.5202E-02 4.4086E-03 4.1104E+04 1.0000E+003521 8459  161
 2.4539E-03 2.1103E-03 4.1105E+04 0.0000E+00 8.0324E-03 2.4900E-033521 8459  162
 4.1106E+04 0.0000E+00 3.0475E-03 1.0666E-03 4.1107E+04 0.0000E+003521 8459  163
 9.0306E-04 4.2443E-04 4.1108E+04 0.0000E+00 1.8780E-04 1.2582E-043521 8459  164
 4.1109E+04 0.0000E+00 2.4637E-05 2.5130E-05 4.1110E+04 0.0000E+003521 8459  165
 3.0169E-06 3.8314E-06 4.1111E+04 0.0000E+00 2.0871E-07 3.8402E-073521 8459  166
 4.1112E+04 0.0000E+00 1.4168E-08 4.2078E-08 4.1113E+04 0.0000E+003521 8459  167
 6.4227E-10 3.9628E-09 4.2095E+04 0.0000E+00 4.4180E-02 4.4180E-023521 8459  168
 4.2096E+04 0.0000E+00 9.8750E-11 1.7775E-11 4.2097E+04 0.0000E+003521 8459  169
 4.5374E-02 7.7136E-03 4.2098E+04 0.0000E+00 6.0537E-02 9.6859E-033521 8459  170
 4.2099E+04 0.0000E+00 7.1409E-02 1.0711E-02 4.2100E+04 0.0000E+003521 8459  171
 7.5366E-02 1.1305E-02 4.2101E+04 0.0000E+00 6.7891E-02 1.0863E-023521 8459  172
 4.2102E+04 0.0000E+00 5.0547E-02 8.5930E-03 4.2103E+04 0.0000E+003521 8459  173
 3.2326E-02 6.1419E-03 4.2104E+04 0.0000E+00 1.7789E-02 3.9136E-033521 8459  174
 4.2105E+04 0.0000E+00 8.0681E-03 2.0977E-03 4.2106E+04 0.0000E+003521 8459  175
 3.0565E-03 1.0392E-03 4.2107E+04 0.0000E+00 9.9172E-04 4.3636E-043521 8459  176
 4.2108E+04 0.0000E+00 2.8187E-04 1.7194E-04 4.2109E+04 0.0000E+003521 8459  177
 6.9435E-05 5.9715E-05 4.2110E+04 0.0000E+00 1.3031E-05 1.5898E-053521 8459  178
 4.2111E+04 0.0000E+00 3.2804E-06 5.0191E-06 4.2112E+04 0.0000E+003521 8459  179
 8.7870E-07 1.4586E-06 4.2113E+04 0.0000E+00 1.6706E-07 3.1908E-073521 8459  180
 4.2114E+04 0.0000E+00 1.8164E-08 5.1766E-08 4.2115E+04 0.0000E+003521 8459  181
 1.1389E-09 6.2862E-09 4.3099E+04 0.0000E+00 7.1406E-02 1.0711E-023521 8459  182
 4.3099E+04 1.0000E+00 6.2882E-02 1.1319E-02 4.3100E+04 0.0000E+003521 8459  183
 1.9704E-12 2.9556E-13 4.3101E+04 0.0000E+00 6.7891E-02 1.0863E-023521 8459  184
 4.3102E+04 0.0000E+00 5.0547E-02 8.5930E-03 4.3102E+04 1.0000E+003521 8459  185
 7.6876E-09 3.6908E-07 4.3103E+04 0.0000E+00 3.2326E-02 6.1419E-033521 8459  186
 4.3104E+04 0.0000E+00 1.7789E-02 3.9136E-03 4.3105E+04 0.0000E+003521 8459  187
 8.0681E-03 2.0977E-03 4.3106E+04 0.0000E+00 3.0565E-03 1.0086E-033521 8459  188
 4.3107E+04 0.0000E+00 9.9172E-04 4.3635E-04 4.3108E+04 0.0000E+003521 8459  189
 2.8227E-04 1.7219E-04 4.3109E+04 0.0000E+00 6.9170E-05 5.9487E-053521 8459  190
 4.3110E+04 0.0000E+00 1.6554E-05 2.0195E-05 4.3111E+04 0.0000E+003521 8459  191
 6.7462E-06 1.0322E-05 4.3112E+04 0.0000E+00 4.3662E-06 7.1169E-063521 8459  192
 4.3113E+04 0.0000E+00 2.6412E-06 4.2787E-06 4.3114E+04 0.0000E+003521 8459  193
 1.0347E-06 1.6865E-06 4.3115E+04 0.0000E+00 2.4297E-07 4.4220E-073521 8459  194
 4.3116E+04 0.0000E+00 3.4461E-08 8.6499E-08 4.3117E+04 0.0000E+003521 8459  195
 3.0345E-09 1.3413E-08 4.3118E+04 0.0000E+00 1.6978E-10 1.4788E-093521 8459  196
 4.4099E+04 0.0000E+00 2.3266E-06 2.3266E-06 4.4100E+04 0.0000E+003521 8459  197
 1.9704E-12 1.9704E-12 4.4101E+04 0.0000E+00 6.7891E-02 1.0863E-023521 8459  198
 4.4102E+04 0.0000E+00 5.0547E-02 8.5930E-03 4.4103E+04 0.0000E+003521 8459  199
 3.2326E-02 6.1419E-03 4.4103E+04 1.0000E+00 5.3196E-12 5.3190E-103521 8459  200
 4.4104E+04 0.0000E+00 1.7789E-02 3.9136E-03 4.4105E+04 0.0000E+003521 8459  201
 8.0681E-03 2.0977E-03 4.4106E+04 0.0000E+00 3.0565E-03 1.0086E-033521 8459  202
 4.4107E+04 0.0000E+00 9.9172E-04 4.3635E-04 4.4108E+04 0.0000E+003521 8459  203
 2.8232E-04 1.7221E-04 4.4109E+04 0.0000E+00 6.9122E-05 5.9444E-053521 8459  204
 4.4110E+04 0.0000E+00 1.6622E-05 2.0279E-05 4.4111E+04 0.0000E+003521 8459  205
 7.1210E-06 1.0895E-05 4.4112E+04 0.0000E+00 5.6577E-06 9.2220E-063521 8459  206
 4.4113E+04 0.0000E+00 5.3389E-06 8.6489E-06 4.4114E+04 0.0000E+003521 8459  207
 4.8179E-06 7.6604E-06 4.4115E+04 0.0000E+00 3.2134E-06 5.0451E-063521 8459  208
 4.4116E+04 0.0000E+00 1.4643E-06 2.2991E-06 4.4117E+04 0.0000E+003521 8459  209
 4.3113E-07 7.3724E-07 4.4118E+04 0.0000E+00 8.1342E-08 1.7326E-073521 8459  210
 4.4119E+04 0.0000E+00 9.8535E-09 3.2812E-08 4.4120E+04 0.0000E+003521 8459  211
 7.6268E-10 4.6752E-09 4.5103E+04 0.0000E+00 3.2326E-02 3.2326E-023521 8459  212
 4.5103E+04 1.0000E+00 3.1939E-02 3.1939E-02 4.5105E+04 0.0000E+003521 8459  213
 8.0681E-03 2.0977E-03 4.5105E+04 1.0000E+00 2.2903E-03 2.2903E-033521 8459  214
 4.5106E+04 0.0000E+00 3.0565E-03 1.0086E-03 4.5107E+04 0.0000E+003521 8459  215
 9.9172E-04 4.3635E-04 4.5108E+04 0.0000E+00 2.8232E-04 1.7221E-043521 8459  216
 4.5109E+04 0.0000E+00 6.9122E-05 5.9444E-05 4.5110E+04 0.0000E+003521 8459  217
 1.6622E-05 2.0279E-05 4.5110E+04 1.0000E+00 7.3123E-11 1.8361E-093521 8459  218
 4.5111E+04 0.0000E+00 7.1226E-06 1.0898E-05 4.5112E+04 0.0000E+003521 8459  219
 5.6845E-06 9.2657E-06 4.5113E+04 0.0000E+00 5.5910E-06 9.0573E-063521 8459  220
 4.5114E+04 0.0000E+00 5.1365E-06 8.1669E-06 4.5114E+04 1.0000E+003521 8459  221
 8.6564E-07 2.8480E-06 4.5115E+04 0.0000E+00 6.1203E-06 9.6088E-063521 8459  222
 4.5116E+04 0.0000E+00 2.8418E-06 4.8878E-06 4.5116E+04 1.0000E+003521 8459  223
 2.7505E-06 8.6090E-06 4.5117E+04 0.0000E+00 4.0991E-06 6.3537E-063521 8459  224
 4.5118E+04 0.0000E+00 2.1921E-06 3.3978E-06 4.5119E+04 0.0000E+003521 8459  225
 8.0666E-07 1.3068E-06 4.5120E+04 0.0000E+00 1.9697E-07 3.6637E-073521 8459  226
 4.5121E+04 0.0000E+00 3.1093E-08 7.9600E-08 4.5122E+04 0.0000E+003521 8459  227
 3.0933E-09 1.3363E-08 4.6105E+04 0.0000E+00 8.0681E-03 8.0681E-033521 8459  228
 4.6106E+04 0.0000E+00 3.0565E-03 3.0565E-03 4.6107E+04 0.0000E+003521 8459  229
 9.9172E-04 9.9172E-04 4.6108E+04 0.0000E+00 2.8232E-04 2.8232E-043521 8459  230
 4.6109E+04 0.0000E+00 6.9122E-05 6.9122E-05 4.6109E+04 1.0000E+003521 8459  231
 3.4561E-05 3.4561E-05 4.6110E+04 0.0000E+00 1.6622E-05 2.0279E-053521 8459  232
 4.6111E+04 0.0000E+00 7.1226E-06 1.0898E-05 4.6111E+04 1.0000E+003521 8459  233
 2.2051E-13 1.3076E-11 4.6112E+04 0.0000E+00 5.6845E-06 9.2657E-063521 8459  234
 4.6113E+04 0.0000E+00 5.5923E-06 9.0595E-06 4.6113E+04 1.0000E+003521 8459  235
 8.1314E-10 8.4485E-09 4.6114E+04 0.0000E+00 6.0269E-06 9.5827E-063521 8459  236
 4.6115E+04 0.0000E+00 5.5192E-06 8.6651E-06 4.6115E+04 1.0000E+003521 8459  237
 8.8866E-07 8.8866E-07 4.6116E+04 0.0000E+00 6.5705E-06 1.0250E-053521 8459  238
 4.6117E+04 0.0000E+00 6.6803E-06 1.0354E-05 4.6118E+04 0.0000E+003521 8459  239
 6.1299E-06 9.5013E-06 4.6119E+04 0.0000E+00 4.9761E-06 7.7130E-063521 8459  240
 4.6120E+04 0.0000E+00 3.0877E-06 4.8168E-06 4.6121E+04 0.0000E+003521 8459  241
 1.3809E-06 2.1817E-06 4.6122E+04 0.0000E+00 4.1877E-07 7.2448E-073521 8459  242
 4.6123E+04 0.0000E+00 8.1588E-08 1.7297E-07 4.6124E+04 0.0000E+003521 8459  243
 9.9511E-09 3.1943E-08 4.7109E+04 0.0000E+00 6.9122E-05 6.9122E-053521 8459  244
 4.7109E+04 1.0000E+00 6.9088E-05 6.9088E-05 4.7111E+04 0.0000E+003521 8459  245
 7.0873E-06 1.0844E-05 4.7111E+04 1.0000E+00 7.0725E-06 1.0892E-053521 8459  246
 4.7112E+04 0.0000E+00 5.6845E-06 9.2657E-06 4.7113E+04 0.0000E+003521 8459  247
 3.6797E-06 5.9612E-06 4.7113E+04 1.0000E+00 5.3127E-06 8.6070E-063521 8459  248
 4.7114E+04 0.0000E+00 6.0269E-06 9.5828E-06 4.7114E+04 1.0000E+003521 8459  249
 1.4425E-11 3.6552E-10 4.7115E+04 0.0000E+00 4.5140E-06 5.2180E-053521 8459  250
 4.7115E+04 1.0000E+00 2.3085E-06 3.6475E-06 4.7116E+04 0.0000E+003521 8459  251
 6.5772E-06 1.0260E-05 4.7116E+04 1.0000E+00 9.1645E-09 5.4987E-083521 8459  252
 4.7117E+04 0.0000E+00 3.5707E-06 5.5347E-06 4.7117E+04 1.0000E+003521 8459  253
 3.4453E-06 5.3400E-06 4.7118E+04 0.0000E+00 6.0586E-06 9.3908E-063521 8459  254
 4.7118E+04 1.0000E+00 1.1611E-06 1.7996E-06 4.7119E+04 0.0000E+003521 8459  255
 4.2593E-06 6.6018E-06 4.7119E+04 1.0000E+00 2.4881E-06 2.4881E-063521 8459  256
 4.7120E+04 0.0000E+00 4.4429E-06 6.9309E-06 4.7120E+04 1.0000E+003521 8459  257
 3.0674E-06 9.6317E-06 4.7121E+04 0.0000E+00 5.4425E-06 8.5447E-063521 8459  258
 4.7122E+04 0.0000E+00 2.6681E-06 7.2039E-06 4.7122E+04 1.0000E+003521 8459  259
 1.1651E-06 3.7167E-06 4.7123E+04 0.0000E+00 2.0133E-06 3.2413E-063521 8459  260
 4.7124E+04 0.0000E+00 7.3614E-07 1.2367E-06 4.7125E+04 0.0000E+003521 8459  261
 1.9596E-07 3.6644E-07 4.7126E+04 0.0000E+00 5.3078E-08 1.2951E-073521 8459  262
 4.8111E+04 0.0000E+00 7.1226E-06 1.0898E-05 4.8112E+04 0.0000E+003521 8459  263
 5.6845E-06 9.2657E-06 4.8113E+04 0.0000E+00 5.5288E-06 8.9567E-063521 8459  264
 4.8113E+04 1.0000E+00 6.3619E-08 1.0306E-07 4.8114E+04 0.0000E+003521 8459  265
 6.0269E-06 9.5829E-06 4.8115E+04 0.0000E+00 6.0245E-06 9.4585E-063521 8459  266
 4.8115E+04 1.0000E+00 3.1320E-07 3.5830E-06 4.8116E+04 0.0000E+003521 8459  267
 6.5858E-06 1.0274E-05 4.8117E+04 0.0000E+00 5.4027E-06 8.3743E-063521 8459  268
 4.8117E+04 1.0000E+00 1.4070E-06 2.1808E-06 4.8118E+04 0.0000E+003521 8459  269
 6.7495E-06 1.0461E-05 4.8119E+04 0.0000E+00 4.6348E-06 7.1840E-063521 8459  270
 4.8119E+04 1.0000E+00 2.1661E-06 3.3574E-06 4.8120E+04 0.0000E+003521 8459  271
 6.6670E-06 1.0401E-05 4.8121E+04 0.0000E+00 5.1659E-06 8.1105E-063521 8459  272
 4.8121E+04 1.0000E+00 1.2787E-06 4.1814E-06 4.8122E+04 0.0000E+003521 8459  273
 6.0786E-06 9.6649E-06 4.8123E+04 0.0000E+00 2.9572E-06 4.7610E-063521 8459  274
 4.8123E+04 1.0000E+00 2.4210E-06 7.8196E-06 4.8124E+04 0.0000E+003521 8459  275
 4.1895E-06 6.8289E-06 4.8125E+04 0.0000E+00 1.1489E-06 2.4012E-063521 8459  276
 4.8125E+04 1.0000E+00 1.7466E-06 5.6241E-06 4.8126E+04 0.0000E+003521 8459  277
 2.3635E-06 3.3089E-06 4.8127E+04 0.0000E+00 1.0173E-07 5.5546E-073521 8459  278
 4.8128E+04 0.0000E+00 4.6417E-08 4.7717E-07 4.8129E+04 0.0000E+003521 8459  279
 1.1881E-08 2.3762E-07 4.8130E+04 0.0000E+00 1.5510E-09 6.1667E-083521 8459  280
 4.8131E+04 0.0000E+00 9.9143E-11 7.9721E-09 4.8132E+04 0.0000E+003521 8459  281
 3.0384E-12 3.0381E-10 4.9113E+04 0.0000E+00 6.3530E-08 6.3530E-083521 8459  282
 4.9115E+04 0.0000E+00 6.0365E-06 9.4772E-06 4.9115E+04 1.0000E+003521 8459  283
 6.0245E-06 9.5186E-06 4.9117E+04 0.0000E+00 4.1792E-06 6.4777E-063521 8459  284
 4.9117E+04 1.0000E+00 4.9726E-06 7.7077E-06 4.9118E+04 0.0000E+003521 8459  285
 6.7495E-06 1.0461E-05 4.9118E+04 1.0000E+00 2.0700E-12 9.6963E-113521 8459  286
 4.9118E+04 2.0000E+00 6.3077E-13 3.8799E-11 4.9119E+04 0.0000E+003521 8459  287
 2.8466E-06 4.4122E-06 4.9119E+04 1.0000E+00 4.1891E-06 6.4930E-063521 8459  288
 4.9120E+04 0.0000E+00 6.6674E-06 1.0401E-05 4.9120E+04 1.0000E+003521 8459  289
 7.8899E-10 1.2300E-08 4.9120E+04 2.0000E+00 3.4368E-10 5.3580E-093521 8459  290
 4.9121E+04 0.0000E+00 3.0150E-06 4.7335E-06 4.9121E+04 1.0000E+003521 8459  291
 3.4879E-06 5.4760E-06 4.9122E+04 0.0000E+00 6.1071E-06 9.7104E-063521 8459  292
 4.9122E+04 1.0000E+00 5.6721E-08 3.4487E-07 4.9122E+04 2.0000E+003521 8459  293
 2.4708E-08 1.5022E-07 4.9123E+04 0.0000E+00 3.6589E-06 8.7082E-063521 8459  294
 4.9123E+04 1.0000E+00 2.1919E-06 3.5289E-06 4.9124E+04 0.0000E+003521 8459  295
 4.6485E-06 7.5772E-06 4.9124E+04 1.0000E+00 8.8617E-07 2.9510E-063521 8459  296
 4.9125E+04 0.0000E+00 4.4388E-06 1.2206E-05 4.9125E+04 1.0000E+003521 8459  297
 1.3373E-06 2.1396E-06 4.9126E+04 0.0000E+00 4.7297E-06 7.3309E-063521 8459  298
 4.9126E+04 1.0000E+00 4.5681E-06 1.2608E-05 4.9127E+04 0.0000E+003521 8459  299
 2.0860E-05 2.1486E-05 4.9127E+04 1.0000E+00 7.2904E-06 1.4800E-053521 8459  300
 4.9128E+04 0.0000E+00 7.7150E-05 1.2498E-04 4.9128E+04 1.0000E+003521 8459  301
 2.6356E-05 4.2697E-05 4.9129E+04 0.0000E+00 1.0579E-04 1.8935E-043521 8459  302
 4.9129E+04 1.0000E+00 3.6470E-05 6.5280E-05 4.9130E+04 0.0000E+003521 8459  303
 5.2935E-05 2.3239E-04 4.9130E+04 1.0000E+00 7.9169E-05 3.4755E-043521 8459  304
 4.9130E+04 2.0000E+00 2.2174E-05 9.7345E-05 4.9131E+04 0.0000E+003521 8459  305
 5.9175E-05 5.0002E-04 4.9131E+04 1.0000E+00 2.0349E-05 1.7195E-043521 8459  306
 4.9131E+04 2.0000E+00 1.2079E-05 1.0207E-04 4.9132E+04 0.0000E+003521 8459  307
 2.8271E-05 1.6086E-04 4.9133E+04 0.0000E+00 4.4175E-06 5.1729E-053521 8459  308
 4.9134E+04 0.0000E+00 1.3201E-04 3.1024E-04 4.9135E+04 0.0000E+003521 8459  309
 1.5428E-05 7.7912E-05 5.0115E+04 0.0000E+00 3.0123E-07 3.0123E-073521 8459  310
 5.0117E+04 0.0000E+00 6.8097E-06 1.0555E-05 5.0117E+04 1.0000E+003521 8459  311
 1.4239E-08 2.2069E-08 5.0118E+04 0.0000E+00 6.7496E-06 1.0461E-053521 8459  312
 5.0119E+04 0.0000E+00 6.8011E-06 1.0541E-05 5.0119E+04 1.0000E+003521 8459  313
 2.5716E-06 3.9860E-06 5.0120E+04 0.0000E+00 6.6685E-06 1.0403E-053521 8459  314
 5.0121E+04 0.0000E+00 6.3845E-06 1.0023E-05 5.0121E+04 1.0000E+003521 8459  315
 3.4156E-07 5.3624E-07 5.0122E+04 0.0000E+00 6.1889E-06 9.8403E-063521 8459  316
 5.0123E+04 0.0000E+00 2.8148E-07 6.4178E-07 5.0123E+04 1.0000E+003521 8459  317
 5.5735E-06 8.9733E-06 5.0124E+04 0.0000E+00 5.5715E-06 9.0814E-063521 8459  318
 5.0125E+04 0.0000E+00 8.9625E-07 2.3213E-06 5.0125E+04 1.0000E+003521 8459  319
 5.1196E-06 8.1912E-06 5.0126E+04 0.0000E+00 1.1057E-05 1.5148E-053521 8459  320
 5.0127E+04 0.0000E+00 1.4797E-05 2.4266E-05 5.0127E+04 1.0000E+003521 8459  321
 2.4219E-05 2.4219E-05 5.0128E+04 0.0000E+00 1.6299E-04 1.1899E-043521 8459  322
 5.0128E+04 1.0000E+00 5.1446E-05 6.1736E-05 5.0129E+04 0.0000E+003521 8459  323
 3.1521E-04 2.9945E-04 5.0129E+04 1.0000E+00 3.0025E-04 2.7923E-043521 8459  324
 5.0130E+04 0.0000E+00 7.8287E-04 6.4978E-04 5.0130E+04 1.0000E+003521 8459  325
 1.1758E-03 9.1712E-04 5.0131E+04 0.0000E+00 1.9700E-03 1.2806E-033521 8459  326
 5.0131E+04 1.0000E+00 2.9865E-03 1.9711E-03 5.0132E+04 0.0000E+003521 8459  327
 9.1018E-03 3.0946E-03 5.0133E+04 0.0000E+00 1.0873E-02 5.4368E-033521 8459  328
 5.0134E+04 0.0000E+00 1.1179E-02 4.9186E-03 5.0135E+04 0.0000E+003521 8459  329
 3.7508E-03 3.0757E-03 5.0136E+04 0.0000E+00 8.1081E-04 1.3703E-033521 8459  330
 5.0137E+04 0.0000E+00 6.9193E-05 2.5256E-04 5.1121E+04 0.0000E+003521 8459  331
 6.4610E-06 1.0143E-05 5.1123E+04 0.0000E+00 5.8549E-06 9.4265E-063521 8459  332
 5.1124E+04 0.0000E+00 4.4903E-11 7.3192E-11 5.1124E+04 1.0000E+003521 8459  333
 3.3195E-11 5.4108E-11 5.1124E+04 2.0000E+00 1.0363E-11 1.6892E-113521 8459  334
 5.1125E+04 0.0000E+00 6.0170E-06 9.6272E-06 5.1126E+04 0.0000E+003521 8459  335
 7.8387E-09 1.0739E-08 5.1126E+04 1.0000E+00 2.3389E-08 3.2043E-083521 8459  336
 5.1126E+04 2.0000E+00 8.8117E-09 1.2072E-08 5.1127E+04 0.0000E+003521 8459  337
 3.9017E-05 3.9017E-05 5.1128E+04 0.0000E+00 1.6305E-04 1.2229E-043521 8459  338
 5.1128E+04 1.0000E+00 2.2383E-08 1.6339E-08 5.1129E+04 0.0000E+003521 8459  339
 5.3813E-04 2.6906E-04 5.1129E+04 1.0000E+00 9.3988E-05 8.7221E-043521 8459  340
 5.1130E+04 0.0000E+00 1.0238E-03 3.8906E-04 5.1130E+04 1.0000E+003521 8459  341
 9.8613E-04 8.1849E-04 5.1131E+04 0.0000E+00 5.5464E-03 1.7749E-033521 8459  342
 5.1132E+04 0.0000E+00 1.1834E-02 3.5501E-03 5.1132E+04 1.0000E+003521 8459  343
 1.1445E-03 1.4992E-03 5.1133E+04 0.0000E+00 2.7641E-02 7.4629E-033521 8459  344
 5.1134E+04 0.0000E+00 1.9420E-02 6.0201E-03 5.1134E+04 1.0000E+003521 8459  345
 1.4972E-02 6.4378E-03 5.1135E+04 0.0000E+00 3.7157E-02 8.1746E-033521 8459  346
 5.1136E+04 0.0000E+00 1.9485E-02 6.4299E-03 5.1137E+04 0.0000E+003521 8459  347
 8.2673E-03 4.8777E-03 5.1138E+04 0.0000E+00 1.3130E-03 1.5887E-033521 8459  348
 5.1139E+04 0.0000E+00 1.4648E-04 3.7940E-04 5.2124E+04 0.0000E+003521 8459  349
 5.3206E-11 8.6726E-11 5.2125E+04 0.0000E+00 6.0170E-06 9.6272E-063521 8459  350
 5.2125E+04 1.0000E+00 1.3464E-06 2.1543E-06 5.2126E+04 0.0000E+003521 8459  351
 2.7976E-08 3.8329E-08 5.2127E+04 0.0000E+00 3.8863E-05 3.8863E-053521 8459  352
 5.2127E+04 1.0000E+00 6.4298E-06 6.4298E-06 5.2128E+04 0.0000E+003521 8459  353
 1.6307E-04 1.1414E-04 5.2129E+04 0.0000E+00 5.5610E-04 2.7805E-043521 8459  354
 5.2129E+04 1.0000E+00 1.6734E-04 8.5343E-05 5.2130E+04 0.0000E+003521 8459  355
 2.0099E-03 7.4367E-04 5.2131E+04 0.0000E+00 5.1956E-03 1.5067E-033521 8459  356
 5.2131E+04 1.0000E+00 4.4406E-04 1.4654E-04 5.2132E+04 0.0000E+003521 8459  357
 1.2979E-02 2.9852E-03 5.2133E+04 0.0000E+00 2.3716E-02 4.7432E-033521 8459  358
 5.2133E+04 1.0000E+00 4.7972E-03 1.3912E-03 5.2134E+04 0.0000E+003521 8459  359
 4.7655E-02 9.5312E-03 5.2135E+04 0.0000E+00 5.7150E-02 1.0858E-023521 8459  360
 5.2136E+04 0.0000E+00 7.0230E-02 1.2641E-02 5.2137E+04 0.0000E+003521 8459  361
 5.4831E-02 1.0418E-02 5.2138E+04 0.0000E+00 3.8162E-02 1.0304E-023521 8459  362
 5.2139E+04 0.0000E+00 1.1863E-02 5.2197E-03 5.2140E+04 0.0000E+003521 8459  363
 2.9879E-03 2.5696E-03 5.2141E+04 0.0000E+00 3.8385E-04 6.9478E-043521 8459  364
 5.2142E+04 0.0000E+00 4.3791E-05 1.7516E-04 5.3127E+04 0.0000E+003521 8459  365
 3.9017E-05 3.9017E-05 5.3129E+04 0.0000E+00 6.1802E-04 3.0902E-043521 8459  366
 5.3131E+04 0.0000E+00 5.5464E-03 1.6084E-03 5.3132E+04 0.0000E+003521 8459  367
 1.2979E-02 2.9852E-03 5.3133E+04 0.0000E+00 2.7674E-02 5.5348E-033521 8459  368
 5.3133E+04 1.0000E+00 1.7924E-13 1.7922E-11 5.3134E+04 0.0000E+003521 8459  369
 4.7710E-02 8.1105E-03 5.3134E+04 1.0000E+00 1.6151E-05 3.5533E-063521 8459  370
 5.3135E+04 0.0000E+00 5.7884E-02 9.2615E-03 5.3136E+04 0.0000E+003521 8459  371
 7.2841E-02 1.1654E-02 5.3136E+04 1.0000E+00 2.8637E-03 4.4389E-033521 8459  372
 5.3137E+04 0.0000E+00 7.1501E-02 1.2155E-02 5.3138E+04 0.0000E+003521 8459  373
 6.1516E-02 1.1073E-02 5.3139E+04 0.0000E+00 4.5367E-02 8.6198E-033521 8459  374
 5.3140E+04 0.0000E+00 2.3980E-02 5.7551E-03 5.3141E+04 0.0000E+003521 8459  375
 1.3767E-02 4.6808E-03 5.3142E+04 0.0000E+00 4.7861E-03 2.9195E-033521 8459  376
 5.3143E+04 0.0000E+00 1.6103E-03 2.0129E-03 5.3144E+04 0.0000E+003521 8459  377
 1.9512E-04 5.3658E-04 5.4131E+04 0.0000E+00 5.5464E-03 1.6084E-033521 8459  378
 5.4131E+04 1.0000E+00 6.0245E-05 1.8676E-05 5.4132E+04 0.0000E+003521 8459  379
 1.2979E-02 2.9852E-03 5.4133E+04 0.0000E+00 2.7674E-02 5.5348E-033521 8459  380
 5.4133E+04 1.0000E+00 7.8770E-04 1.7330E-04 5.4134E+04 0.0000E+003521 8459  381
 4.7710E-02 8.1107E-03 5.4134E+04 1.0000E+00 3.8991E-07 9.3579E-083521 8459  382
 5.4135E+04 0.0000E+00 5.7828E-02 9.2525E-03 5.4135E+04 1.0000E+003521 8459  383
 9.5565E-03 1.8158E-03 5.4136E+04 0.0000E+00 8.0379E-02 1.2057E-023521 8459  384
 5.4137E+04 0.0000E+00 7.0399E-02 1.0559E-02 5.4138E+04 0.0000E+003521 8459  385
 6.4812E-02 1.0370E-02 5.4139E+04 0.0000E+00 4.9820E-02 8.9676E-033521 8459  386
 5.4140E+04 0.0000E+00 4.2111E-02 8.4222E-03 5.4141E+04 0.0000E+003521 8459  387
 3.7816E-02 7.5634E-03 5.4142E+04 0.0000E+00 4.4246E-02 8.8491E-033521 8459  388
 5.4143E+04 0.0000E+00 3.7975E-02 9.8735E-03 5.4144E+04 0.0000E+003521 8459  389
 2.5096E-02 1.0792E-02 5.4145E+04 0.0000E+00 5.7761E-03 4.9674E-033521 8459  390
 5.4146E+04 0.0000E+00 7.9670E-04 1.4978E-03 5.4147E+04 0.0000E+003521 8459  391
 3.9614E-05 1.7074E-04 5.5133E+04 0.0000E+00 2.7674E-02 2.7674E-023521 8459  392
 5.5134E+04 0.0000E+00 2.6740E-13 4.5458E-14 5.5134E+04 1.0000E+003521 8459  393
 5.6050E-14 1.1210E-14 5.5135E+04 0.0000E+00 5.7885E-02 9.2617E-033521 8459  394
 5.5135E+04 1.0000E+00 1.0660E-11 1.0659E-09 5.5136E+04 0.0000E+003521 8459  395
 2.3935E-09 3.5903E-10 5.5136E+04 1.0000E+00 6.4797E-10 1.1664E-103521 8459  396
 5.5137E+04 0.0000E+00 7.0400E-02 1.0560E-02 5.5138E+04 0.0000E+003521 8459  397
 6.4815E-02 1.0370E-02 5.5138E+04 1.0000E+00 1.3060E-06 2.0244E-053521 8459  398
 5.5139E+04 0.0000E+00 4.9863E-02 8.4768E-03 5.5140E+04 0.0000E+003521 8459  399
 4.2429E-02 7.6372E-03 5.5141E+04 0.0000E+00 3.9999E-02 7.1997E-033521 8459  400
 5.5142E+04 0.0000E+00 5.2168E-02 9.3904E-03 5.5143E+04 0.0000E+003521 8459  401
 6.8328E-02 1.2983E-02 5.5144E+04 0.0000E+00 7.3168E-02 1.4634E-023521 8459  402
 5.5144E+04 1.0000E+00 1.4440E-04 1.4440E-04 5.5145E+04 0.0000E+003521 8459  403
 5.8473E-02 1.2280E-02 5.5146E+04 0.0000E+00 2.2777E-02 7.2887E-033521 8459  404
 5.5147E+04 0.0000E+00 6.8816E-03 4.1290E-03 5.5148E+04 0.0000E+003521 8459  405
 7.1029E-04 9.1627E-04 5.5149E+04 0.0000E+00 4.6629E-05 1.3709E-043521 8459  406
 5.5150E+04 0.0000E+00 8.9799E-07 6.2501E-06 5.5151E+04 0.0000E+003521 8459  407
 8.1416E-09 1.3702E-07 5.6134E+04 0.0000E+00 2.6740E-13 4.5458E-143521 8459  408
 5.6136E+04 0.0000E+00 2.7175E-09 4.0763E-10 5.6137E+04 0.0000E+003521 8459  409
 7.0400E-02 1.0560E-02 5.6137E+04 1.0000E+00 6.6457E-02 1.1962E-023521 8459  410
 5.6138E+04 0.0000E+00 6.4815E-02 1.0370E-02 5.6139E+04 0.0000E+003521 8459  411
 4.9863E-02 8.4768E-03 5.6140E+04 0.0000E+00 4.2429E-02 7.2128E-033521 8459  412
 5.6141E+04 0.0000E+00 4.0005E-02 7.2010E-03 5.6142E+04 0.0000E+003521 8459  413
 5.3415E-02 9.0806E-03 5.6143E+04 0.0000E+00 7.0908E-02 1.1346E-023521 8459  414
 5.6144E+04 0.0000E+00 8.9712E-02 1.5251E-02 5.6145E+04 0.0000E+003521 8459  415
 8.1793E-02 1.4723E-02 5.6146E+04 0.0000E+00 7.3780E-02 1.4018E-023521 8459  416
 5.6147E+04 0.0000E+00 4.7393E-02 9.0045E-03 5.6148E+04 0.0000E+003521 8459  417
 2.3889E-02 6.4500E-03 5.6149E+04 0.0000E+00 5.3805E-03 2.4212E-033521 8459  418
 5.6150E+04 0.0000E+00 7.4405E-04 6.6964E-04 5.6151E+04 0.0000E+003521 8459  419
 3.0697E-05 6.1702E-05 5.6152E+04 0.0000E+00 6.7029E-07 3.1704E-063521 8459  420
 5.6153E+04 0.0000E+00 5.2817E-09 6.0740E-08 5.7139E+04 0.0000E+003521 8459  421
 4.9863E-02 8.4768E-03 5.7140E+04 0.0000E+00 4.2429E-02 7.2128E-033521 8459  422
 5.7141E+04 0.0000E+00 4.0005E-02 7.2010E-03 5.7142E+04 0.0000E+003521 8459  423
 5.3415E-02 9.0806E-03 5.7143E+04 0.0000E+00 7.0910E-02 1.0637E-023521 8459  424
 5.7144E+04 0.0000E+00 8.9741E-02 1.3461E-02 5.7145E+04 0.0000E+003521 8459  425
 8.2213E-02 1.2332E-02 5.7146E+04 0.0000E+00 7.4803E-02 1.1220E-023521 8459  426
 5.7146E+04 1.0000E+00 1.1671E-03 2.5209E-03 5.7147E+04 0.0000E+003521 8459  427
 5.5975E-02 1.0075E-02 5.7148E+04 0.0000E+00 3.5687E-02 7.1373E-033521 8459  428
 5.7149E+04 0.0000E+00 1.7851E-02 4.1058E-03 5.7150E+04 0.0000E+003521 8459  429
 5.6965E-03 1.6520E-03 5.7151E+04 0.0000E+00 1.2607E-03 5.2950E-043521 8459  430
 5.7152E+04 0.0000E+00 1.0692E-04 7.6986E-05 5.7153E+04 0.0000E+003521 8459  431
 6.8537E-06 9.9379E-06 5.7154E+04 0.0000E+00 1.3358E-07 4.3415E-073521 8459  432
 5.7155E+04 0.0000E+00 1.2531E-09 9.6867E-09 5.8140E+04 0.0000E+003521 8459  433
 4.2429E-02 7.2128E-03 5.8141E+04 0.0000E+00 4.0005E-02 7.2010E-033521 8459  434
 5.8142E+04 0.0000E+00 5.3415E-02 9.0806E-03 5.8143E+04 0.0000E+003521 8459  435
 7.0910E-02 1.0637E-02 5.8144E+04 0.0000E+00 8.9741E-02 1.3461E-023521 8459  436
 5.8145E+04 0.0000E+00 8.2213E-02 1.2331E-02 5.8146E+04 0.0000E+003521 8459  437
 7.5975E-02 1.1396E-02 5.8147E+04 0.0000E+00 5.6039E-02 8.9662E-033521 8459  438
 5.8148E+04 0.0000E+00 3.6437E-02 6.5586E-03 5.8149E+04 0.0000E+003521 8459  439
 1.9312E-02 4.2484E-03 5.8150E+04 0.0000E+00 8.5840E-03 2.2318E-033521 8459  440
 5.8151E+04 0.0000E+00 3.2642E-03 1.0772E-03 5.8152E+04 0.0000E+003521 8459  441
 9.6653E-04 4.2527E-04 5.8153E+04 0.0000E+00 1.8745E-04 1.1622E-043521 8459  442
 5.8154E+04 0.0000E+00 2.4637E-05 2.3405E-05 5.8155E+04 0.0000E+003521 8459  443
 1.0462E-06 1.6425E-06 5.8156E+04 0.0000E+00 2.4285E-08 7.0183E-083521 8459  444
 5.8157E+04 0.0000E+00 1.8274E-10 1.0855E-09 5.9141E+04 0.0000E+003521 8459  445
 4.0005E-02 7.2010E-03 5.9143E+04 0.0000E+00 7.0910E-02 1.0637E-023521 8459  446
 5.9144E+04 0.0000E+00 8.9741E-02 1.3461E-02 5.9144E+04 1.0000E+003521 8459  447
 1.2384E-03 2.2291E-04 5.9145E+04 0.0000E+00 8.2213E-02 1.2331E-023521 8459  448
 5.9146E+04 0.0000E+00 7.5975E-02 1.1396E-02 5.9147E+04 0.0000E+003521 8459  449
 5.6039E-02 8.9662E-03 5.9148E+04 0.0000E+00 3.6437E-02 6.5586E-033521 8459  450
 5.9148E+04 1.0000E+00 1.1912E-07 3.3127E-06 5.9149E+04 0.0000E+003521 8459  451
 1.9315E-02 4.0560E-03 5.9150E+04 0.0000E+00 8.6043E-03 2.2372E-033521 8459  452
 5.9151E+04 0.0000E+00 3.3412E-03 1.1026E-03 5.9152E+04 0.0000E+003521 8459  453
 1.0670E-03 4.6946E-04 5.9153E+04 0.0000E+00 2.8850E-04 1.7310E-043521 8459  454
 5.9154E+04 0.0000E+00 6.2161E-05 5.4079E-05 5.9155E+04 0.0000E+003521 8459  455
 9.7590E-06 1.2881E-05 5.9156E+04 0.0000E+00 7.5457E-07 1.5620E-063521 8459  456
 5.9157E+04 0.0000E+00 4.2942E-08 1.4687E-07 5.9158E+04 0.0000E+003521 8459  457
 8.0156E-10 4.7533E-09 5.9159E+04 0.0000E+00 9.8785E-12 1.0639E-103521 8459  458
 6.0143E+04 0.0000E+00 7.0910E-02 7.0910E-02 6.0144E+04 0.0000E+003521 8459  459
 8.9741E-02 1.3461E-02 6.0145E+04 0.0000E+00 8.2213E-02 1.2331E-023521 8459  460
 6.0146E+04 0.0000E+00 7.5975E-02 1.1396E-02 6.0147E+04 0.0000E+003521 8459  461
 5.6039E-02 8.9662E-03 6.0148E+04 0.0000E+00 3.6437E-02 6.5587E-033521 8459  462
 6.0149E+04 0.0000E+00 1.9315E-02 4.0560E-03 6.0150E+04 0.0000E+003521 8459  463
 8.6043E-03 2.2372E-03 6.0151E+04 0.0000E+00 3.3412E-03 1.1026E-033521 8459  464
 6.0152E+04 0.0000E+00 1.0676E-03 4.6970E-04 6.0153E+04 0.0000E+003521 8459  465
 2.9062E-04 1.7728E-04 6.0154E+04 0.0000E+00 6.6818E-05 5.8132E-053521 8459  466
 6.0155E+04 0.0000E+00 1.3003E-05 1.7163E-05 6.0156E+04 0.0000E+003521 8459  467
 2.0894E-06 4.3250E-06 6.0157E+04 0.0000E+00 2.6885E-07 9.1139E-073521 8459  468
 6.0158E+04 0.0000E+00 2.6647E-08 1.5455E-07 6.0159E+04 0.0000E+003521 8459  469
 1.3200E-09 1.3649E-08 6.0160E+04 0.0000E+00 3.6976E-11 7.1143E-103521 8459  470
 6.0161E+04 0.0000E+00 1.0358E-13 3.8822E-12 6.1147E+04 0.0000E+003521 8459  471
 5.6039E-02 8.9662E-03 6.1149E+04 0.0000E+00 1.9315E-02 4.0560E-033521 8459  472
 6.1151E+04 0.0000E+00 3.3412E-03 1.1026E-03 6.1152E+04 0.0000E+003521 8459  473
 1.0676E-03 4.6970E-04 6.1152E+04 1.0000E+00 1.0997E-11 1.0996E-093521 8459  474
 6.1152E+04 2.0000E+00 4.6841E-13 4.6836E-11 6.1153E+04 0.0000E+003521 8459  475
 2.9062E-04 1.7437E-04 6.1154E+04 0.0000E+00 6.6818E-05 5.8131E-053521 8459  476
 6.1154E+04 1.0000E+00 2.8207E-09 4.9025E-08 6.1155E+04 0.0000E+003521 8459  477
 1.3018E-05 1.7185E-05 6.1156E+04 0.0000E+00 2.1131E-06 4.3742E-063521 8459  478
 6.1157E+04 0.0000E+00 2.9241E-07 9.9126E-07 6.1158E+04 0.0000E+003521 8459  479
 3.4440E-08 1.9975E-07 6.1159E+04 0.0000E+00 3.3067E-09 3.4192E-083521 8459  480
 6.1160E+04 0.0000E+00 2.2761E-10 4.3768E-09 6.1161E+04 0.0000E+003521 8459  481
 9.5990E-12 3.5814E-10 6.1162E+04 0.0000E+00 6.0175E-14 4.5433E-123521 8459  482
 6.2147E+04 0.0000E+00 5.6039E-02 5.6039E-02 6.2149E+04 0.0000E+003521 8459  483
 1.9315E-02 4.0560E-03 6.2151E+04 0.0000E+00 3.3412E-03 1.1026E-033521 8459  484
 6.2152E+04 0.0000E+00 1.0676E-03 4.6970E-04 6.2153E+04 0.0000E+003521 8459  485
 2.9062E-04 1.7437E-04 6.2154E+04 0.0000E+00 6.6821E-05 5.8134E-053521 8459  486
 6.2155E+04 0.0000E+00 1.3018E-05 1.7185E-05 6.2156E+04 0.0000E+003521 8459  487
 2.1131E-06 4.3743E-06 6.2157E+04 0.0000E+00 2.9246E-07 9.9141E-073521 8459  488
 6.2158E+04 0.0000E+00 3.4554E-08 2.0041E-07 6.2159E+04 0.0000E+003521 8459  489
 3.4140E-09 3.5302E-08 6.2160E+04 0.0000E+00 2.8450E-10 5.4709E-093521 8459  490
 6.2161E+04 0.0000E+00 2.0136E-11 7.5127E-10 6.2162E+04 0.0000E+003521 8459  491
 1.1983E-12 9.0470E-11 6.2163E+04 0.0000E+00 5.7668E-14 5.7662E-123521 8459  492
 6.3151E+04 0.0000E+00 3.3412E-03 1.1026E-03 6.3153E+04 0.0000E+003521 8459  493
 2.9062E-04 1.7437E-04 6.3155E+04 0.0000E+00 1.3018E-05 1.7185E-053521 8459  494
 6.3156E+04 0.0000E+00 2.1131E-06 4.3743E-06 6.3157E+04 0.0000E+003521 8459  495
 2.9246E-07 9.9141E-07 6.3158E+04 0.0000E+00 3.4554E-08 2.0041E-073521 8459  496
 6.3159E+04 0.0000E+00 3.4141E-09 3.5301E-08 6.3160E+04 0.0000E+003521 8459  497
 2.8454E-10 5.4718E-09 6.3161E+04 0.0000E+00 2.0156E-11 7.5199E-103521 8459  498
 6.3162E+04 0.0000E+00 1.2023E-12 9.0772E-11 6.4155E+04 0.0000E+003521 8459  499
 1.3018E-05 1.7185E-05 6.4156E+04 0.0000E+00 2.1131E-06 4.3743E-063521 8459  500
 6.4157E+04 0.0000E+00 2.9246E-07 9.9141E-07 6.4158E+04 0.0000E+003521 8459  501
 3.4554E-08 2.0041E-07 6.4159E+04 0.0000E+00 3.4141E-09 3.5301E-083521 8459  502
 6.4160E+04 0.0000E+00 2.8454E-10 5.4718E-09 6.4161E+04 0.0000E+003521 8459  503
 2.0156E-11 7.5199E-10 6.4162E+04 0.0000E+00 1.2023E-12 9.0772E-113521 8459  504
 6.5159E+04 0.0000E+00 3.4141E-09 3.5301E-08 6.5161E+04 0.0000E+003521 8459  505
 2.0156E-11 7.5199E-10 6.5162E+04 0.0000E+00 1.2023E-12 9.0772E-113521 8459  506
 6.6161E+04 0.0000E+00 2.0156E-11 7.5199E-10 6.6162E+04 0.0000E+003521 8459  507
 1.2023E-12 9.0772E-11 0.0000E+00 0.0000E+00 0.0000E+00 0.0000E+003521 8459  508
 0.0000E+00 0.0000E+00          0          0          0          03521 8  099999
                                                                  3521 0  0    0
                                                                     0 0  0    0
 0.0000E+00 0.0000E+00          0          0          0          0  -1 0  0    0
