Fission Product Yields for pa231(s,f) fission                      231 0  0    0
 9.1231e+04 2.2905e+02         -1          1          2          13513 1451    1
 0.0000e+00 1.0000e+00          0          0          0          63513 1451    2
 0.0000e+00 1.5000e+08          1          0          5          63513 1451    3
 0.0000e+00 0.0000e+00          0          0         11          33513 1451    4
 91-Pa-231  NexiaSol   EVAL-DEC07                      R.W. Mills 3513 1451    5
                       DIST-DEC07DRAFT-DEC07           071212     3513 1451    6
 Energy dependent fission yields - UKFY4.1 (Issue 1)              3513 1451    7
 =====================================================            3513 1451    8
 The CYFP code developed by Wahl [1] was used to produce          3513 1451    9
 energy dependent fission yields for fission induced by           3513 1451   10
 neutron, proton, deuteron and alpha particles.                   3513 1451   11
                                                                  3513 1451   12
 References                                                       3513 1451   13
 1) "Systematics of Fission-Product Yields", LA-13928,            3513 1451   14
    A.C. Wahl (2002).                                             3513 1451   15
                                1        451         18          03513 1451   16
                                8        454        646          03513 1451   17
                                8        459        646          03513 1451   18
 0.0000e+00 0.0000e+00          0          0          0          03513 1  099999
                                                                  3513 0  0    0
 9.1231E+04 2.2905E+02          1          0          0          03513 8454    1
 0.0000E+00 0.0000E+00          0          0       3032        7583513 8454    2
 2.9071E+04 0.0000E+00 6.4720E-13 5.6993E-11 2.9072E+04 0.0000E+003513 8454    3
 8.7062E-12 8.7053E-10 2.9073E+04 0.0000E+00 2.1357E-11 2.1355E-093513 8454    4
 2.9074E+04 0.0000E+00 1.3056E-11 1.5680E-10 2.9075E+04 0.0000E+003513 8454    5
 3.2998E-11 2.6167E-10 2.9076E+04 0.0000E+00 4.2121E-11 3.2854E-103513 8454    6
 2.9077E+04 0.0000E+00 2.5423E-11 3.2083E-10 2.9078E+04 0.0000E+003513 8454    7
 1.4778E-12 4.5294E-11 2.9079E+04 0.0000E+00 5.5169E-14 4.1101E-123513 8454    8
 3.0071E+04 0.0000E+00 0.0000E+00 0.0000E+00 3.0072E+04 0.0000E+003513 8454    9
 2.5798E-12 1.1361E-10 3.0073E+04 0.0000E+00 2.6720E-11 2.6718E-093513 8454   10
 3.0073E+04 1.0000E+00 1.1756E-10 1.1755E-08 3.0074E+04 0.0000E+003513 8454   11
 2.0287E-09 2.0285E-07 3.0075E+04 0.0000E+00 1.7265E-08 1.1274E-073513 8454   12
 3.0076E+04 0.0000E+00 8.4200E-08 3.2164E-07 3.0077E+04 0.0000E+003513 8454   13
 6.9971E-08 3.5755E-07 3.0077E+04 1.0000E+00 1.5903E-08 8.1265E-083513 8454   14
 3.0078E+04 0.0000E+00 5.0828E-08 1.6011E-07 3.0079E+04 0.0000E+003513 8454   15
 1.0448E-08 7.2509E-08 3.0080E+04 0.0000E+00 1.1798E-09 1.9809E-083513 8454   16
 3.0081E+04 0.0000E+00 4.9949E-11 2.0169E-09 3.0082E+04 0.0000E+003513 8454   17
 1.0759E-12 1.0301E-10 3.1071E+04 0.0000E+00 0.0000E+00 0.0000E+003513 8454   18
 3.1072E+04 0.0000E+00 0.0000E+00 0.0000E+00 3.1072E+04 1.0000E+003513 8454   19
 0.0000E+00 0.0000E+00 3.1073E+04 0.0000E+00 8.5063E-16 8.5054E-143513 8454   20
 3.1074E+04 0.0000E+00 9.7411E-12 9.7402E-10 3.1074E+04 1.0000E+003513 8454   21
 2.5833E-12 2.5831E-10 3.1075E+04 0.0000E+00 4.2149E-09 2.7566E-083513 8454   22
 3.1076E+04 0.0000E+00 9.4970E-08 3.5994E-07 3.1077E+04 0.0000E+003513 8454   23
 9.3410E-07 2.1391E-06 3.1078E+04 0.0000E+00 2.4603E-06 3.6413E-063513 8454   24
 3.1079E+04 0.0000E+00 4.5168E-06 5.2847E-06 3.1080E+04 0.0000E+003513 8454   25
 2.6254E-06 4.5944E-06 3.1081E+04 0.0000E+00 1.0144E-06 4.0069E-063513 8454   26
 3.1082E+04 0.0000E+00 1.0687E-07 1.0067E-06 3.1083E+04 0.0000E+003513 8454   27
 5.4080E-09 1.2103E-07 3.1084E+04 0.0000E+00 8.6800E-11 4.5552E-093513 8454   28
 3.1085E+04 0.0000E+00 1.1566E-12 1.1565E-10 3.2072E+04 0.0000E+003513 8454   29
 0.0000E+00 0.0000E+00 3.2073E+04 0.0000E+00 0.0000E+00 0.0000E+003513 8454   30
 3.2073E+04 1.0000E+00 0.0000E+00 0.0000E+00 3.2074E+04 0.0000E+003513 8454   31
 2.2007E-17 2.2005E-15 3.2075E+04 0.0000E+00 1.5610E-12 3.4014E-113513 8454   32
 3.2075E+04 1.0000E+00 6.8681E-12 1.4966E-10 3.2076E+04 0.0000E+003513 8454   33
 1.1534E-08 4.7060E-08 3.2077E+04 0.0000E+00 3.2957E-07 1.5424E-063513 8454   34
 3.2077E+04 1.0000E+00 7.4904E-08 3.5055E-07 3.2078E+04 0.0000E+003513 8454   35
 6.4153E-06 9.3664E-06 3.2079E+04 0.0000E+00 7.3541E-06 1.4046E-053513 8454   36
 3.2079E+04 1.0000E+00 3.2357E-05 6.1802E-05 3.2080E+04 0.0000E+003513 8454   37
 1.6026E-04 1.0898E-04 3.2081E+04 0.0000E+00 2.0305E-04 2.5788E-043513 8454   38
 3.2081E+04 1.0000E+00 6.9974E-05 8.8867E-05 3.2082E+04 0.0000E+003513 8454   39
 2.4314E-04 2.5043E-04 3.2083E+04 0.0000E+00 5.8367E-05 1.3424E-043513 8454   40
 3.2084E+04 0.0000E+00 7.8005E-06 4.2201E-05 3.2085E+04 0.0000E+003513 8454   41
 4.6326E-07 5.8741E-06 3.2086E+04 0.0000E+00 1.5960E-08 4.7002E-073513 8454   42
 3.2087E+04 0.0000E+00 1.6633E-10 1.1237E-08 3.2088E+04 0.0000E+003513 8454   43
 9.5342E-13 9.5332E-11 3.3075E+04 0.0000E+00 0.0000E+00 0.0000E+003513 8454   44
 3.3075E+04 1.0000E+00 0.0000E+00 0.0000E+00 3.3076E+04 0.0000E+003513 8454   45
 4.0286E-13 8.4278E-12 3.3077E+04 0.0000E+00 8.8232E-10 4.8792E-093513 8454   46
 3.3078E+04 0.0000E+00 7.9535E-08 1.8929E-07 3.3079E+04 0.0000E+003513 8454   47
 3.8412E-06 4.6479E-06 3.3080E+04 0.0000E+00 5.3014E-05 3.8700E-053513 8454   48
 3.3081E+04 0.0000E+00 5.0631E-04 2.4809E-04 3.3082E+04 0.0000E+003513 8454   49
 6.0497E-04 4.5978E-04 3.3082E+04 1.0000E+00 9.0480E-04 6.8765E-043513 8454   50
 3.3083E+04 0.0000E+00 2.4835E-03 9.6855E-04 3.3084E+04 0.0000E+003513 8454   51
 1.3886E-03 8.8869E-04 3.3084E+04 1.0000E+00 0.0000E+00 0.0000E+003513 8454   52
 3.3085E+04 0.0000E+00 6.4182E-04 8.8571E-04 3.3086E+04 0.0000E+003513 8454   53
 9.5272E-05 3.0297E-04 3.3087E+04 0.0000E+00 7.4768E-06 5.5029E-053513 8454   54
 3.3088E+04 0.0000E+00 1.7252E-07 2.9191E-06 3.3089E+04 0.0000E+003513 8454   55
 2.9489E-09 1.1321E-07 3.3090E+04 0.0000E+00 1.9809E-11 1.6988E-093513 8454   56
 3.3091E+04 0.0000E+00 1.2569E-13 1.2568E-11 3.4076E+04 0.0000E+003513 8454   57
 0.0000E+00 0.0000E+00 3.4077E+04 0.0000E+00 2.4666E-15 2.4664E-133513 8454   58
 3.4078E+04 0.0000E+00 2.1145E-11 4.3517E-10 3.4079E+04 0.0000E+003513 8454   59
 5.8835E-09 8.9723E-08 3.4079E+04 1.0000E+00 1.3372E-09 2.0392E-083513 8454   60
 3.4080E+04 0.0000E+00 1.0521E-06 3.0932E-06 3.4081E+04 0.0000E+003513 8454   61
 8.6538E-06 2.1115E-05 3.4081E+04 1.0000E+00 3.8076E-05 9.2905E-053513 8454   62
 3.4082E+04 0.0000E+00 9.0952E-04 5.3662E-04 3.4083E+04 0.0000E+003513 8454   63
 3.4378E-03 2.4064E-03 3.4083E+04 1.0000E+00 1.1847E-03 8.2929E-043513 8454   64
 3.4084E+04 0.0000E+00 1.4235E-02 3.5588E-03 3.4085E+04 0.0000E+003513 8454   65
 2.2310E-02 6.0237E-03 3.4086E+04 0.0000E+00 2.2485E-02 9.4436E-033513 8454   66
 3.4087E+04 0.0000E+00 7.0825E-03 6.0910E-03 3.4088E+04 0.0000E+003513 8454   67
 1.1938E-03 2.2920E-03 3.4089E+04 0.0000E+00 8.1404E-05 3.5574E-043513 8454   68
 3.4090E+04 0.0000E+00 3.7720E-06 3.7229E-05 3.4091E+04 0.0000E+003513 8454   69
 8.7309E-08 1.9190E-06 3.4092E+04 0.0000E+00 1.4233E-09 6.8290E-083513 8454   70
 3.4093E+04 0.0000E+00 9.2673E-12 9.2664E-10 3.5079E+04 0.0000E+003513 8454   71
 6.8621E-15 6.8614E-13 3.5080E+04 0.0000E+00 1.1528E-11 6.9155E-103513 8454   72
 3.5080E+04 1.0000E+00 2.2904E-11 1.3740E-09 3.5081E+04 0.0000E+003513 8454   73
 1.8657E-08 2.0896E-07 3.5082E+04 0.0000E+00 1.2631E-06 1.0838E-053513 8454   74
 3.5082E+04 1.0000E+00 8.4456E-07 7.2463E-06 3.5083E+04 0.0000E+003513 8454   75
 9.1812E-05 1.5700E-04 3.5084E+04 0.0000E+00 4.3040E-04 6.2839E-043513 8454   76
 3.5084E+04 1.0000E+00 6.4371E-04 9.3982E-04 3.5085E+04 0.0000E+003513 8454   77
 9.4388E-03 3.3979E-03 3.5086E+04 0.0000E+00 2.7393E-02 6.3004E-033513 8454   78
 3.5087E+04 0.0000E+00 4.6875E-02 9.8437E-03 3.5088E+04 0.0000E+003513 8454   79
 2.6445E-02 7.9336E-03 3.5089E+04 0.0000E+00 1.1705E-02 6.5548E-033513 8454   80
 3.5090E+04 0.0000E+00 2.0121E-03 2.3944E-03 3.5091E+04 0.0000E+003513 8454   81
 3.0633E-04 8.0259E-04 3.5092E+04 0.0000E+00 1.7590E-05 1.0114E-043513 8454   82
 3.5093E+04 0.0000E+00 6.8789E-07 8.5436E-06 3.5094E+04 0.0000E+003513 8454   83
 1.1139E-08 2.9295E-07 3.5095E+04 0.0000E+00 1.8518E-10 1.0109E-083513 8454   84
 3.5096E+04 0.0000E+00 1.2680E-12 1.2679E-10 3.6080E+04 0.0000E+003513 8454   85
 1.8826E-17 1.8824E-15 3.6081E+04 0.0000E+00 6.8472E-14 6.8465E-123513 8454   86
 3.6082E+04 0.0000E+00 1.2612E-10 5.4457E-09 3.6083E+04 0.0000E+003513 8454   87
 1.1573E-09 3.7810E-08 3.6083E+04 1.0000E+00 3.4993E-08 1.1432E-063513 8454   88
 3.6084E+04 0.0000E+00 4.3756E-06 2.7610E-05 3.6085E+04 0.0000E+003513 8454   89
 1.3994E-04 7.0108E-04 3.6085E+04 1.0000E+00 4.8224E-05 2.4160E-043513 8454   90
 3.6086E+04 0.0000E+00 3.9404E-03 4.0980E-03 3.6087E+04 0.0000E+003513 8454   91
 2.2107E-02 1.0390E-02 3.6088E+04 0.0000E+00 6.4213E-02 1.6695E-023513 8454   92
 3.6089E+04 0.0000E+00 8.0139E-02 1.5226E-02 3.6090E+04 0.0000E+003513 8454   93
 7.4728E-02 1.7935E-02 3.6091E+04 0.0000E+00 3.7004E-02 1.4061E-023513 8454   94
 3.6092E+04 0.0000E+00 1.2855E-02 9.6416E-03 3.6093E+04 0.0000E+003513 8454   95
 1.6822E-03 2.6241E-03 3.6094E+04 0.0000E+00 1.5866E-04 5.2039E-043513 8454   96
 3.6095E+04 0.0000E+00 8.2001E-06 5.6252E-05 3.6096E+04 0.0000E+003513 8454   97
 3.0101E-07 4.2654E-06 3.6097E+04 0.0000E+00 4.4145E-09 1.2807E-073513 8454   98
 3.6098E+04 0.0000E+00 3.8924E-11 2.3055E-09 3.6099E+04 0.0000E+003513 8454   99
 1.2965E-13 1.2963E-11 3.7084E+04 0.0000E+00 1.6112E-11 1.6110E-093513 8454  100
 3.7084E+04 1.0000E+00 1.8387E-11 1.8385E-09 3.7085E+04 0.0000E+003513 8454  101
 1.6648E-08 3.9172E-07 3.7086E+04 0.0000E+00 9.0649E-07 1.6652E-053513 8454  102
 3.7086E+04 1.0000E+00 1.0345E-06 1.9004E-05 3.7087E+04 0.0000E+003513 8454  103
 9.4982E-05 3.4858E-04 3.7088E+04 0.0000E+00 1.1303E-03 1.7068E-033513 8454  104
 3.7089E+04 0.0000E+00 8.5573E-03 5.6478E-03 3.7090E+04 0.0000E+003513 8454  105
 6.0249E-03 4.0367E-03 3.7090E+04 1.0000E+00 1.6754E-02 1.1225E-023513 8454  106
 3.7091E+04 0.0000E+00 5.3415E-02 1.1751E-02 3.7092E+04 0.0000E+003513 8454  107
 4.9642E-02 9.9284E-03 3.7093E+04 0.0000E+00 3.2990E-02 9.2373E-033513 8454  108
 3.7094E+04 0.0000E+00 9.1654E-03 4.3994E-03 3.7095E+04 0.0000E+003513 8454  109
 2.5373E-03 2.3343E-03 3.7096E+04 0.0000E+00 2.7559E-04 5.0985E-043513 8454  110
 3.7096E+04 1.0000E+00 0.0000E+00 0.0000E+00 3.7097E+04 0.0000E+003513 8454  111
 2.1210E-05 8.0387E-05 3.7098E+04 0.0000E+00 5.4117E-07 4.2157E-063513 8454  112
 3.7098E+04 1.0000E+00 0.0000E+00 0.0000E+00 3.7099E+04 0.0000E+003513 8454  113
 9.3511E-09 1.5111E-07 3.7100E+04 0.0000E+00 5.5874E-11 1.8936E-093513 8454  114
 3.7101E+04 0.0000E+00 2.6531E-13 1.9105E-11 3.8084E+04 0.0000E+003513 8454  115
 0.0000E+00 0.0000E+00 3.8086E+04 0.0000E+00 3.2247E-11 2.7755E-093513 8454  116
 3.8087E+04 0.0000E+00 3.0521E-10 2.0363E-08 3.8087E+04 1.0000E+003513 8454  117
 9.2283E-09 6.1571E-07 3.8088E+04 0.0000E+00 1.1106E-06 1.4615E-053513 8454  118
 3.8089E+04 0.0000E+00 4.0552E-05 2.1493E-04 3.8090E+04 0.0000E+003513 8454  119
 8.0497E-04 1.7709E-03 3.8091E+04 0.0000E+00 6.5498E-03 6.2878E-033513 8454  120
 3.8092E+04 0.0000E+00 3.1702E-02 1.4583E-02 3.8093E+04 0.0000E+003513 8454  121
 5.3774E-02 1.4519E-02 3.8094E+04 0.0000E+00 6.5763E-02 1.3153E-023513 8454  122
 3.8095E+04 0.0000E+00 4.5801E-02 1.0534E-02 3.8096E+04 0.0000E+003513 8454  123
 2.3636E-02 7.7998E-03 3.8097E+04 0.0000E+00 5.0259E-03 2.8648E-033513 8454  124
 3.8098E+04 0.0000E+00 6.5770E-04 7.1689E-04 3.8099E+04 0.0000E+003513 8454  125
 3.3288E-05 7.3567E-05 3.8100E+04 0.0000E+00 1.0704E-06 4.9558E-063513 8454  126
 3.8101E+04 0.0000E+00 1.5497E-08 1.5373E-07 3.9088E+04 0.0000E+003513 8454  127
 2.6042E-12 2.6039E-10 3.9089E+04 0.0000E+00 2.1870E-10 2.0436E-083513 8454  128
 3.9089E+04 1.0000E+00 7.5452E-10 7.0502E-08 3.9090E+04 0.0000E+003513 8454  129
 5.3352E-08 1.9991E-06 3.9090E+04 1.0000E+00 4.6174E-08 1.7301E-063513 8454  130
 3.9091E+04 0.0000E+00 1.7105E-06 2.6342E-05 3.9091E+04 1.0000E+003513 8454  131
 4.9636E-06 7.6439E-05 3.9092E+04 0.0000E+00 1.2913E-04 4.2097E-043513 8454  132
 3.9093E+04 0.0000E+00 3.4349E-04 9.8926E-04 3.9093E+04 1.0000E+003513 8454  133
 9.9676E-04 2.8707E-03 3.9094E+04 0.0000E+00 4.7112E-03 3.2036E-033513 8454  134
 3.9095E+04 0.0000E+00 1.4680E-02 5.4316E-03 3.9096E+04 0.0000E+003513 8454  135
 2.4844E-03 1.2671E-03 3.9096E+04 1.0000E+00 1.4964E-02 7.6318E-033513 8454  136
 3.9097E+04 0.0000E+00 3.9361E-03 1.8106E-03 3.9097E+04 1.0000E+003513 8454  137
 1.1422E-02 5.2540E-03 3.9098E+04 0.0000E+00 1.2955E-03 7.9027E-043513 8454  138
 3.9098E+04 1.0000E+00 3.6026E-03 2.1975E-03 3.9099E+04 0.0000E+003513 8454  139
 1.1724E-03 5.2760E-04 3.9100E+04 0.0000E+00 2.8195E-05 4.3421E-053513 8454  140
 3.9100E+04 1.0000E+00 7.8405E-05 1.2074E-04 3.9101E+04 0.0000E+003513 8454  141
 8.2843E-06 1.2344E-05 3.9102E+04 0.0000E+00 1.4679E-09 3.4790E-083513 8454  142
 3.9103E+04 0.0000E+00 1.7585E-11 7.7232E-10 3.9104E+04 0.0000E+003513 8454  143
 1.4902E-13 1.2269E-11 3.9106E+04 0.0000E+00 2.1851E-10 1.6955E-093513 8454  144
 3.9107E+04 0.0000E+00 2.2130E-12 4.6229E-11 4.0090E+04 0.0000E+003513 8454  145
 1.4699E-13 1.4698E-11 4.0090E+04 1.0000E+00 4.0875E-13 4.0871E-113513 8454  146
 4.0091E+04 0.0000E+00 2.0018E-10 1.3129E-08 4.0092E+04 0.0000E+003513 8454  147
 3.3725E-08 9.1157E-07 4.0093E+04 0.0000E+00 1.5160E-06 1.7358E-053513 8454  148
 4.0094E+04 0.0000E+00 3.6697E-05 1.8349E-04 4.0095E+04 0.0000E+003513 8454  149
 3.8398E-04 8.6780E-04 4.0096E+04 0.0000E+00 2.3998E-03 2.5678E-033513 8454  150
 4.0097E+04 0.0000E+00 5.4424E-03 2.9933E-03 4.0098E+04 0.0000E+003513 8454  151
 7.3579E-03 2.6488E-03 4.0099E+04 0.0000E+00 4.0690E-03 1.3428E-033513 8454  152
 4.0100E+04 0.0000E+00 1.6132E-03 6.4529E-04 4.0101E+04 0.0000E+003513 8454  153
 3.3284E-04 1.8639E-04 4.0102E+04 0.0000E+00 2.9441E-05 3.2679E-053513 8454  154
 4.0103E+04 0.0000E+00 2.3880E-06 4.4178E-06 4.0104E+04 0.0000E+003513 8454  155
 1.4820E-07 4.7423E-07 4.0105E+04 0.0000E+00 1.1870E-08 6.6592E-083513 8454  156
 4.0106E+04 0.0000E+00 1.0057E-07 2.1220E-07 4.0107E+04 0.0000E+003513 8454  157
 6.3248E-09 2.2643E-08 4.0108E+04 0.0000E+00 1.6880E-10 1.4466E-093513 8454  158
 4.0109E+04 0.0000E+00 1.9881E-12 4.3957E-11 4.1093E+04 0.0000E+003513 8454  159
 3.2788E-13 3.2785E-11 4.1093E+04 1.0000E+00 9.9139E-12 9.9129E-103513 8454  160
 4.1094E+04 0.0000E+00 5.0692E-10 4.0873E-08 4.1094E+04 1.0000E+003513 8454  161
 5.8572E-10 4.7227E-08 4.1095E+04 0.0000E+00 6.1074E-08 2.1559E-063513 8454  162
 4.1095E+04 1.0000E+00 2.1047E-08 7.4295E-07 4.1096E+04 0.0000E+003513 8454  163
 1.8672E-06 1.4751E-05 4.1097E+04 0.0000E+00 1.8776E-05 1.3519E-043513 8454  164
 4.1097E+04 1.0000E+00 6.4704E-06 4.6587E-05 4.1098E+04 0.0000E+003513 8454  165
 3.4539E-05 1.1605E-04 4.1098E+04 1.0000E+00 6.8624E-05 2.3058E-043513 8454  166
 4.1099E+04 0.0000E+00 2.0943E-04 3.4975E-04 4.1099E+04 1.0000E+003513 8454  167
 7.2173E-05 1.2053E-04 4.1100E+04 0.0000E+00 7.4523E-05 7.9740E-053513 8454  168
 4.1100E+04 1.0000E+00 2.0723E-04 2.2174E-04 4.1101E+04 0.0000E+003513 8454  169
 2.5219E-04 1.3618E-04 4.1102E+04 0.0000E+00 6.1350E-05 8.8958E-053513 8454  170
 4.1102E+04 1.0000E+00 7.0015E-05 1.0152E-04 4.1103E+04 0.0000E+003513 8454  171
 3.4057E-05 3.4739E-05 4.1104E+04 0.0000E+00 6.0745E-06 1.7373E-053513 8454  172
 4.1104E+04 1.0000E+00 2.2517E-06 6.4399E-06 4.1105E+04 0.0000E+003513 8454  173
 3.2333E-06 5.5937E-06 4.1106E+04 0.0000E+00 1.8476E-06 3.2703E-063513 8454  174
 4.1107E+04 0.0000E+00 6.2080E-07 1.1174E-06 4.1108E+04 0.0000E+003513 8454  175
 9.3733E-08 1.9871E-07 4.1109E+04 0.0000E+00 6.3058E-09 2.3331E-083513 8454  176
 4.1110E+04 0.0000E+00 1.9733E-10 1.6891E-09 4.1111E+04 0.0000E+003513 8454  177
 3.0392E-12 6.3519E-11 4.2094E+04 0.0000E+00 1.9396E-15 1.9395E-133513 8454  178
 4.2095E+04 0.0000E+00 6.5413E-13 6.5406E-11 4.2096E+04 0.0000E+003513 8454  179
 1.1083E-10 6.8648E-09 4.2097E+04 0.0000E+00 5.8163E-09 1.6018E-073513 8454  180
 4.2098E+04 0.0000E+00 1.5681E-07 1.9319E-06 4.2099E+04 0.0000E+003513 8454  181
 1.4939E-06 8.2465E-06 4.2100E+04 0.0000E+00 8.8519E-06 2.2041E-053513 8454  182
 4.2101E+04 0.0000E+00 2.4229E-05 2.9317E-05 4.2102E+04 0.0000E+003513 8454  183
 1.0936E-06 4.3305E-06 4.2103E+04 0.0000E+00 1.2061E-06 2.8463E-063513 8454  184
 4.2104E+04 0.0000E+00 1.0552E-06 1.9417E-06 4.2105E+04 0.0000E+003513 8454  185
 1.2487E-06 2.2851E-06 4.2106E+04 0.0000E+00 2.0010E-06 3.5417E-063513 8454  186
 4.2107E+04 0.0000E+00 2.9147E-06 5.0425E-06 4.2108E+04 0.0000E+003513 8454  187
 2.0390E-06 3.4662E-06 4.2109E+04 0.0000E+00 6.8237E-07 1.1805E-063513 8454  188
 4.2110E+04 0.0000E+00 1.0984E-07 2.2738E-07 4.2111E+04 0.0000E+003513 8454  189
 8.6979E-09 3.0617E-08 4.2112E+04 0.0000E+00 3.5061E-10 2.6962E-093513 8454  190
 4.2113E+04 0.0000E+00 7.4459E-12 1.3239E-10 4.2114E+04 0.0000E+003513 8454  191
 8.5527E-14 3.5100E-12 4.3098E+04 0.0000E+00 1.0281E-12 9.6576E-113513 8454  192
 4.3099E+04 0.0000E+00 5.1448E-11 4.2342E-09 4.3099E+04 1.0000E+003513 8454  193
 1.7730E-11 1.4591E-09 4.3100E+04 0.0000E+00 1.5737E-09 2.8106E-083513 8454  194
 4.3101E+04 0.0000E+00 2.8854E-08 2.2160E-07 4.3102E+04 0.0000E+003513 8454  195
 1.0624E-13 1.0623E-11 4.3102E+04 1.0000E+00 2.9542E-13 2.9539E-113513 8454  196
 4.3103E+04 0.0000E+00 3.1891E-12 1.9377E-10 4.3104E+04 0.0000E+003513 8454  197
 2.0033E-11 6.5008E-10 4.3105E+04 0.0000E+00 1.6320E-10 2.8267E-093513 8454  198
 4.3106E+04 0.0000E+00 1.3010E-07 2.6669E-07 4.3107E+04 0.0000E+003513 8454  199
 8.8345E-07 1.5637E-06 4.3108E+04 0.0000E+00 2.5665E-06 4.3374E-063513 8454  200
 4.3109E+04 0.0000E+00 3.4882E-06 5.7555E-06 4.3110E+04 0.0000E+003513 8454  201
 2.3947E-06 3.9034E-06 4.3111E+04 0.0000E+00 8.5482E-07 1.4276E-063513 8454  202
 4.3112E+04 0.0000E+00 1.5998E-07 3.1356E-07 4.3113E+04 0.0000E+003513 8454  203
 1.5864E-08 4.9178E-08 4.3114E+04 0.0000E+00 8.4512E-10 5.3411E-093513 8454  204
 4.3115E+04 0.0000E+00 2.4458E-11 3.4266E-10 4.3116E+04 0.0000E+003513 8454  205
 3.8597E-13 1.2123E-11 4.4099E+04 0.0000E+00 1.5120E-16 1.5118E-143513 8454  206
 4.4100E+04 0.0000E+00 2.6425E-14 2.6422E-12 4.4101E+04 0.0000E+003513 8454  207
 2.0508E-12 1.1411E-10 4.4102E+04 0.0000E+00 0.0000E+00 0.0000E+003513 8454  208
 4.4103E+04 0.0000E+00 0.0000E+00 0.0000E+00 4.4104E+04 0.0000E+003513 8454  209
 0.0000E+00 0.0000E+00 4.4105E+04 0.0000E+00 0.0000E+00 0.0000E+003513 8454  210
 4.4106E+04 0.0000E+00 3.4466E-10 2.4091E-09 4.4107E+04 0.0000E+003513 8454  211
 1.3502E-08 4.0776E-08 4.4108E+04 0.0000E+00 1.9700E-07 3.8021E-073513 8454  212
 4.4109E+04 0.0000E+00 1.1492E-06 2.7557E-06 4.4110E+04 0.0000E+003513 8454  213
 3.0201E-06 4.9228E-06 4.4111E+04 0.0000E+00 4.0179E-06 6.3884E-063513 8454  214
 4.4112E+04 0.0000E+00 2.9163E-06 4.6369E-06 4.4113E+04 0.0000E+003513 8454  215
 1.1837E-06 1.9176E-06 4.4114E+04 0.0000E+00 2.6821E-07 4.8814E-073513 8454  216
 4.4115E+04 0.0000E+00 3.3695E-08 8.8280E-08 4.4116E+04 0.0000E+003513 8454  217
 2.3314E-09 1.1541E-08 4.4117E+04 0.0000E+00 8.8045E-11 9.3151E-103513 8454  218
 4.4118E+04 0.0000E+00 1.7893E-12 4.1799E-11 4.5103E+04 0.0000E+003513 8454  219
 0.0000E+00 0.0000E+00 4.5103E+04 1.0000E+00 0.0000E+00 0.0000E+003513 8454  220
 4.5105E+04 0.0000E+00 0.0000E+00 0.0000E+00 4.5105E+04 1.0000E+003513 8454  221
 0.0000E+00 0.0000E+00 4.5106E+04 0.0000E+00 1.1658E-14 1.0562E-123513 8454  222
 4.5107E+04 0.0000E+00 7.2998E-12 1.2030E-10 4.5108E+04 0.0000E+003513 8454  223
 4.1823E-10 5.2822E-09 4.5108E+04 1.0000E+00 2.1050E-10 2.6586E-093513 8454  224
 4.5109E+04 0.0000E+00 1.9331E-08 5.5287E-08 4.5110E+04 0.0000E+003513 8454  225
 2.4603E-08 9.2262E-08 4.5110E+04 1.0000E+00 2.0772E-07 7.7895E-073513 8454  226
 4.5111E+04 0.0000E+00 1.2191E-06 1.9994E-06 4.5112E+04 0.0000E+003513 8454  227
 3.1363E-06 4.9554E-06 4.5113E+04 0.0000E+00 4.3780E-06 6.8297E-063513 8454  228
 4.5114E+04 0.0000E+00 9.3478E-07 2.9165E-06 4.5114E+04 1.0000E+003513 8454  229
 2.5994E-06 8.1101E-06 4.5115E+04 0.0000E+00 1.6789E-06 2.6694E-063513 8454  230
 4.5116E+04 0.0000E+00 1.5508E-07 5.3347E-07 4.5116E+04 1.0000E+003513 8454  231
 3.0812E-07 1.0599E-06 4.5117E+04 0.0000E+00 7.2502E-08 1.6168E-073513 8454  232
 4.5118E+04 0.0000E+00 6.2807E-09 2.4118E-08 4.5119E+04 0.0000E+003513 8454  233
 2.9364E-10 2.3256E-09 4.5120E+04 0.0000E+00 7.2162E-12 1.2556E-103513 8454  234
 4.5121E+04 0.0000E+00 9.0660E-14 3.5348E-12 4.6105E+04 0.0000E+003513 8454  235
 0.0000E+00 0.0000E+00 4.6106E+04 0.0000E+00 0.0000E+00 0.0000E+003513 8454  236
 4.6107E+04 0.0000E+00 5.4566E-17 5.4560E-15 4.6108E+04 0.0000E+003513 8454  237
 6.4486E-14 2.6278E-12 4.6109E+04 0.0000E+00 5.3206E-12 1.6563E-103513 8454  238
 4.6109E+04 1.0000E+00 6.2703E-12 1.9519E-10 4.6110E+04 0.0000E+003513 8454  239
 7.4325E-10 4.6750E-09 4.6111E+04 0.0000E+00 8.5635E-09 5.0439E-083513 8454  240
 4.6111E+04 1.0000E+00 1.0092E-08 5.9442E-08 4.6112E+04 0.0000E+003513 8454  241
 2.0233E-07 3.8241E-07 4.6113E+04 0.0000E+00 4.0743E-07 1.3282E-063513 8454  242
 4.6113E+04 1.0000E+00 6.3917E-07 2.0837E-06 4.6114E+04 0.0000E+003513 8454  243
 2.8370E-06 4.4541E-06 4.6115E+04 0.0000E+00 4.3704E-06 6.7741E-063513 8454  244
 4.6115E+04 1.0000E+00 0.0000E+00 0.0000E+00 4.6116E+04 0.0000E+003513 8454  245
 4.0318E-06 6.2896E-06 4.6117E+04 0.0000E+00 2.2542E-06 3.5616E-063513 8454  246
 4.6118E+04 0.0000E+00 7.4750E-07 1.2483E-06 4.6119E+04 0.0000E+003513 8454  247
 1.4168E-07 2.8195E-07 4.6120E+04 0.0000E+00 1.4761E-08 4.5465E-083513 8454  248
 4.6121E+04 0.0000E+00 8.1493E-10 4.9303E-09 4.6122E+04 0.0000E+003513 8454  249
 2.3043E-11 3.0532E-10 4.6123E+04 0.0000E+00 3.2383E-13 9.7245E-123513 8454  250
 4.7109E+04 0.0000E+00 3.2466E-17 3.2463E-15 4.7109E+04 1.0000E+003513 8454  251
 1.7747E-16 1.7745E-14 4.7111E+04 0.0000E+00 1.8704E-12 6.1554E-113513 8454  252
 4.7111E+04 1.0000E+00 8.2294E-12 2.7083E-10 4.7112E+04 0.0000E+003513 8454  253
 5.3140E-10 3.7039E-09 4.7113E+04 0.0000E+00 2.2547E-09 1.4881E-083513 8454  254
 4.7113E+04 1.0000E+00 9.9202E-09 6.5473E-08 4.7114E+04 0.0000E+003513 8454  255
 6.1623E-08 2.4834E-07 4.7114E+04 1.0000E+00 7.0326E-08 2.8341E-073513 8454  256
 4.7115E+04 0.0000E+00 1.3515E-07 4.4869E-07 4.7115E+04 1.0000E+003513 8454  257
 5.9463E-07 1.9742E-06 4.7116E+04 0.0000E+00 8.8496E-07 2.7965E-063513 8454  258
 4.7116E+04 1.0000E+00 1.3236E-06 4.1824E-06 4.7117E+04 0.0000E+003513 8454  259
 7.1994E-07 2.2534E-06 4.7117E+04 1.0000E+00 3.1677E-06 9.9147E-063513 8454  260
 4.7118E+04 0.0000E+00 2.2256E-06 7.0108E-06 4.7118E+04 1.0000E+003513 8454  261
 1.9262E-06 6.0676E-06 4.7119E+04 0.0000E+00 2.7156E-06 4.3721E-063513 8454  262
 4.7119E+04 1.0000E+00 0.0000E+00 0.0000E+00 4.7120E+04 0.0000E+003513 8454  263
 5.6852E-07 1.9045E-06 4.7120E+04 1.0000E+00 4.9203E-07 1.6483E-063513 8454  264
 4.7121E+04 0.0000E+00 2.3628E-07 4.4422E-07 4.7122E+04 0.0000E+003513 8454  265
 1.8837E-08 9.8327E-08 4.7122E+04 1.0000E+00 9.7569E-09 5.0931E-083513 8454  266
 4.7123E+04 0.0000E+00 1.8008E-09 8.6621E-09 4.7130E+04 0.0000E+003513 8454  267
 1.2540E-13 1.1889E-11 4.8111E+04 0.0000E+00 4.6811E-17 4.6806E-153513 8454  268
 4.8112E+04 0.0000E+00 4.4453E-14 2.0230E-12 4.8113E+04 0.0000E+003513 8454  269
 1.5654E-12 6.0503E-11 4.8113E+04 1.0000E+00 3.3438E-12 1.2924E-103513 8454  270
 4.8114E+04 0.0000E+00 2.4071E-10 2.0412E-09 4.8115E+04 0.0000E+003513 8454  271
 1.7938E-09 1.4332E-08 4.8115E+04 1.0000E+00 3.8317E-09 3.0615E-083513 8454  272
 4.8116E+04 0.0000E+00 6.6568E-08 1.5111E-07 4.8117E+04 0.0000E+003513 8454  273
 1.3399E-07 4.6629E-07 4.8117E+04 1.0000E+00 2.8622E-07 9.9604E-073513 8454  274
 4.8118E+04 0.0000E+00 1.4830E-06 2.4024E-06 4.8119E+04 0.0000E+003513 8454  275
 9.7391E-07 3.1165E-06 4.8119E+04 1.0000E+00 2.0804E-06 6.6572E-063513 8454  276
 4.8120E+04 0.0000E+00 3.7954E-06 6.1486E-06 4.8121E+04 0.0000E+003513 8454  277
 9.1617E-07 3.0325E-06 4.8121E+04 1.0000E+00 1.9570E-06 6.4777E-063513 8454  278
 4.8122E+04 0.0000E+00 1.2939E-06 2.2256E-06 4.8123E+04 0.0000E+003513 8454  279
 1.2879E-07 4.8037E-07 4.8123E+04 1.0000E+00 2.0204E-07 7.5361E-073513 8454  280
 4.8124E+04 0.0000E+00 6.6027E-10 7.9430E-09 4.8125E+04 0.0000E+003513 8454  281
 3.4115E-11 1.3646E-09 4.8125E+04 1.0000E+00 5.3520E-11 2.1408E-093513 8454  282
 4.8126E+04 0.0000E+00 1.6772E-11 5.6437E-10 4.8127E+04 0.0000E+003513 8454  283
 4.4150E-12 2.5250E-10 4.8128E+04 0.0000E+00 9.1901E-13 9.0100E-113513 8454  284
 4.8129E+04 0.0000E+00 1.2139E-13 1.2137E-11 4.8130E+04 0.0000E+003513 8454  285
 1.9530E-08 2.5213E-07 4.8131E+04 0.0000E+00 8.5732E-10 2.5222E-083513 8454  286
 4.8132E+04 0.0000E+00 1.5559E-11 1.0692E-09 4.9113E+04 0.0000E+003513 8454  287
 0.0000E+00 0.0000E+00 4.9115E+04 0.0000E+00 1.0875E-12 5.3420E-113513 8454  288
 4.9115E+04 1.0000E+00 3.7478E-13 1.8409E-11 4.9116E+04 0.0000E+003513 8454  289
 1.9542E-11 6.4470E-10 4.9116E+04 1.0000E+00 3.8827E-11 1.2809E-093513 8454  290
 4.9116E+04 2.0000E+00 1.6913E-11 5.5797E-10 4.9117E+04 0.0000E+003513 8454  291
 1.4678E-09 1.5060E-08 4.9117E+04 1.0000E+00 5.0584E-10 5.1899E-093513 8454  292
 4.9118E+04 0.0000E+00 7.1061E-09 5.7985E-08 4.9118E+04 1.0000E+003513 8454  293
 1.4119E-08 1.1521E-07 4.9118E+04 2.0000E+00 6.1500E-09 5.0184E-083513 8454  294
 4.9119E+04 0.0000E+00 1.5400E-07 5.8366E-07 4.9119E+04 1.0000E+003513 8454  295
 5.3071E-08 2.0114E-07 4.9120E+04 0.0000E+00 2.2785E-07 1.1529E-063513 8454  296
 4.9120E+04 1.0000E+00 4.5270E-07 2.2906E-06 4.9120E+04 2.0000E+003513 8454  297
 1.9719E-07 9.9780E-07 4.9121E+04 0.0000E+00 1.5942E-06 5.3086E-063513 8454  298
 4.9121E+04 1.0000E+00 5.4937E-07 1.8294E-06 4.9122E+04 0.0000E+003513 8454  299
 8.0408E-07 4.0687E-06 4.9122E+04 1.0000E+00 1.5976E-06 8.0837E-063513 8454  300
 4.9122E+04 2.0000E+00 6.9590E-07 3.5213E-06 4.9123E+04 0.0000E+003513 8454  301
 1.9989E-06 6.9163E-06 4.9123E+04 1.0000E+00 6.8885E-07 2.3834E-063513 8454  302
 4.9124E+04 0.0000E+00 5.7619E-07 2.0973E-06 4.9124E+04 1.0000E+003513 8454  303
 1.1124E-06 4.0491E-06 4.9125E+04 0.0000E+00 7.7247E-07 2.8890E-063513 8454  304
 4.9125E+04 1.0000E+00 2.6620E-07 9.9560E-07 4.9126E+04 0.0000E+003513 8454  305
 3.3771E-07 1.2597E-06 4.9126E+04 1.0000E+00 6.5198E-07 2.4319E-063513 8454  306
 4.9127E+04 0.0000E+00 1.0247E-06 1.0246E-04 4.9127E+04 1.0000E+003513 8454  307
 3.5314E-07 3.5310E-05 4.9128E+04 0.0000E+00 1.0533E-06 7.3203E-063513 8454  308
 4.9128E+04 1.0000E+00 5.4557E-07 3.7917E-06 4.9129E+04 0.0000E+003513 8454  309
 9.1751E-07 1.0753E-05 4.9129E+04 1.0000E+00 3.1619E-07 3.7057E-063513 8454  310
 4.9130E+04 0.0000E+00 3.9420E-06 2.1760E-05 4.9130E+04 1.0000E+003513 8454  311
 5.8957E-06 3.2544E-05 4.9130E+04 2.0000E+00 1.6513E-06 9.1153E-063513 8454  312
 4.9131E+04 0.0000E+00 2.1610E-06 2.5867E-05 4.9131E+04 1.0000E+003513 8454  313
 7.4470E-07 8.9141E-06 4.9131E+04 2.0000E+00 4.4203E-07 5.2911E-063513 8454  314
 4.9132E+04 0.0000E+00 2.4619E-07 2.2354E-06 4.9133E+04 0.0000E+003513 8454  315
 1.0543E-08 2.2414E-07 4.9134E+04 0.0000E+00 1.2870E-10 6.5481E-093513 8454  316
 4.9135E+04 0.0000E+00 1.0240E-12 1.0239E-10 5.0115E+04 0.0000E+003513 8454  317
 1.1240E-17 1.1239E-15 5.0116E+04 0.0000E+00 2.6234E-15 1.9183E-133513 8454  318
 5.0117E+04 0.0000E+00 8.6340E-14 5.6432E-12 5.0117E+04 1.0000E+003513 8454  319
 2.1743E-13 1.4211E-11 5.0118E+04 0.0000E+00 1.8149E-11 2.6733E-103513 8454  320
 5.0119E+04 0.0000E+00 1.6341E-10 2.2143E-09 5.0119E+04 1.0000E+003513 8454  321
 4.1152E-10 5.5760E-09 5.0120E+04 0.0000E+00 9.8289E-09 3.3222E-083513 8454  322
 5.0121E+04 0.0000E+00 3.5733E-08 1.5222E-07 5.0121E+04 1.0000E+003513 8454  323
 5.6057E-08 2.3880E-07 5.0122E+04 0.0000E+00 4.7399E-07 8.4845E-073513 8454  324
 5.0123E+04 0.0000E+00 8.4287E-07 2.9501E-06 5.0123E+04 1.0000E+003513 8454  325
 5.3727E-07 1.8804E-06 5.0124E+04 0.0000E+00 2.3876E-06 4.2738E-063513 8454  326
 5.0125E+04 0.0000E+00 2.0981E-06 7.2594E-06 5.0125E+04 1.0000E+003513 8454  327
 1.3374E-06 4.6274E-06 5.0126E+04 0.0000E+00 8.3677E-06 1.1966E-053513 8454  328
 5.0127E+04 0.0000E+00 2.0831E-05 2.0829E-03 5.0127E+04 1.0000E+003513 8454  329
 1.3278E-05 1.3277E-03 5.0128E+04 0.0000E+00 5.4603E-05 5.4598E-033513 8454  330
 5.0128E+04 1.0000E+00 8.1665E-05 8.1657E-03 5.0129E+04 0.0000E+003513 8454  331
 1.6559E-04 1.6557E-02 5.0129E+04 1.0000E+00 2.5977E-04 2.5975E-023513 8454  332
 5.0130E+04 0.0000E+00 4.3074E-04 4.0920E-04 5.0130E+04 1.0000E+003513 8454  333
 6.4422E-04 6.1201E-04 5.0131E+04 0.0000E+00 3.8113E-04 4.9547E-043513 8454  334
 5.0131E+04 1.0000E+00 5.9792E-04 7.7729E-04 5.0132E+04 0.0000E+003513 8454  335
 4.5835E-04 5.8210E-04 5.0133E+04 0.0000E+00 7.7582E-05 2.1801E-043513 8454  336
 5.0134E+04 0.0000E+00 7.3977E-06 4.8233E-05 5.0135E+04 0.0000E+003513 8454  337
 2.7843E-07 4.3296E-06 5.0136E+04 0.0000E+00 4.6922E-09 1.7727E-073513 8454  338
 5.0137E+04 0.0000E+00 1.8608E-11 1.7350E-09 5.1119E+04 0.0000E+003513 8454  339
 5.0970E-14 2.2478E-12 5.1120E+04 0.0000E+00 2.0396E-12 8.0627E-113513 8454  340
 5.1120E+04 1.0000E+00 1.7652E-12 6.9780E-11 5.1121E+04 0.0000E+003513 8454  341
 1.5281E-10 1.3646E-09 5.1122E+04 0.0000E+00 1.9624E-09 1.6680E-083513 8454  342
 5.1122E+04 1.0000E+00 1.3444E-09 1.1427E-08 5.1123E+04 0.0000E+003513 8454  343
 3.8637E-08 9.4661E-08 5.1124E+04 0.0000E+00 1.2054E-09 2.8653E-083513 8454  344
 5.1124E+04 1.0000E+00 1.3757E-09 3.2699E-08 5.1124E+04 2.0000E+003513 8454  345
 6.2438E-10 1.4841E-08 5.1125E+04 0.0000E+00 1.8431E-08 9.1049E-083513 8454  346
 5.1126E+04 0.0000E+00 2.6488E-08 2.4713E-07 5.1126E+04 1.0000E+003513 8454  347
 8.4597E-08 7.8929E-07 5.1126E+04 2.0000E+00 5.1137E-08 4.7711E-073513 8454  348
 5.1127E+04 0.0000E+00 2.1137E-06 2.1135E-04 5.1128E+04 0.0000E+003513 8454  349
 1.6792E-05 1.6791E-03 5.1128E+04 1.0000E+00 7.0343E-06 7.0336E-043513 8454  350
 5.1129E+04 0.0000E+00 1.2265E-04 1.2264E-02 5.1129E+04 1.0000E+003513 8454  351
 6.7605E-05 6.7599E-03 5.1130E+04 0.0000E+00 5.3771E-04 4.4092E-043513 8454  352
 5.1130E+04 1.0000E+00 2.2525E-04 1.8470E-04 5.1131E+04 0.0000E+003513 8454  353
 3.0121E-03 3.0118E-01 5.1132E+04 0.0000E+00 2.7158E-03 1.7381E-033513 8454  354
 5.1132E+04 1.0000E+00 1.1376E-03 7.2809E-04 5.1133E+04 0.0000E+003513 8454  355
 3.7104E-03 1.7068E-03 5.1134E+04 0.0000E+00 5.1539E-04 9.2771E-043513 8454  356
 5.1134E+04 1.0000E+00 7.7083E-04 1.3875E-03 5.1135E+04 0.0000E+003513 8454  357
 3.5549E-04 7.1098E-04 5.1136E+04 0.0000E+00 2.6997E-05 1.2689E-043513 8454  358
 5.1137E+04 0.0000E+00 9.4304E-07 1.0666E-05 5.1138E+04 0.0000E+003513 8454  359
 9.3323E-09 2.5860E-07 5.1139E+04 0.0000E+00 7.3926E-11 5.0965E-093513 8454  360
 5.2122E+04 0.0000E+00 7.7315E-13 2.0125E-11 5.2123E+04 0.0000E+003513 8454  361
 1.2850E-11 2.9608E-10 5.2123E+04 1.0000E+00 2.7450E-11 6.3244E-103513 8454  362
 5.2124E+04 0.0000E+00 1.2587E-16 1.2586E-14 5.2125E+04 0.0000E+003513 8454  363
 1.1006E-15 1.1005E-13 5.2125E+04 1.0000E+00 2.7715E-15 2.7712E-133513 8454  364
 5.2126E+04 0.0000E+00 1.8336E-13 1.4553E-11 5.2127E+04 0.0000E+003513 8454  365
 5.0086E-12 4.6746E-10 5.2127E+04 1.0000E+00 7.8575E-12 7.3334E-103513 8454  366
 5.2128E+04 0.0000E+00 7.7536E-10 2.1121E-08 5.2129E+04 0.0000E+003513 8454  367
 1.2615E-08 3.9813E-07 5.2129E+04 1.0000E+00 1.9790E-08 6.2458E-073513 8454  368
 5.2130E+04 0.0000E+00 1.5990E-04 1.5988E-02 5.2131E+04 0.0000E+003513 8454  369
 5.5059E-04 5.5053E-02 5.2131E+04 1.0000E+00 9.9887E-04 9.9877E-023513 8454  370
 5.2132E+04 0.0000E+00 8.5556E-03 2.8234E-03 5.2133E+04 0.0000E+003513 8454  371
 7.9565E-03 3.8191E-03 5.2133E+04 1.0000E+00 1.2482E-02 5.9914E-033513 8454  372
 5.2134E+04 0.0000E+00 3.5049E-02 8.4117E-03 5.2135E+04 0.0000E+003513 8454  373
 3.0950E-02 1.0523E-02 5.2136E+04 0.0000E+00 1.5675E-02 1.0189E-023513 8454  374
 5.2137E+04 0.0000E+00 2.3086E-03 3.2782E-03 5.2138E+04 0.0000E+003513 8454  375
 1.9210E-04 6.4161E-04 5.2139E+04 0.0000E+00 7.7832E-06 6.2888E-053513 8454  376
 5.2140E+04 0.0000E+00 1.8986E-07 3.7839E-06 5.2141E+04 0.0000E+003513 8454  377
 1.3718E-09 6.8520E-08 5.2142E+04 0.0000E+00 3.7800E-12 3.7796E-103513 8454  378
 5.3127E+04 0.0000E+00 0.0000E+00 0.0000E+00 5.3129E+04 0.0000E+003513 8454  379
 1.2210E-16 1.2209E-14 5.3130E+04 0.0000E+00 1.1068E-07 1.1066E-053513 8454  380
 5.3130E+04 1.0000E+00 7.4000E-08 7.3993E-06 5.3131E+04 0.0000E+003513 8454  381
 9.0960E-06 9.0951E-04 5.3132E+04 0.0000E+00 6.5599E-05 6.5593E-033513 8454  382
 5.3132E+04 1.0000E+00 7.4864E-05 7.4857E-03 5.3133E+04 0.0000E+003513 8454  383
 1.2116E-03 1.6841E-03 5.3133E+04 1.0000E+00 4.0769E-04 5.6669E-043513 8454  384
 5.3134E+04 0.0000E+00 4.9989E-03 3.7492E-03 5.3134E+04 1.0000E+003513 8454  385
 2.0940E-03 1.5705E-03 5.3135E+04 0.0000E+00 2.8400E-02 6.8159E-033513 8454  386
 5.3136E+04 0.0000E+00 1.8141E-02 7.0750E-03 5.3136E+04 1.0000E+003513 8454  387
 2.0703E-02 8.0743E-03 5.3137E+04 0.0000E+00 3.1902E-02 8.6136E-033513 8454  388
 5.3138E+04 0.0000E+00 9.6769E-03 4.5482E-03 5.3139E+04 0.0000E+003513 8454  389
 2.9649E-03 2.9649E-03 5.3140E+04 0.0000E+00 3.4254E-04 8.0154E-043513 8454  390
 5.3141E+04 0.0000E+00 2.3269E-05 1.3171E-04 5.3142E+04 0.0000E+003513 8454  391
 3.6696E-07 5.1558E-06 5.3143E+04 0.0000E+00 3.1635E-09 1.1246E-073513 8454  392
 5.3144E+04 0.0000E+00 7.1823E-12 6.5740E-10 5.4130E+04 0.0000E+003513 8454  393
 2.8706E-11 1.2992E-09 5.4131E+04 0.0000E+00 1.1832E-09 5.1479E-083513 8454  394
 5.4131E+04 1.0000E+00 2.9795E-09 1.2964E-07 5.4132E+04 0.0000E+003513 8454  395
 3.5268E-07 3.5265E-05 5.4133E+04 0.0000E+00 4.9333E-06 4.7064E-053513 8454  396
 5.4133E+04 1.0000E+00 7.7394E-06 7.3834E-05 5.4134E+04 0.0000E+003513 8454  397
 1.2388E-04 5.4507E-04 5.4134E+04 1.0000E+00 1.8527E-04 8.1521E-043513 8454  398
 5.4135E+04 0.0000E+00 1.4346E-03 2.9409E-03 5.4135E+04 1.0000E+003513 8454  399
 2.2506E-03 4.6136E-03 5.4136E+04 0.0000E+00 2.5200E-02 1.2600E-023513 8454  400
 5.4137E+04 0.0000E+00 5.4611E-02 1.5291E-02 5.4138E+04 0.0000E+003513 8454  401
 8.0218E-02 1.6044E-02 5.4139E+04 0.0000E+00 7.4358E-02 1.6359E-023513 8454  402
 5.4140E+04 0.0000E+00 5.5267E-02 1.9343E-02 5.4141E+04 0.0000E+003513 8454  403
 1.5863E-02 1.1104E-02 5.4142E+04 0.0000E+00 2.1825E-03 3.5138E-033513 8454  404
 5.4143E+04 0.0000E+00 1.0256E-04 3.9998E-04 5.4144E+04 0.0000E+003513 8454  405
 2.5246E-06 2.4615E-05 5.4145E+04 0.0000E+00 2.2656E-08 5.6550E-073513 8454  406
 5.4146E+04 0.0000E+00 7.7098E-11 5.0207E-09 5.5132E+04 0.0000E+003513 8454  407
 2.9675E-12 2.3066E-10 5.5133E+04 0.0000E+00 5.9915E-10 2.1863E-083513 8454  408
 5.5134E+04 0.0000E+00 3.7506E-08 1.2647E-06 5.5134E+04 1.0000E+003513 8454  409
 9.9464E-09 3.3539E-07 5.5135E+04 0.0000E+00 2.5263E-06 3.8830E-053513 8454  410
 5.5135E+04 1.0000E+00 8.5008E-07 1.3066E-05 5.5136E+04 0.0000E+003513 8454  411
 5.8425E-05 4.0605E-04 5.5136E+04 1.0000E+00 1.8293E-05 1.2714E-043513 8454  412
 5.5137E+04 0.0000E+00 9.6011E-04 1.5170E-03 5.5138E+04 0.0000E+003513 8454  413
 2.2653E-03 3.3300E-03 5.5138E+04 1.0000E+00 1.9605E-03 2.8820E-033513 8454  414
 5.5139E+04 0.0000E+00 1.9452E-02 7.1970E-03 5.5140E+04 0.0000E+003513 8454  415
 3.8833E-02 8.9316E-03 5.5141E+04 0.0000E+00 5.8050E-02 1.1029E-023513 8454  416
 5.5142E+04 0.0000E+00 2.7302E-02 7.3714E-03 5.5143E+04 0.0000E+003513 8454  417
 9.5172E-03 4.7586E-03 5.5144E+04 0.0000E+00 1.1421E-03 1.2563E-033513 8454  418
 5.5144E+04 1.0000E+00 0.0000E+00 0.0000E+00 5.5145E+04 0.0000E+003513 8454  419
 1.0289E-04 2.7265E-04 5.5146E+04 0.0000E+00 2.1969E-06 1.4697E-053513 8454  420
 5.5147E+04 0.0000E+00 1.6528E-08 2.8626E-07 5.5148E+04 0.0000E+003513 8454  421
 2.7083E-11 1.2417E-09 5.6134E+04 0.0000E+00 7.3478E-13 7.3470E-113513 8454  422
 5.6135E+04 0.0000E+00 4.9524E-11 4.9520E-09 5.6135E+04 1.0000E+003513 8454  423
 1.2472E-10 1.2470E-08 5.6136E+04 0.0000E+00 9.8522E-09 5.4877E-073513 8454  424
 5.6136E+04 1.0000E+00 1.4735E-08 8.2074E-07 5.6137E+04 0.0000E+003513 8454  425
 3.1001E-07 7.7874E-06 5.6137E+04 1.0000E+00 7.8068E-07 1.9611E-053513 8454  426
 5.6138E+04 0.0000E+00 3.0811E-05 1.7316E-04 5.6139E+04 0.0000E+003513 8454  427
 4.9653E-04 1.2463E-03 5.6140E+04 0.0000E+00 5.8809E-03 6.6454E-033513 8454  428
 5.6141E+04 0.0000E+00 2.6517E-02 1.4054E-02 5.6142E+04 0.0000E+003513 8454  429
 6.2888E-02 1.8237E-02 5.6143E+04 0.0000E+00 6.2856E-02 1.3200E-023513 8454  430
 5.6144E+04 0.0000E+00 4.4729E-02 1.0735E-02 5.6145E+04 0.0000E+003513 8454  431
 1.6322E-02 6.2025E-03 5.6146E+04 0.0000E+00 3.0897E-03 2.3791E-033513 8454  432
 5.6147E+04 0.0000E+00 1.3490E-04 2.4283E-04 5.6148E+04 0.0000E+003513 8454  433
 2.6347E-06 1.1961E-05 5.6149E+04 0.0000E+00 1.9372E-08 2.3052E-073513 8454  434
 5.6150E+04 0.0000E+00 6.2913E-11 2.0094E-09 5.7137E+04 0.0000E+003513 8454  435
 5.0583E-12 5.0578E-10 5.7138E+04 0.0000E+00 5.1044E-10 2.3955E-083513 8454  436
 5.7139E+04 0.0000E+00 5.4389E-08 1.1438E-06 5.7140E+04 0.0000E+003513 8454  437
 2.4129E-06 2.2537E-05 5.7141E+04 0.0000E+00 7.2985E-05 3.0070E-043513 8454  438
 5.7142E+04 0.0000E+00 6.2199E-04 1.1320E-03 5.7143E+04 0.0000E+003513 8454  439
 3.6970E-03 3.0315E-03 5.7144E+04 0.0000E+00 7.8741E-03 3.2284E-033513 8454  440
 5.7145E+04 0.0000E+00 1.4840E-02 4.0067E-03 5.7146E+04 0.0000E+003513 8454  441
 4.1277E-03 2.1051E-03 5.7146E+04 1.0000E+00 4.7107E-03 2.4024E-033513 8454  442
 5.7147E+04 0.0000E+00 2.6719E-03 9.6187E-04 5.7148E+04 0.0000E+003513 8454  443
 2.5261E-04 1.5409E-04 5.7149E+04 0.0000E+00 1.9624E-05 2.5119E-053513 8454  444
 5.7150E+04 0.0000E+00 4.3777E-07 1.3615E-06 5.7151E+04 0.0000E+003513 8454  445
 4.2914E-09 3.4803E-08 5.7152E+04 0.0000E+00 7.0595E-12 1.5503E-103513 8454  446
 5.8139E+04 0.0000E+00 9.4321E-14 9.4311E-12 5.8139E+04 1.0000E+003513 8454  447
 1.4797E-13 1.4796E-11 5.8140E+04 0.0000E+00 7.2148E-11 5.8599E-093513 8454  448
 5.8141E+04 0.0000E+00 8.4549E-09 3.0607E-07 5.8142E+04 0.0000E+003513 8454  449
 5.1624E-07 8.2341E-06 5.8143E+04 0.0000E+00 1.2402E-05 8.6316E-053513 8454  450
 5.8144E+04 0.0000E+00 1.8888E-04 5.6853E-04 5.8145E+04 0.0000E+003513 8454  451
 1.3316E-03 1.7577E-03 5.8146E+04 0.0000E+00 4.7852E-03 2.9668E-033513 8454  452
 5.8147E+04 0.0000E+00 4.4148E-03 1.6776E-03 5.8148E+04 0.0000E+003513 8454  453
 2.3305E-03 8.8558E-04 5.8149E+04 0.0000E+00 6.6736E-04 3.3368E-043513 8454  454
 5.8150E+04 0.0000E+00 1.2651E-04 9.2351E-05 5.8151E+04 0.0000E+003513 8454  455
 7.3927E-06 9.1669E-06 5.8152E+04 0.0000E+00 1.5631E-07 3.8764E-073513 8454  456
 5.8153E+04 0.0000E+00 8.9805E-10 5.2446E-09 5.8154E+04 0.0000E+003513 8454  457
 4.2655E-13 1.0097E-11 5.9141E+04 0.0000E+00 2.6854E-15 2.6851E-133513 8454  458
 5.9142E+04 0.0000E+00 2.5261E-13 2.5259E-11 5.9142E+04 1.0000E+003513 8454  459
 3.7781E-13 3.7777E-11 5.9143E+04 0.0000E+00 1.0932E-10 6.9847E-093513 8454  460
 5.9144E+04 0.0000E+00 9.9061E-10 5.5286E-08 5.9144E+04 1.0000E+003513 8454  461
 5.9667E-09 3.3300E-07 5.9145E+04 0.0000E+00 3.7877E-07 4.5566E-063513 8454  462
 5.9146E+04 0.0000E+00 5.8827E-06 3.0178E-05 5.9147E+04 0.0000E+003513 8454  463
 4.0654E-05 8.9032E-05 5.9148E+04 0.0000E+00 2.1518E-05 4.2605E-053513 8454  464
 5.9148E+04 1.0000E+00 5.9835E-05 1.1847E-04 5.9149E+04 0.0000E+003513 8454  465
 1.3940E-04 8.6428E-05 5.9150E+04 0.0000E+00 8.2642E-05 5.6197E-053513 8454  466
 5.9151E+04 0.0000E+00 3.0089E-05 2.8886E-05 5.9152E+04 0.0000E+003513 8454  467
 2.8182E-06 4.1145E-06 5.9153E+04 0.0000E+00 1.6844E-07 3.9584E-073513 8454  468
 5.9154E+04 0.0000E+00 1.8905E-09 7.8265E-09 5.9155E+04 0.0000E+003513 8454  469
 2.8210E-12 3.3739E-11 6.0142E+04 0.0000E+00 0.0000E+00 0.0000E+003513 8454  470
 6.0143E+04 0.0000E+00 2.7965E-17 2.7962E-15 6.0144E+04 0.0000E+003513 8454  471
 1.2909E-14 1.2908E-12 6.0145E+04 0.0000E+00 2.9858E-12 2.9855E-103513 8454  472
 6.0146E+04 0.0000E+00 3.7134E-10 1.8511E-08 6.0147E+04 0.0000E+003513 8454  473
 1.1906E-08 2.5287E-07 6.0148E+04 0.0000E+00 2.0327E-07 1.8152E-063513 8454  474
 6.0149E+04 0.0000E+00 1.6366E-06 6.1209E-06 6.0150E+04 0.0000E+003513 8454  475
 7.6452E-06 1.2767E-05 6.0151E+04 0.0000E+00 1.0661E-05 1.2260E-053513 8454  476
 6.0152E+04 0.0000E+00 6.0182E-06 8.8468E-06 6.0153E+04 0.0000E+003513 8454  477
 1.2142E-06 2.7804E-06 6.0154E+04 0.0000E+00 1.7074E-07 6.4711E-073513 8454  478
 6.0155E+04 0.0000E+00 1.1963E-08 7.8117E-08 6.0156E+04 0.0000E+003513 8454  479
 1.9694E-10 2.3869E-09 6.1147E+04 0.0000E+00 5.6564E-15 5.6558E-133513 8454  480
 6.1148E+04 0.0000E+00 1.8099E-13 1.8097E-11 6.1148E+04 1.0000E+003513 8454  481
 2.7069E-13 2.7067E-11 6.1149E+04 0.0000E+00 3.2119E-11 1.2285E-093513 8454  482
 6.1150E+04 0.0000E+00 7.6532E-10 1.2153E-08 6.1151E+04 0.0000E+003513 8454  483
 9.8892E-09 6.4874E-08 6.1152E+04 0.0000E+00 7.1008E-09 6.4050E-083513 8454  484
 6.1152E+04 1.0000E+00 1.9746E-08 1.7811E-07 6.1152E+04 2.0000E+003513 8454  485
 8.4106E-10 7.5864E-09 6.1153E+04 0.0000E+00 4.4315E-08 1.1212E-073513 8454  486
 6.1154E+04 0.0000E+00 2.6182E-09 1.9977E-08 6.1154E+04 1.0000E+003513 8454  487
 1.5770E-08 1.2032E-07 6.1155E+04 0.0000E+00 9.6166E-09 6.2700E-083513 8454  488
 6.1156E+04 0.0000E+00 1.5304E-09 1.7967E-08 6.1157E+04 0.0000E+003513 8454  489
 6.0302E-11 1.3285E-09 6.2147E+04 0.0000E+00 0.0000E+00 0.0000E+003513 8454  490
 6.2148E+04 0.0000E+00 0.0000E+00 0.0000E+00 6.2149E+04 0.0000E+003513 8454  491
 1.1485E-17 1.1484E-15 6.2150E+04 0.0000E+00 2.4514E-15 2.4512E-133513 8454  492
 6.2151E+04 0.0000E+00 1.6704E-13 1.1763E-11 6.2152E+04 0.0000E+003513 8454  493
 4.6437E-12 1.3429E-10 6.2153E+04 0.0000E+00 1.6426E-11 3.9126E-103513 8454  494
 6.2153E+04 1.0000E+00 2.5769E-11 6.1381E-10 6.2154E+04 0.0000E+003513 8454  495
 8.8225E-11 6.7581E-10 6.2155E+04 0.0000E+00 1.1984E-10 9.3958E-103513 8454  496
 6.2156E+04 0.0000E+00 3.3120E-10 3.9678E-09 6.2157E+04 0.0000E+003513 8454  497
 1.0573E-10 2.3314E-09 6.2158E+04 0.0000E+00 1.1288E-11 4.8663E-103513 8454  498
 6.2159E+04 0.0000E+00 6.5119E-13 6.5112E-11 6.3151E+04 0.0000E+003513 8454  499
 0.0000E+00 0.0000E+00 6.3153E+04 0.0000E+00 3.6496E-17 3.6493E-153513 8454  500
 6.3155E+04 0.0000E+00 3.8609E-17 3.8080E-15 6.3156E+04 0.0000E+003513 8454  501
 2.1817E-17 2.1815E-15 6.3157E+04 0.0000E+00 1.2867E-17 1.2866E-153513 8454  502
 6.3158E+04 0.0000E+00 0.0000E+00 0.0000E+00 6.3159E+04 0.0000E+003513 8454  503
 2.9294E-16 2.9291E-14 6.4155E+04 0.0000E+00 0.0000E+00 0.0000E+003513 8454  504
 6.4156E+04 0.0000E+00 0.0000E+00 0.0000E+00 6.4157E+04 0.0000E+003513 8454  505
 0.0000E+00 0.0000E+00 6.4158E+04 0.0000E+00 0.0000E+00 0.0000E+003513 8454  506
 6.4159E+04 0.0000E+00 0.0000E+00 0.0000E+00 6.5159E+04 0.0000E+003513 8454  507
 0.0000E+00 0.0000E+00 0.0000E+00 0.0000E+00 0.0000E+00 0.0000E+003513 8454  508
 0.0000E+00 0.0000E+00          0          0          0          03513 8  099999
 9.1231E+04 2.2905E+02          1          0          0          03513 8459    1
 0.0000E+00 0.0000E+00          0          0       3032        7583513 8459    2
 2.9071E+04 0.0000E+00 6.4974E-13 5.7216E-11 2.9072E+04 0.0000E+003513 8459    3
 8.7065E-12 3.7551E-10 2.9073E+04 0.0000E+00 2.1357E-11 4.7113E-103513 8459    4
 2.9074E+04 0.0000E+00 1.3056E-11 1.5680E-10 2.9075E+04 0.0000E+003513 8459    5
 3.2998E-11 2.6167E-10 2.9076E+04 0.0000E+00 4.2121E-11 3.2854E-103513 8459    6
 2.9077E+04 0.0000E+00 2.5423E-11 3.2084E-10 2.9078E+04 0.0000E+003513 8459    7
 1.4778E-12 4.5295E-11 2.9079E+04 0.0000E+00 5.5169E-14 4.1101E-123513 8459    8
 3.0071E+04 0.0000E+00 6.4974E-13 5.7216E-11 3.0072E+04 0.0000E+003513 8459    9
 1.1286E-11 4.8676E-10 3.0073E+04 0.0000E+00 1.6564E-10 3.6506E-093513 8459   10
 3.0073E+04 1.0000E+00 1.1756E-10 5.1823E-09 3.0074E+04 0.0000E+003513 8459   11
 2.0429E-09 2.3984E-08 3.0075E+04 0.0000E+00 1.7298E-08 1.1295E-073513 8459   12
 3.0076E+04 0.0000E+00 8.4241E-08 3.2180E-07 3.0077E+04 0.0000E+003513 8459   13
 7.7948E-08 3.3284E-07 3.0077E+04 1.0000E+00 1.5903E-08 8.1265E-083513 8459   14
 3.0078E+04 0.0000E+00 5.0830E-08 1.6011E-07 3.0079E+04 0.0000E+003513 8459   15
 1.0448E-08 7.2509E-08 3.0080E+04 0.0000E+00 1.1798E-09 1.9809E-083513 8459   16
 3.0081E+04 0.0000E+00 4.9949E-11 2.0169E-09 3.0082E+04 0.0000E+003513 8459   17
 1.0759E-12 1.0301E-10 3.1071E+04 0.0000E+00 6.4974E-13 6.4974E-133513 8459   18
 3.1072E+04 0.0000E+00 1.1286E-11 4.8676E-10 3.1072E+04 1.0000E+003513 8459   19
 3.7606E-13 3.7606E-13 3.1073E+04 0.0000E+00 1.6564E-10 3.6507E-093513 8459   20
 3.1074E+04 0.0000E+00 1.5439E-09 1.8125E-08 3.1074E+04 1.0000E+003513 8459   21
 2.0455E-09 4.9195E-08 3.1075E+04 0.0000E+00 2.1513E-08 1.4048E-073513 8459   22
 3.1076E+04 0.0000E+00 1.7921E-07 6.7743E-07 3.1077E+04 0.0000E+003513 8459   23
 1.0200E-06 2.3358E-06 3.1078E+04 0.0000E+00 2.5113E-06 3.6414E-063513 8459   24
 3.1079E+04 0.0000E+00 4.5271E-06 5.2967E-06 3.1080E+04 0.0000E+003513 8459   25
 2.6266E-06 4.5965E-06 3.1081E+04 0.0000E+00 1.0144E-06 4.0069E-063513 8459   26
 3.1082E+04 0.0000E+00 1.0687E-07 1.0067E-06 3.1083E+04 0.0000E+003513 8459   27
 5.4080E-09 1.2103E-07 3.1084E+04 0.0000E+00 8.6800E-11 4.5552E-093513 8459   28
 3.1085E+04 0.0000E+00 1.1566E-12 1.1565E-10 3.2072E+04 0.0000E+003513 8459   29
 1.1286E-11 1.1286E-11 3.2073E+04 0.0000E+00 1.6564E-10 3.6507E-093513 8459   30
 3.2073E+04 1.0000E+00 1.6321E-10 3.5972E-09 3.2074E+04 0.0000E+003513 8459   31
 2.0552E-09 2.4128E-08 3.2075E+04 0.0000E+00 2.1521E-08 1.4053E-073513 8459   32
 3.2075E+04 1.0000E+00 8.6739E-10 5.6640E-09 3.2076E+04 0.0000E+003513 8459   33
 1.9074E-07 7.2101E-07 3.2077E+04 0.0000E+00 5.3760E-07 1.2311E-063513 8459   34
 3.2077E+04 1.0000E+00 1.0949E-06 5.1241E-06 3.2078E+04 0.0000E+003513 8459   35
 8.9306E-06 1.2860E-05 3.2079E+04 0.0000E+00 1.3165E-05 2.1327E-053513 8459   36
 3.2079E+04 1.0000E+00 3.2364E-05 5.4695E-05 3.2080E+04 0.0000E+003513 8459   37
 1.6301E-04 1.0921E-04 3.2081E+04 0.0000E+00 2.0424E-04 2.5938E-043513 8459   38
 3.2081E+04 1.0000E+00 7.0407E-05 8.8009E-05 3.2082E+04 0.0000E+003513 8459   39
 2.4323E-04 2.5053E-04 3.2083E+04 0.0000E+00 5.8370E-05 1.3425E-043513 8459   40
 3.2084E+04 0.0000E+00 7.8005E-06 4.2201E-05 3.2085E+04 0.0000E+003513 8459   41
 4.6326E-07 5.8741E-06 3.2086E+04 0.0000E+00 1.5960E-08 4.7002E-073513 8459   42
 3.2087E+04 0.0000E+00 1.6633E-10 1.1237E-08 3.2088E+04 0.0000E+003513 8459   43
 9.5342E-13 9.5332E-11 3.3075E+04 0.0000E+00 2.1521E-08 1.4053E-073513 8459   44
 3.3075E+04 1.0000E+00 2.6022E-13 2.6022E-13 3.3076E+04 0.0000E+003513 8459   45
 4.0286E-13 1.5228E-12 3.3077E+04 0.0000E+00 1.4254E-06 3.2640E-063513 8459   46
 3.3078E+04 0.0000E+00 9.0101E-06 1.2975E-05 3.3079E+04 0.0000E+003513 8459   47
 4.8075E-05 4.5672E-05 3.3080E+04 0.0000E+00 2.1602E-04 1.4041E-043513 8459   48
 3.3081E+04 0.0000E+00 7.8025E-04 3.6672E-04 3.3082E+04 0.0000E+003513 8459   49
 8.4820E-04 5.2588E-04 3.3082E+04 1.0000E+00 9.0480E-04 6.8765E-043513 8459   50
 3.3083E+04 0.0000E+00 2.5427E-03 9.9167E-04 3.3084E+04 0.0000E+003513 8459   51
 1.3921E-03 8.9098E-04 3.3084E+04 1.0000E+00 3.5115E-06 3.5115E-063513 8459   52
 3.3085E+04 0.0000E+00 6.4222E-04 8.8626E-04 3.3086E+04 0.0000E+003513 8459   53
 9.5288E-05 3.0302E-04 3.3087E+04 0.0000E+00 7.4770E-06 5.5030E-053513 8459   54
 3.3088E+04 0.0000E+00 1.7252E-07 2.9189E-06 3.3089E+04 0.0000E+003513 8459   55
 2.9489E-09 1.1321E-07 3.3090E+04 0.0000E+00 1.9809E-11 1.6988E-093513 8459   56
 3.3091E+04 0.0000E+00 1.2569E-13 1.2568E-11 3.4076E+04 0.0000E+003513 8459   57
 4.0286E-13 1.5228E-12 3.4077E+04 0.0000E+00 1.4254E-06 3.2640E-063513 8459   58
 3.4078E+04 0.0000E+00 9.0102E-06 1.2975E-05 3.4079E+04 0.0000E+003513 8459   59
 4.8056E-05 4.5654E-05 3.4079E+04 1.0000E+00 4.6938E-05 4.5060E-053513 8459   60
 3.4080E+04 0.0000E+00 2.1707E-04 1.4110E-04 3.4081E+04 0.0000E+003513 8459   61
 8.2694E-04 3.8866E-04 3.4081E+04 1.0000E+00 6.6086E-05 1.2755E-043513 8459   62
 3.4082E+04 0.0000E+00 2.6625E-03 1.0118E-03 3.4083E+04 0.0000E+003513 8459   63
 4.3551E-03 1.3502E-03 3.4083E+04 1.0000E+00 2.8140E-03 1.0412E-033513 8459   64
 3.4084E+04 0.0000E+00 1.5768E-02 3.6266E-03 3.4085E+04 0.0000E+003513 8459   65
 2.2842E-02 6.1675E-03 3.4086E+04 0.0000E+00 2.2550E-02 9.4709E-033513 8459   66
 3.4087E+04 0.0000E+00 7.0888E-03 6.0964E-03 3.4088E+04 0.0000E+003513 8459   67
 1.1940E-03 2.2924E-03 3.4089E+04 0.0000E+00 8.1407E-05 3.5574E-043513 8459   68
 3.4090E+04 0.0000E+00 3.7720E-06 3.7229E-05 3.4091E+04 0.0000E+003513 8459   69
 8.7309E-08 1.9190E-06 3.4092E+04 0.0000E+00 1.4233E-09 6.8290E-083513 8459   70
 3.4093E+04 0.0000E+00 9.2673E-12 9.2664E-10 3.5079E+04 0.0000E+003513 8459   71
 2.6285E-08 2.4971E-08 3.5080E+04 0.0000E+00 3.4432E-11 1.5381E-093513 8459   72
 3.5080E+04 1.0000E+00 2.2904E-11 1.3740E-09 3.5081E+04 0.0000E+003513 8459   73
 8.2700E-04 3.8869E-04 3.5082E+04 0.0000E+00 2.0874E-06 7.3059E-073513 8459   74
 3.5082E+04 1.0000E+00 8.4456E-07 7.2463E-06 3.5083E+04 0.0000E+003513 8459   75
 7.2609E-03 1.9604E-03 3.5084E+04 0.0000E+00 1.6198E-02 3.5637E-033513 8459   76
 3.5084E+04 1.0000E+00 6.4371E-04 9.3982E-04 3.5085E+04 0.0000E+003513 8459   77
 3.2281E-02 6.7790E-03 3.5086E+04 0.0000E+00 4.9943E-02 9.9887E-033513 8459   78
 3.5087E+04 0.0000E+00 5.3976E-02 1.1334E-02 3.5088E+04 0.0000E+003513 8459   79
 2.7634E-02 8.2899E-03 3.5089E+04 0.0000E+00 1.1780E-02 6.5970E-033513 8459   80
 3.5090E+04 0.0000E+00 2.0159E-03 2.3990E-03 3.5091E+04 0.0000E+003513 8459   81
 3.0640E-04 8.0277E-04 3.5092E+04 0.0000E+00 1.7591E-05 1.0115E-043513 8459   82
 3.5093E+04 0.0000E+00 6.8790E-07 8.5437E-06 3.5094E+04 0.0000E+003513 8459   83
 1.1139E-08 2.9295E-07 3.5095E+04 0.0000E+00 1.8518E-10 1.0109E-083513 8459   84
 3.5096E+04 0.0000E+00 1.2680E-12 1.2679E-10 3.6080E+04 0.0000E+003513 8459   85
 3.1574E-11 1.1594E-09 3.6081E+04 0.0000E+00 8.4034E-14 8.4026E-123513 8459   86
 3.6082E+04 0.0000E+00 2.1078E-06 7.3773E-07 3.6083E+04 0.0000E+003513 8459   87
 7.2610E-03 1.9604E-03 3.6083E+04 1.0000E+00 7.2545E-03 2.1038E-033513 8459   88
 3.6084E+04 0.0000E+00 1.6846E-02 3.7063E-03 3.6085E+04 0.0000E+003513 8459   89
 7.0997E-03 1.8459E-03 3.6085E+04 1.0000E+00 3.2277E-02 7.4237E-033513 8459   90
 3.6086E+04 0.0000E+00 5.5238E-02 9.9429E-03 3.6087E+04 0.0000E+003513 8459   91
 7.6579E-02 1.5316E-02 3.6088E+04 0.0000E+00 9.1656E-02 1.8331E-023513 8459   92
 3.6089E+04 0.0000E+00 9.0754E-02 1.6336E-02 3.6090E+04 0.0000E+003513 8459   93
 7.6309E-02 1.7551E-02 3.6091E+04 0.0000E+00 3.7255E-02 1.4157E-023513 8459   94
 3.6092E+04 0.0000E+00 1.2867E-02 9.6507E-03 3.6093E+04 0.0000E+003513 8459   95
 1.6824E-03 2.6245E-03 3.6094E+04 0.0000E+00 1.5866E-04 5.2043E-043513 8459   96
 3.6095E+04 0.0000E+00 8.2003E-06 5.6254E-05 3.6096E+04 0.0000E+003513 8459   97
 3.0101E-07 4.2653E-06 3.6097E+04 0.0000E+00 4.4145E-09 1.2807E-073513 8459   98
 3.6098E+04 0.0000E+00 3.8924E-11 2.3055E-09 3.6099E+04 0.0000E+003513 8459   99
 1.2965E-13 1.2963E-11 3.7084E+04 0.0000E+00 3.4499E-11 7.5901E-123513 8459  100
 3.7084E+04 1.0000E+00 1.8387E-11 4.4130E-12 3.7085E+04 0.0000E+003513 8459  101
 3.2469E-02 6.1693E-03 3.7086E+04 0.0000E+00 1.9410E-06 3.1055E-073513 8459  102
 3.7086E+04 1.0000E+00 1.0345E-06 2.1725E-07 3.7087E+04 0.0000E+003513 8459  103
 7.6674E-02 1.1502E-02 3.7088E+04 0.0000E+00 9.2786E-02 1.2990E-023513 8459  104
 3.7089E+04 0.0000E+00 9.9311E-02 1.4897E-02 3.7090E+04 0.0000E+003513 8459  105
 7.3048E-02 1.1687E-02 3.7090E+04 1.0000E+00 2.6735E-02 1.1763E-023513 8459  106
 3.7091E+04 0.0000E+00 9.0670E-02 1.6320E-02 3.7092E+04 0.0000E+003513 8459  107
 6.2509E-02 1.3752E-02 3.7093E+04 0.0000E+00 3.4674E-02 9.7089E-033513 8459  108
 3.7094E+04 0.0000E+00 9.3225E-03 4.3816E-03 3.7095E+04 0.0000E+003513 8459  109
 2.5453E-03 2.3416E-03 3.7096E+04 0.0000E+00 2.7581E-04 5.1024E-043513 8459  110
 3.7096E+04 1.0000E+00 1.4508E-07 1.4508E-07 3.7097E+04 0.0000E+003513 8459  111
 2.1214E-05 8.0403E-05 3.7098E+04 0.0000E+00 5.4117E-07 4.2157E-063513 8459  112
 3.7098E+04 1.0000E+00 3.6206E-11 3.6206E-11 3.7099E+04 0.0000E+003513 8459  113
 9.3512E-09 1.5112E-07 3.7100E+04 0.0000E+00 5.5874E-11 1.8936E-093513 8459  114
 3.7101E+04 0.0000E+00 2.6531E-13 1.9105E-11 3.8084E+04 0.0000E+003513 8459  115
 1.1040E-12 2.4288E-13 3.8086E+04 0.0000E+00 1.9409E-06 3.1055E-073513 8459  116
 3.8087E+04 0.0000E+00 9.5058E-09 1.4259E-09 3.8087E+04 1.0000E+003513 8459  117
 9.2283E-09 1.6611E-09 3.8088E+04 0.0000E+00 9.2787E-02 1.2990E-023513 8459  118
 3.8089E+04 0.0000E+00 9.9352E-02 1.3909E-02 3.8090E+04 0.0000E+003513 8459  119
 9.9893E-02 1.3985E-02 3.8091E+04 0.0000E+00 9.7220E-02 1.5555E-023513 8459  120
 3.8092E+04 0.0000E+00 9.4697E-02 1.9886E-02 3.8093E+04 0.0000E+003513 8459  121
 8.8904E-02 1.7781E-02 3.8094E+04 0.0000E+00 7.4363E-02 1.4129E-023513 8459  122
 3.8095E+04 0.0000E+00 4.8164E-02 1.0596E-02 3.8096E+04 0.0000E+003513 8459  123
 2.3880E-02 7.8806E-03 3.8097E+04 0.0000E+00 5.0419E-03 2.8738E-033513 8459  124
 3.8098E+04 0.0000E+00 6.5817E-04 7.1740E-04 3.8099E+04 0.0000E+003513 8459  125
 3.3296E-05 7.3584E-05 3.8100E+04 0.0000E+00 1.0705E-06 4.9562E-063513 8459  126
 3.8101E+04 0.0000E+00 1.5497E-08 1.5373E-07 3.9088E+04 0.0000E+003513 8459  127
 2.6042E-12 3.6459E-13 3.9089E+04 0.0000E+00 9.9352E-02 1.3909E-023513 8459  128
 3.9089E+04 1.0000E+00 9.5783E-06 8.9499E-04 3.9090E+04 0.0000E+003513 8459  129
 9.9893E-02 1.3985E-02 3.9090E+04 1.0000E+00 4.6174E-08 1.7301E-063513 8459  130
 3.9091E+04 0.0000E+00 9.7226E-02 1.3612E-02 3.9091E+04 1.0000E+003513 8459  131
 5.7204E-02 1.0297E-02 3.9092E+04 0.0000E+00 9.4826E-02 1.3275E-023513 8459  132
 3.9093E+04 0.0000E+00 9.0245E-02 1.3536E-02 3.9093E+04 1.0000E+003513 8459  133
 2.3244E-02 5.3462E-03 3.9094E+04 0.0000E+00 7.9074E-02 1.1861E-023513 8459  134
 3.9095E+04 0.0000E+00 6.2844E-02 1.1312E-02 3.9096E+04 0.0000E+003513 8459  135
 2.6366E-02 5.2731E-03 3.9096E+04 1.0000E+00 1.4965E-02 7.6324E-033513 8459  136
 3.9097E+04 0.0000E+00 8.3108E-03 3.7398E-03 3.9097E+04 1.0000E+003513 8459  137
 1.2172E-02 4.5037E-03 3.9098E+04 0.0000E+00 1.9537E-03 1.1917E-033513 8459  138
 3.9098E+04 1.0000E+00 3.6026E-03 1.9454E-03 3.9099E+04 0.0000E+003513 8459  139
 1.2057E-03 5.3051E-04 3.9100E+04 0.0000E+00 2.9257E-05 4.3593E-053513 8459  140
 3.9100E+04 1.0000E+00 7.8405E-05 1.2074E-04 3.9101E+04 0.0000E+003513 8459  141
 8.2994E-06 1.2366E-05 3.9102E+04 0.0000E+00 1.4679E-09 3.4790E-083513 8459  142
 3.9103E+04 0.0000E+00 1.7585E-11 7.7232E-10 3.9104E+04 0.0000E+003513 8459  143
 1.4902E-13 1.2269E-11 3.9106E+04 0.0000E+00 2.1851E-10 1.6956E-093513 8459  144
 3.9107E+04 0.0000E+00 2.2130E-12 4.6229E-11 4.0090E+04 0.0000E+003513 8459  145
 9.9893E-02 1.3985E-02 4.0090E+04 1.0000E+00 4.0875E-13 1.5300E-113513 8459  146
 4.0091E+04 0.0000E+00 9.7226E-02 1.3612E-02 4.0092E+04 0.0000E+003513 8459  147
 9.4826E-02 1.3275E-02 4.0093E+04 0.0000E+00 9.0246E-02 1.2634E-023513 8459  148
 4.0094E+04 0.0000E+00 7.9111E-02 1.1866E-02 4.0095E+04 0.0000E+003513 8459  149
 6.3228E-02 1.0117E-02 4.0096E+04 0.0000E+00 4.3742E-02 7.8735E-033513 8459  150
 4.0097E+04 0.0000E+00 2.5958E-02 5.7108E-03 4.0098E+04 0.0000E+003513 8459  151
 1.2805E-02 3.5856E-03 4.0099E+04 0.0000E+00 5.2545E-03 1.5238E-033513 8459  152
 4.0100E+04 0.0000E+00 1.7206E-03 6.5384E-04 4.0101E+04 0.0000E+003513 8459  153
 3.4114E-04 1.8763E-04 4.0102E+04 0.0000E+00 2.9442E-05 3.2681E-053513 8459  154
 4.0103E+04 0.0000E+00 2.3880E-06 4.4178E-06 4.0104E+04 0.0000E+003513 8459  155
 1.4820E-07 4.7423E-07 4.0105E+04 0.0000E+00 1.1870E-08 6.6469E-083513 8459  156
 4.0106E+04 0.0000E+00 1.0079E-07 2.1267E-07 4.0107E+04 0.0000E+003513 8459  157
 6.3270E-09 2.2650E-08 4.0108E+04 0.0000E+00 1.6881E-10 1.4450E-093513 8459  158
 4.0109E+04 0.0000E+00 1.9881E-12 4.3958E-11 4.1093E+04 0.0000E+003513 8459  159
 1.0242E-11 1.4338E-12 4.1093E+04 1.0000E+00 9.9139E-12 1.7846E-123513 8459  160
 4.1094E+04 0.0000E+00 1.0897E-09 1.6346E-10 4.1094E+04 1.0000E+003513 8459  161
 5.8572E-10 1.0543E-10 4.1095E+04 0.0000E+00 6.3190E-02 1.0111E-023513 8459  162
 4.1095E+04 1.0000E+00 6.8311E-04 1.2979E-04 4.1096E+04 0.0000E+003513 8459  163
 1.8672E-06 3.1743E-07 4.1097E+04 0.0000E+00 2.5984E-02 5.1967E-033513 8459  164
 4.1097E+04 1.0000E+00 2.4679E-02 6.1698E-03 4.1098E+04 0.0000E+003513 8459  165
 1.2840E-02 2.9532E-03 4.1098E+04 1.0000E+00 6.8624E-05 2.3058E-043513 8459  166
 4.1099E+04 0.0000E+00 3.5704E-03 1.0354E-03 4.1099E+04 1.0000E+003513 8459  167
 2.0058E-03 6.0175E-04 4.1100E+04 0.0000E+00 1.7951E-03 6.8216E-043513 8459  168
 4.1100E+04 1.0000E+00 2.0723E-04 2.2174E-04 4.1101E+04 0.0000E+003513 8459  169
 5.9333E-04 2.9667E-04 4.1102E+04 0.0000E+00 9.0792E-05 6.5371E-053513 8459  170
 4.1102E+04 1.0000E+00 7.0015E-05 1.0152E-04 4.1103E+04 0.0000E+003513 8459  171
 3.6445E-05 3.6810E-05 4.1104E+04 0.0000E+00 6.2229E-06 8.8987E-063513 8459  172
 4.1104E+04 1.0000E+00 2.2517E-06 6.4399E-06 4.1105E+04 0.0000E+003513 8459  173
 3.2465E-06 5.6166E-06 4.1106E+04 0.0000E+00 1.9471E-06 3.4269E-063513 8459  174
 4.1107E+04 0.0000E+00 6.2689E-07 1.1159E-06 4.1108E+04 0.0000E+003513 8459  175
 9.3902E-08 1.9908E-07 4.1109E+04 0.0000E+00 6.3078E-09 2.3339E-083513 8459  176
 4.1110E+04 0.0000E+00 1.9734E-10 1.6892E-09 4.1111E+04 0.0000E+003513 8459  177
 3.0392E-12 6.3521E-11 4.2094E+04 0.0000E+00 2.9305E-12 4.3957E-133513 8459  178
 4.2095E+04 0.0000E+00 6.3228E-02 1.0117E-02 4.2096E+04 0.0000E+003513 8459  179
 1.8673E-06 3.1745E-07 4.2097E+04 0.0000E+00 2.5984E-02 5.1967E-033513 8459  180
 4.2098E+04 0.0000E+00 1.2909E-02 2.9689E-03 4.2099E+04 0.0000E+003513 8459  181
 5.5376E-03 1.6059E-03 4.2100E+04 0.0000E+00 2.0112E-03 7.4416E-043513 8459  182
 4.2101E+04 0.0000E+00 6.1756E-04 3.0878E-04 4.2102E+04 0.0000E+003513 8459  183
 1.6190E-04 1.1333E-04 4.2103E+04 0.0000E+00 3.7656E-05 3.8032E-053513 8459  184
 4.2104E+04 0.0000E+00 9.5801E-06 1.3603E-05 4.2105E+04 0.0000E+003513 8459  185
 4.5277E-06 7.7875E-06 4.2106E+04 0.0000E+00 3.8981E-06 6.8607E-063513 8459  186
 4.2107E+04 0.0000E+00 3.5098E-06 6.0368E-06 4.2108E+04 0.0000E+003513 8459  187
 2.1279E-06 3.5748E-06 4.2109E+04 0.0000E+00 6.8796E-07 1.1833E-063513 8459  188
 4.2110E+04 0.0000E+00 1.0996E-07 2.2762E-07 4.2111E+04 0.0000E+003513 8459  189
 8.7009E-09 3.0627E-08 4.2112E+04 0.0000E+00 3.5063E-10 2.6929E-093513 8459  190
 4.2113E+04 0.0000E+00 7.4460E-12 1.3239E-10 4.2114E+04 0.0000E+003513 8459  191
 8.5527E-14 3.5100E-12 4.3098E+04 0.0000E+00 1.0281E-12 2.3646E-133513 8459  192
 4.3099E+04 0.0000E+00 5.5374E-03 1.6058E-03 4.3099E+04 1.0000E+003513 8459  193
 4.8764E-03 1.5117E-03 4.3100E+04 0.0000E+00 1.5737E-09 5.8228E-103513 8459  194
 4.3101E+04 0.0000E+00 6.1759E-04 3.0879E-04 4.3102E+04 0.0000E+003513 8459  195
 1.6190E-04 1.1333E-04 4.3102E+04 1.0000E+00 2.9542E-13 2.9539E-113513 8459  196
 4.3103E+04 0.0000E+00 3.7656E-05 3.8032E-05 4.3104E+04 0.0000E+003513 8459  197
 9.5801E-06 1.3603E-05 4.3105E+04 0.0000E+00 4.5278E-06 7.7879E-063513 8459  198
 4.3106E+04 0.0000E+00 4.0282E-06 7.0896E-06 4.3107E+04 0.0000E+003513 8459  199
 4.3933E-06 7.5564E-06 4.3108E+04 0.0000E+00 4.6980E-06 7.8927E-063513 8459  200
 4.3109E+04 0.0000E+00 4.1725E-06 6.8430E-06 4.3110E+04 0.0000E+003513 8459  201
 2.5047E-06 4.0326E-06 4.3111E+04 0.0000E+00 8.6344E-07 1.4333E-063513 8459  202
 4.3112E+04 0.0000E+00 1.6032E-07 3.1264E-07 4.3113E+04 0.0000E+003513 8459  203
 1.5871E-08 4.9201E-08 4.3114E+04 0.0000E+00 8.4521E-10 5.3417E-093513 8459  204
 4.3115E+04 0.0000E+00 2.4459E-11 3.4266E-10 4.3116E+04 0.0000E+003513 8459  205
 3.8597E-13 1.2123E-11 4.4099E+04 0.0000E+00 1.8043E-07 5.2323E-083513 8459  206
 4.4100E+04 0.0000E+00 1.5737E-09 5.8229E-10 4.4101E+04 0.0000E+003513 8459  207
 6.1759E-04 3.0879E-04 4.4102E+04 0.0000E+00 1.6190E-04 1.1333E-043513 8459  208
 4.4103E+04 0.0000E+00 3.7656E-05 3.8032E-05 4.4104E+04 0.0000E+003513 8459  209
 9.5801E-06 1.3603E-05 4.4105E+04 0.0000E+00 4.5278E-06 7.7879E-063513 8459  210
 4.4106E+04 0.0000E+00 4.0285E-06 7.0902E-06 4.4107E+04 0.0000E+003513 8459  211
 4.4068E-06 7.5796E-06 4.4108E+04 0.0000E+00 4.8984E-06 8.2292E-063513 8459  212
 4.4109E+04 0.0000E+00 5.3194E-06 8.7238E-06 4.4110E+04 0.0000E+003513 8459  213
 5.5238E-06 8.8934E-06 4.4111E+04 0.0000E+00 4.8837E-06 7.7652E-063513 8459  214
 4.4112E+04 0.0000E+00 3.0754E-06 4.8284E-06 4.4113E+04 0.0000E+003513 8459  215
 1.1985E-06 1.9176E-06 4.4114E+04 0.0000E+00 2.6900E-07 4.8960E-073513 8459  216
 4.4115E+04 0.0000E+00 3.3716E-08 8.8335E-08 4.4116E+04 0.0000E+003513 8459  217
 2.3317E-09 1.1542E-08 4.4117E+04 0.0000E+00 8.8048E-11 9.3155E-103513 8459  218
 4.4118E+04 0.0000E+00 1.7893E-12 4.1797E-11 4.5103E+04 0.0000E+003513 8459  219
 3.7656E-05 3.8032E-05 4.5103E+04 1.0000E+00 3.7205E-05 3.7577E-053513 8459  220
 4.5105E+04 0.0000E+00 4.5278E-06 7.7879E-06 4.5105E+04 1.0000E+003513 8459  221
 1.2853E-06 2.2107E-06 4.5106E+04 0.0000E+00 4.0285E-06 7.0902E-063513 8459  222
 4.5107E+04 0.0000E+00 4.4068E-06 7.5796E-06 4.5108E+04 0.0000E+003513 8459  223
 4.8988E-06 8.2299E-06 4.5108E+04 1.0000E+00 2.1050E-10 2.6586E-093513 8459  224
 4.5109E+04 0.0000E+00 5.3387E-06 8.7554E-06 4.5110E+04 0.0000E+003513 8459  225
 5.5484E-06 8.9330E-06 4.5110E+04 1.0000E+00 2.0772E-07 7.7895E-073513 8459  226
 4.5111E+04 0.0000E+00 6.1028E-06 9.7036E-06 4.5112E+04 0.0000E+003513 8459  227
 6.2117E-06 9.7524E-06 4.5113E+04 0.0000E+00 5.5765E-06 8.6993E-063513 8459  228
 4.5114E+04 0.0000E+00 1.2039E-06 2.9614E-06 4.5114E+04 1.0000E+003513 8459  229
 2.5994E-06 8.1101E-06 4.5115E+04 0.0000E+00 1.7126E-06 2.6716E-063513 8459  230
 4.5116E+04 0.0000E+00 1.5739E-07 5.3353E-07 4.5116E+04 1.0000E+003513 8459  231
 3.0812E-07 1.0599E-06 4.5117E+04 0.0000E+00 7.2588E-08 1.6187E-073513 8459  232
 4.5118E+04 0.0000E+00 6.2824E-09 2.4125E-08 4.5119E+04 0.0000E+003513 8459  233
 2.9366E-10 2.3258E-09 4.5120E+04 0.0000E+00 7.2163E-12 1.2556E-103513 8459  234
 4.5121E+04 0.0000E+00 9.0660E-14 3.5349E-12 4.6105E+04 0.0000E+003513 8459  235
 4.5278E-06 4.5278E-06 4.6106E+04 0.0000E+00 4.0285E-06 7.0902E-063513 8459  236
 4.6107E+04 0.0000E+00 4.4068E-06 7.5796E-06 4.6108E+04 0.0000E+003513 8459  237
 4.8990E-06 8.2303E-06 4.6109E+04 0.0000E+00 5.3387E-06 8.7554E-063513 8459  238
 4.6109E+04 1.0000E+00 2.6694E-06 8.3095E-05 4.6110E+04 0.0000E+003513 8459  239
 5.7569E-06 9.2685E-06 4.6111E+04 0.0000E+00 6.1188E-06 9.7289E-063513 8459  240
 4.6111E+04 1.0000E+00 1.0092E-08 5.9442E-08 4.6112E+04 0.0000E+003513 8459  241
 6.4140E-06 1.0070E-05 4.6113E+04 0.0000E+00 6.6231E-06 1.0333E-053513 8459  242
 4.6113E+04 1.0000E+00 6.3917E-07 2.0837E-06 4.6114E+04 0.0000E+003513 8459  243
 6.6403E-06 1.0293E-05 4.6115E+04 0.0000E+00 5.8542E-06 9.0740E-063513 8459  244
 4.6115E+04 1.0000E+00 2.4866E-07 2.4866E-07 4.6116E+04 0.0000E+003513 8459  245
 4.4973E-06 6.9709E-06 4.6117E+04 0.0000E+00 2.3270E-06 3.6300E-063513 8459  246
 4.6118E+04 0.0000E+00 7.5360E-07 1.2509E-06 4.6119E+04 0.0000E+003513 8459  247
 1.4197E-07 2.8253E-07 4.6120E+04 0.0000E+00 1.4768E-08 4.5485E-083513 8459  248
 4.6121E+04 0.0000E+00 8.1501E-10 4.9309E-09 4.6122E+04 0.0000E+003513 8459  249
 2.3044E-11 3.0534E-10 4.6123E+04 0.0000E+00 3.2383E-13 9.7245E-123513 8459  250
 4.7109E+04 0.0000E+00 5.3387E-06 8.7554E-06 4.7109E+04 1.0000E+003513 8459  251
 5.3361E-06 8.8046E-06 4.7111E+04 0.0000E+00 6.0911E-06 9.6849E-063513 8459  252
 4.7111E+04 1.0000E+00 6.0776E-06 9.6634E-06 4.7112E+04 0.0000E+003513 8459  253
 6.4145E-06 1.0071E-05 4.7113E+04 0.0000E+00 4.3666E-06 6.8119E-063513 8459  254
 4.7113E+04 1.0000E+00 6.3019E-06 9.8313E-06 4.7114E+04 0.0000E+003513 8459  255
 6.7722E-06 1.0497E-05 4.7114E+04 1.0000E+00 7.0326E-08 2.8341E-073513 8459  256
 4.7115E+04 0.0000E+00 4.9136E-06 1.6313E-05 4.7115E+04 1.0000E+003513 8459  257
 2.4040E-06 3.7263E-06 4.7116E+04 0.0000E+00 5.4617E-06 8.4656E-063513 8459  258
 4.7116E+04 1.0000E+00 1.3236E-06 4.1824E-06 4.7117E+04 0.0000E+003513 8459  259
 2.1433E-06 3.3435E-06 4.7117E+04 1.0000E+00 4.3312E-06 1.0092E-053513 8459  260
 4.7118E+04 0.0000E+00 3.7054E-06 5.8545E-06 4.7118E+04 1.0000E+003513 8459  261
 2.0339E-06 5.3900E-06 4.7119E+04 0.0000E+00 2.7866E-06 4.4306E-063513 8459  262
 4.7119E+04 1.0000E+00 7.0987E-08 7.0987E-08 4.7120E+04 0.0000E+003513 8459  263
 7.6069E-07 1.9854E-06 4.7120E+04 1.0000E+00 4.9941E-07 1.6730E-063513 8459  264
 4.7121E+04 0.0000E+00 2.3709E-07 4.4573E-07 4.7122E+04 0.0000E+003513 8459  265
 1.8860E-08 9.8451E-08 4.7122E+04 1.0000E+00 9.7569E-09 5.0931E-083513 8459  266
 4.7123E+04 0.0000E+00 1.8011E-09 8.6632E-09 4.7130E+04 0.0000E+003513 8459  267
 1.2540E-13 1.1889E-11 4.8111E+04 0.0000E+00 6.1215E-06 9.7332E-063513 8459  268
 4.8112E+04 0.0000E+00 6.4145E-06 1.0071E-05 4.8113E+04 0.0000E+003513 8459  269
 6.5599E-06 1.0233E-05 4.8113E+04 1.0000E+00 7.5497E-08 1.1778E-073513 8459  270
 4.8114E+04 0.0000E+00 6.7724E-06 1.0497E-05 4.8115E+04 0.0000E+003513 8459  271
 6.4761E-06 1.0038E-05 4.8115E+04 1.0000E+00 3.4226E-07 1.1842E-063513 8459  272
 4.8116E+04 0.0000E+00 6.7724E-06 1.0497E-05 4.8117E+04 0.0000E+003513 8459  273
 4.9773E-06 1.0403E-05 4.8117E+04 1.0000E+00 1.6575E-06 2.5858E-063513 8459  274
 4.8118E+04 0.0000E+00 6.3884E-06 1.0030E-05 4.8119E+04 0.0000E+003513 8459  275
 2.4382E-06 3.8767E-06 4.8119E+04 1.0000E+00 3.4737E-06 8.7188E-063513 8459  276
 4.8120E+04 0.0000E+00 4.8707E-06 7.8419E-06 4.8121E+04 0.0000E+003513 8459  277
 1.1273E-06 2.9987E-06 4.8121E+04 1.0000E+00 1.9830E-06 6.5637E-063513 8459  278
 4.8122E+04 0.0000E+00 1.3225E-06 2.2219E-06 4.8123E+04 0.0000E+003513 8459  279
 1.3026E-07 3.4389E-07 4.8123E+04 1.0000E+00 2.0237E-07 7.5483E-073513 8459  280
 4.8124E+04 0.0000E+00 6.6027E-10 7.9430E-09 4.8125E+04 0.0000E+003513 8459  281
 3.4115E-11 9.7192E-10 4.8125E+04 1.0000E+00 5.3520E-11 2.1408E-093513 8459  282
 4.8126E+04 0.0000E+00 1.6772E-11 5.6437E-10 4.8127E+04 0.0000E+003513 8459  283
 4.4150E-12 2.5250E-10 4.8128E+04 0.0000E+00 9.1901E-13 9.0100E-113513 8459  284
 4.8129E+04 0.0000E+00 1.2139E-13 1.2137E-11 4.8130E+04 0.0000E+003513 8459  285
 1.9530E-08 2.5213E-07 4.8131E+04 0.0000E+00 8.5732E-10 2.5222E-083513 8459  286
 4.8132E+04 0.0000E+00 1.5559E-11 1.0692E-09 4.9113E+04 0.0000E+003513 8459  287
 7.5391E-08 1.1762E-07 4.9115E+04 0.0000E+00 6.4946E-06 1.0067E-053513 8459  288
 4.9115E+04 1.0000E+00 6.4761E-06 1.0038E-05 4.9116E+04 0.0000E+003513 8459  289
 1.9542E-11 3.0290E-11 4.9116E+04 1.0000E+00 5.5740E-11 8.6396E-113513 8459  290
 4.9116E+04 2.0000E+00 1.6913E-11 2.6215E-11 4.9117E+04 0.0000E+003513 8459  291
 4.2102E-06 6.5680E-06 4.9117E+04 1.0000E+00 4.5870E-06 8.8990E-063513 8459  292
 4.9118E+04 0.0000E+00 6.3955E-06 1.0041E-05 4.9118E+04 1.0000E+003513 8459  293
 2.0183E-08 1.2554E-07 4.9118E+04 2.0000E+00 6.1500E-09 5.0184E-083513 8459  294
 4.9119E+04 0.0000E+00 3.9837E-06 6.3342E-06 4.9119E+04 1.0000E+003513 8459  295
 2.2619E-06 3.5964E-06 4.9120E+04 0.0000E+00 5.0985E-06 8.2086E-063513 8459  296
 4.9120E+04 1.0000E+00 4.5270E-07 2.2906E-06 4.9120E+04 2.0000E+003513 8459  297
 1.9719E-07 9.9780E-07 4.9121E+04 0.0000E+00 3.9600E-06 6.5339E-063513 8459  298
 4.9121E+04 1.0000E+00 1.3096E-06 2.7240E-06 4.9122E+04 0.0000E+003513 8459  299
 2.1266E-06 4.6360E-06 4.9122E+04 1.0000E+00 1.5976E-06 8.0837E-063513 8459  300
 4.9122E+04 2.0000E+00 6.9590E-07 3.5213E-06 4.9123E+04 0.0000E+003513 8459  301
 2.2391E-06 7.5685E-06 4.9123E+04 1.0000E+00 7.8123E-07 1.9843E-063513 8459  302
 4.9124E+04 0.0000E+00 5.7685E-07 2.0940E-06 4.9124E+04 1.0000E+003513 8459  303
 1.1124E-06 4.0491E-06 4.9125E+04 0.0000E+00 7.7254E-07 2.8893E-063513 8459  304
 4.9125E+04 1.0000E+00 2.6622E-07 9.9564E-07 4.9126E+04 0.0000E+003513 8459  305
 3.3773E-07 1.2597E-06 4.9126E+04 1.0000E+00 6.5198E-07 2.4319E-063513 8459  306
 4.9127E+04 0.0000E+00 1.0247E-06 4.6011E-06 4.9127E+04 1.0000E+003513 8459  307
 3.5314E-07 1.5856E-06 4.9128E+04 0.0000E+00 1.5989E-06 1.1112E-053513 8459  308
 4.9128E+04 1.0000E+00 5.4557E-07 3.7917E-06 4.9129E+04 0.0000E+003513 8459  309
 9.1785E-07 1.0757E-05 4.9129E+04 1.0000E+00 3.1653E-07 3.7097E-063513 8459  310
 4.9130E+04 0.0000E+00 3.9609E-06 2.1745E-05 4.9130E+04 1.0000E+003513 8459  311
 5.8957E-06 3.2544E-05 4.9130E+04 2.0000E+00 1.6513E-06 9.1153E-063513 8459  312
 4.9131E+04 0.0000E+00 2.1664E-06 2.5910E-05 4.9131E+04 1.0000E+003513 8459  313
 7.4471E-07 8.9142E-06 4.9131E+04 2.0000E+00 4.4203E-07 5.2911E-063513 8459  314
 4.9132E+04 0.0000E+00 2.4620E-07 2.2355E-06 4.9133E+04 0.0000E+003513 8459  315
 1.0543E-08 2.2415E-07 4.9134E+04 0.0000E+00 1.2870E-10 6.5481E-093513 8459  316
 4.9135E+04 0.0000E+00 1.0240E-12 1.0239E-10 5.0115E+04 0.0000E+003513 8459  317
 3.2381E-07 5.0189E-07 5.0116E+04 0.0000E+00 7.5285E-11 1.1669E-103513 8459  318
 5.0117E+04 0.0000E+00 6.6368E-06 1.0354E-05 5.0117E+04 1.0000E+003513 8459  319
 1.4345E-08 2.2378E-08 5.0118E+04 0.0000E+00 6.4158E-06 1.0073E-053513 8459  320
 5.0119E+04 0.0000E+00 6.1196E-06 9.7301E-06 5.0119E+04 1.0000E+003513 8459  321
 3.5993E-06 5.7230E-06 5.0120E+04 0.0000E+00 5.7583E-06 9.2707E-063513 8459  322
 5.0121E+04 0.0000E+00 5.2326E-06 8.5815E-06 5.0121E+04 1.0000E+003513 8459  323
 5.0466E-07 8.2763E-07 5.0122E+04 0.0000E+00 4.8942E-06 8.2221E-063513 8459  324
 5.0123E+04 0.0000E+00 1.0136E-06 3.2840E-06 5.0123E+04 1.0000E+003513 8459  325
 3.3869E-06 7.1465E-06 5.0124E+04 0.0000E+00 4.0769E-06 7.1753E-063513 8459  326
 5.0125E+04 0.0000E+00 2.2286E-06 3.8554E-06 5.0125E+04 1.0000E+003513 8459  327
 2.2457E-06 6.2877E-06 5.0126E+04 0.0000E+00 9.3598E-06 1.3291E-053513 8459  328
 5.0127E+04 0.0000E+00 2.1230E-05 2.1655E-05 5.0127E+04 1.0000E+003513 8459  329
 1.4254E-05 2.6940E-05 5.0128E+04 0.0000E+00 1.3787E-04 9.9264E-053513 8459  330
 5.0128E+04 1.0000E+00 8.1665E-05 1.1760E-04 5.0129E+04 0.0000E+003513 8459  331
 1.6673E-04 1.8673E-04 5.0129E+04 1.0000E+00 2.5987E-04 2.9105E-043513 8459  332
 5.0130E+04 0.0000E+00 4.3521E-04 4.0911E-04 5.0130E+04 1.0000E+003513 8459  333
 6.5127E-04 6.1871E-04 5.0131E+04 0.0000E+00 3.8391E-04 4.9909E-043513 8459  334
 5.0131E+04 1.0000E+00 5.9847E-04 7.7802E-04 5.0132E+04 0.0000E+003513 8459  335
 4.5861E-04 5.8242E-04 5.0133E+04 0.0000E+00 7.7584E-05 2.1802E-043513 8459  336
 5.0134E+04 0.0000E+00 7.3977E-06 4.8234E-05 5.0135E+04 0.0000E+003513 8459  337
 2.7843E-07 4.3296E-06 5.0136E+04 0.0000E+00 4.6922E-09 1.7727E-073513 8459  338
 5.0137E+04 0.0000E+00 1.8608E-11 1.7350E-09 5.1119E+04 0.0000E+003513 8459  339
 5.0970E-14 8.1041E-14 5.1120E+04 0.0000E+00 2.0396E-12 3.2837E-123513 8459  340
 5.1120E+04 1.0000E+00 1.7652E-12 2.8597E-12 5.1121E+04 0.0000E+003513 8459  341
 5.3458E-06 8.7671E-06 5.1122E+04 0.0000E+00 3.3068E-09 5.5554E-093513 8459  342
 5.1122E+04 1.0000E+00 1.3444E-09 2.2586E-09 5.1123E+04 0.0000E+003513 8459  343
 4.4392E-06 7.6353E-06 5.1124E+04 0.0000E+00 2.7055E-09 4.7616E-093513 8459  344
 5.1124E+04 1.0000E+00 2.0001E-09 3.5202E-09 5.1124E+04 2.0000E+003513 8459  345
 6.2438E-10 1.0989E-09 5.1125E+04 0.0000E+00 4.4927E-06 7.7274E-063513 8459  346
 5.1126E+04 0.0000E+00 4.5491E-08 6.4598E-08 5.1126E+04 1.0000E+003513 8459  347
 1.3573E-07 1.9274E-07 5.1126E+04 2.0000E+00 5.1137E-08 7.2614E-083513 8459  348
 5.1127E+04 0.0000E+00 3.7598E-05 3.7974E-05 5.1128E+04 0.0000E+003513 8459  349
 1.5491E-04 2.8659E-04 5.1128E+04 1.0000E+00 7.0343E-06 4.9242E-063513 8459  350
 5.1129E+04 0.0000E+00 4.9091E-04 2.6019E-04 5.1129E+04 1.0000E+003513 8459  351
 1.4816E-04 2.3113E-04 5.1130E+04 0.0000E+00 1.0848E-03 4.2306E-043513 8459  352
 5.1130E+04 1.0000E+00 7.6467E-04 5.2762E-04 5.1131E+04 0.0000E+003513 8459  353
 3.9945E-03 1.3182E-03 5.1132E+04 0.0000E+00 3.1744E-03 1.8094E-033513 8459  354
 5.1132E+04 1.0000E+00 1.1376E-03 7.2809E-04 5.1133E+04 0.0000E+003513 8459  355
 3.7892E-03 1.7051E-03 5.1134E+04 0.0000E+00 5.2156E-04 9.2838E-043513 8459  356
 5.1134E+04 1.0000E+00 7.7086E-04 1.3876E-03 5.1135E+04 0.0000E+003513 8459  357
 3.5571E-04 7.1143E-04 5.1136E+04 0.0000E+00 2.7000E-05 1.2690E-043513 8459  358
 5.1137E+04 0.0000E+00 9.4305E-07 1.0666E-05 5.1138E+04 0.0000E+003513 8459  359
 9.3323E-09 2.5860E-07 5.1139E+04 0.0000E+00 7.3926E-11 5.0965E-093513 8459  360
 5.2122E+04 0.0000E+00 3.2216E-09 5.4123E-09 5.2123E+04 0.0000E+003513 8459  361
 4.0301E-11 6.9319E-11 5.2123E+04 1.0000E+00 2.7450E-11 4.7488E-113513 8459  362
 5.2124E+04 0.0000E+00 3.2055E-09 5.6416E-09 5.2125E+04 0.0000E+003513 8459  363
 4.4927E-06 7.7274E-06 5.2125E+04 1.0000E+00 1.0053E-06 1.7292E-063513 8459  364
 5.2126E+04 0.0000E+00 1.6222E-07 2.3036E-07 5.2127E+04 0.0000E+003513 8459  365
 3.7449E-05 3.7823E-05 5.2127E+04 1.0000E+00 6.1960E-06 6.2579E-063513 8459  366
 5.2128E+04 0.0000E+00 1.6169E-04 1.1319E-04 5.2129E+04 0.0000E+003513 8459  367
 5.4122E-04 2.7061E-04 5.2129E+04 1.0000E+00 2.0449E-04 1.1042E-043513 8459  368
 5.2130E+04 0.0000E+00 2.0093E-03 7.4346E-04 5.2131E+04 0.0000E+003513 8459  369
 4.5022E-03 1.4407E-03 5.2131E+04 1.0000E+00 1.3187E-03 1.1077E-033513 8459  370
 5.2132E+04 0.0000E+00 1.2868E-02 3.4742E-03 5.2133E+04 0.0000E+003513 8459  371
 1.3390E-02 3.0797E-03 5.2133E+04 1.0000E+00 1.3137E-02 5.7804E-033513 8459  372
 5.2134E+04 0.0000E+00 3.6397E-02 8.3712E-03 5.2135E+04 0.0000E+003513 8459  373
 3.1254E-02 1.0626E-02 5.2136E+04 0.0000E+00 1.5698E-02 1.0203E-023513 8459  374
 5.2137E+04 0.0000E+00 2.3091E-03 3.2788E-03 5.2138E+04 0.0000E+003513 8459  375
 1.9211E-04 6.4164E-04 5.2139E+04 0.0000E+00 7.7833E-06 6.2890E-053513 8459  376
 5.2140E+04 0.0000E+00 1.8986E-07 3.7839E-06 5.2141E+04 0.0000E+003513 8459  377
 1.3718E-09 6.8520E-08 5.2142E+04 0.0000E+00 3.7800E-12 3.7796E-103513 8459  378
 5.3127E+04 0.0000E+00 3.7598E-05 3.7974E-05 5.3129E+04 0.0000E+003513 8459  379
 6.1688E-04 3.0844E-04 5.3130E+04 0.0000E+00 1.7284E-07 6.3950E-083513 8459  380
 5.3130E+04 1.0000E+00 7.4000E-08 2.8860E-08 5.3131E+04 0.0000E+003513 8459  381
 5.5530E-03 1.6104E-03 5.3132E+04 0.0000E+00 1.2998E-02 2.9895E-033513 8459  382
 5.3132E+04 1.0000E+00 7.4864E-05 2.1261E-04 5.3133E+04 0.0000E+003513 8459  383
 2.5848E-02 5.1694E-03 5.3133E+04 1.0000E+00 4.0769E-04 5.6669E-043513 8459  384
 5.3134E+04 0.0000E+00 4.3441E-02 7.8195E-03 5.3134E+04 1.0000E+003513 8459  385
 2.0940E-03 5.0256E-04 5.3135E+04 0.0000E+00 5.9654E-02 1.1335E-023513 8459  386
 5.3136E+04 0.0000E+00 3.3874E-02 1.2533E-02 5.3136E+04 1.0000E+003513 8459  387
 2.0738E-02 8.0878E-03 5.3137E+04 0.0000E+00 3.4154E-02 9.2215E-033513 8459  388
 5.3138E+04 0.0000E+00 9.8569E-03 4.6328E-03 5.3139E+04 0.0000E+003513 8459  389
 2.9727E-03 2.9727E-03 5.3140E+04 0.0000E+00 3.4273E-04 7.9856E-043513 8459  390
 5.3141E+04 0.0000E+00 2.3270E-05 1.3171E-04 5.3142E+04 0.0000E+003513 8459  391
 3.6696E-07 5.1558E-06 5.3143E+04 0.0000E+00 3.1635E-09 1.1246E-073513 8459  392
 5.3144E+04 0.0000E+00 7.1823E-12 6.5740E-10 5.4130E+04 0.0000E+003513 8459  393
 1.8471E-07 6.8342E-08 5.4131E+04 0.0000E+00 5.5530E-03 1.6104E-033513 8459  394
 5.4131E+04 1.0000E+00 6.0320E-05 1.8699E-05 5.4132E+04 0.0000E+003513 8459  395
 1.3008E-02 2.9918E-03 5.4133E+04 0.0000E+00 2.5860E-02 5.1721E-033513 8459  396
 5.4133E+04 1.0000E+00 7.4346E-04 1.7843E-04 5.4134E+04 0.0000E+003513 8459  397
 4.3799E-02 7.4458E-03 5.4134E+04 1.0000E+00 2.3343E-04 2.0542E-043513 8459  398
 5.4135E+04 0.0000E+00 6.3267E-02 1.0755E-02 5.4135E+04 1.0000E+003513 8459  399
 1.2099E-02 5.3232E-03 5.4136E+04 0.0000E+00 8.2031E-02 1.7226E-023513 8459  400
 5.4137E+04 0.0000E+00 8.7068E-02 1.8285E-02 5.4138E+04 0.0000E+003513 8459  401
 8.9844E-02 1.6172E-02 5.4139E+04 0.0000E+00 7.7071E-02 1.6955E-023513 8459  402
 5.4140E+04 0.0000E+00 5.5583E-02 1.9454E-02 5.4141E+04 0.0000E+003513 8459  403
 1.5881E-02 1.1117E-02 5.4142E+04 0.0000E+00 2.1828E-03 3.5143E-033513 8459  404
 5.4143E+04 0.0000E+00 1.0256E-04 4.0000E-04 5.4144E+04 0.0000E+003513 8459  405
 2.5246E-06 2.4615E-05 5.4145E+04 0.0000E+00 2.2656E-08 5.6550E-073513 8459  406
 5.4146E+04 0.0000E+00 7.7098E-11 5.0207E-09 5.5132E+04 0.0000E+003513 8459  407
 2.9675E-12 6.8249E-13 5.5133E+04 0.0000E+00 2.5860E-02 5.1722E-033513 8459  408
 5.5134E+04 0.0000E+00 4.7452E-08 8.0670E-09 5.5134E+04 1.0000E+003513 8459  409
 9.9464E-09 1.9893E-09 5.5135E+04 0.0000E+00 6.3343E-02 1.0134E-023513 8459  410
 5.5135E+04 1.0000E+00 8.5008E-07 1.3066E-05 5.5136E+04 0.0000E+003513 8459  411
 6.7571E-05 1.0136E-05 5.5136E+04 1.0000E+00 1.8293E-05 4.2074E-063513 8459  412
 5.5137E+04 0.0000E+00 8.8028E-02 1.3204E-02 5.5138E+04 0.0000E+003513 8459  413
 9.3697E-02 1.4054E-02 5.5138E+04 1.0000E+00 1.9605E-03 2.8820E-033513 8459  414
 5.5139E+04 0.0000E+00 9.6523E-02 1.5444E-02 5.5140E+04 0.0000E+003513 8459  415
 9.4423E-02 1.6052E-02 5.5141E+04 0.0000E+00 7.3932E-02 1.5526E-023513 8459  416
 5.5142E+04 0.0000E+00 2.9478E-02 8.2537E-03 5.5143E+04 0.0000E+003513 8459  417
 9.6188E-03 4.7132E-03 5.5144E+04 0.0000E+00 1.1445E-03 1.2590E-033513 8459  418
 5.5144E+04 1.0000E+00 5.6640E-10 5.6640E-10 5.5145E+04 0.0000E+003513 8459  419
 1.0291E-04 2.7271E-04 5.5146E+04 0.0000E+00 2.1970E-06 1.4676E-053513 8459  420
 5.5147E+04 0.0000E+00 1.6528E-08 2.8626E-07 5.5148E+04 0.0000E+003513 8459  421
 2.7083E-11 1.2417E-09 5.6134E+04 0.0000E+00 4.7453E-08 8.0670E-093513 8459  422
 5.6135E+04 0.0000E+00 1.7424E-10 2.7878E-11 5.6135E+04 1.0000E+003513 8459  423
 1.2472E-10 1.2470E-08 5.6136E+04 0.0000E+00 7.6743E-05 1.1511E-053513 8459  424
 5.6136E+04 1.0000E+00 1.4735E-08 2.2103E-09 5.6137E+04 0.0000E+003513 8459  425
 8.8029E-02 1.2324E-02 5.6137E+04 1.0000E+00 8.3098E-02 1.4958E-023513 8459  426
 5.6138E+04 0.0000E+00 9.4100E-02 1.3174E-02 5.6139E+04 0.0000E+003513 8459  427
 9.7020E-02 1.3583E-02 5.6140E+04 0.0000E+00 1.0030E-01 1.6049E-023513 8459  428
 5.6141E+04 0.0000E+00 1.0045E-01 2.0090E-02 5.6142E+04 0.0000E+003513 8459  429
 9.2524E-02 2.0355E-02 5.6143E+04 0.0000E+00 7.2354E-02 1.3747E-023513 8459  430
 5.6144E+04 0.0000E+00 4.5852E-02 1.0546E-02 5.6145E+04 0.0000E+003513 8459  431
 1.6411E-02 6.2359E-03 5.6146E+04 0.0000E+00 3.0916E-03 2.3805E-033513 8459  432
 5.6147E+04 0.0000E+00 1.3491E-04 2.4284E-04 5.6148E+04 0.0000E+003513 8459  433
 2.6347E-06 1.1961E-05 5.6149E+04 0.0000E+00 1.9372E-08 2.3052E-073513 8459  434
 5.6150E+04 0.0000E+00 6.2913E-11 2.0094E-09 5.7137E+04 0.0000E+003513 8459  435
 5.0583E-12 7.0813E-13 5.7138E+04 0.0000E+00 5.1044E-10 7.1463E-113513 8459  436
 5.7139E+04 0.0000E+00 9.7020E-02 1.3583E-02 5.7140E+04 0.0000E+003513 8459  437
 1.0031E-01 1.4043E-02 5.7141E+04 0.0000E+00 1.0052E-01 1.4073E-023513 8459  438
 5.7142E+04 0.0000E+00 9.3146E-02 1.3040E-02 5.7143E+04 0.0000E+003513 8459  439
 7.6051E-02 1.2168E-02 5.7144E+04 0.0000E+00 5.3726E-02 9.1334E-033513 8459  440
 5.7145E+04 0.0000E+00 3.1251E-02 6.5625E-03 5.7146E+04 0.0000E+003513 8459  441
 7.2193E-03 3.1765E-03 5.7146E+04 1.0000E+00 4.7107E-03 2.4024E-033513 8459  442
 5.7147E+04 0.0000E+00 2.8068E-03 9.8239E-04 5.7148E+04 0.0000E+003513 8459  443
 2.5523E-04 1.5314E-04 5.7149E+04 0.0000E+00 1.9643E-05 2.5143E-053513 8459  444
 5.7150E+04 0.0000E+00 4.3783E-07 1.3617E-06 5.7151E+04 0.0000E+003513 8459  445
 4.2914E-09 3.4803E-08 5.7152E+04 0.0000E+00 7.0595E-12 1.5503E-103513 8459  446
 5.8139E+04 0.0000E+00 2.4229E-13 3.3919E-14 5.8139E+04 1.0000E+003513 8459  447
 1.4797E-13 2.5155E-14 5.8140E+04 0.0000E+00 1.0031E-01 1.4043E-023513 8459  448
 5.8141E+04 0.0000E+00 1.0052E-01 1.4073E-02 5.8142E+04 0.0000E+003513 8459  449
 9.3146E-02 1.3041E-02 5.8143E+04 0.0000E+00 7.6063E-02 1.1409E-023513 8459  450
 5.8144E+04 0.0000E+00 5.3915E-02 8.6264E-03 5.8145E+04 0.0000E+003513 8459  451
 3.2582E-02 6.1907E-03 5.8146E+04 0.0000E+00 1.6715E-02 4.5131E-033513 8459  452
 5.8147E+04 0.0000E+00 7.2216E-03 1.9498E-03 5.8148E+04 0.0000E+003513 8459  453
 2.5860E-03 9.0510E-04 5.8149E+04 0.0000E+00 6.8674E-04 3.2964E-043513 8459  454
 5.8150E+04 0.0000E+00 1.2694E-04 9.2666E-05 5.8151E+04 0.0000E+003513 8459  455
 7.3970E-06 9.1723E-06 5.8152E+04 0.0000E+00 1.5632E-07 3.8768E-073513 8459  456
 5.8153E+04 0.0000E+00 8.9805E-10 5.2446E-09 5.8154E+04 0.0000E+003513 8459  457
 4.2655E-13 1.0097E-11 5.9141E+04 0.0000E+00 1.0052E-01 1.4073E-023513 8459  458
 5.9142E+04 0.0000E+00 6.3042E-13 8.8262E-14 5.9142E+04 1.0000E+003513 8459  459
 3.7781E-13 3.7777E-11 5.9143E+04 0.0000E+00 7.6063E-02 1.1409E-023513 8459  460
 5.9144E+04 0.0000E+00 5.3914E-02 8.6264E-03 5.9144E+04 1.0000E+003513 8459  461
 7.4400E-04 1.4136E-04 5.9145E+04 0.0000E+00 3.2582E-02 6.1906E-033513 8459  462
 5.9146E+04 0.0000E+00 1.6721E-02 3.6786E-03 5.9147E+04 0.0000E+003513 8459  463
 7.2623E-03 1.9608E-03 5.9148E+04 0.0000E+00 2.6075E-03 9.1264E-043513 8459  464
 5.9148E+04 1.0000E+00 5.9835E-05 1.1847E-04 5.9149E+04 0.0000E+003513 8459  465
 8.2614E-04 3.8829E-04 5.9150E+04 0.0000E+00 2.0958E-04 1.3623E-043513 8459  466
 5.9151E+04 0.0000E+00 3.7486E-05 3.5612E-05 5.9152E+04 0.0000E+003513 8459  467
 2.9745E-06 4.2833E-06 5.9153E+04 0.0000E+00 1.6933E-07 3.9456E-073513 8459  468
 5.9154E+04 0.0000E+00 1.8909E-09 7.8284E-09 5.9155E+04 0.0000E+003513 8459  469
 2.8210E-12 3.3739E-11 6.0142E+04 0.0000E+00 6.3032E-13 8.8248E-143513 8459  470
 6.0143E+04 0.0000E+00 7.6063E-02 1.1409E-02 6.0144E+04 0.0000E+003513 8459  471
 5.3915E-02 8.6264E-03 6.0145E+04 0.0000E+00 3.2582E-02 6.1906E-033513 8459  472
 6.0146E+04 0.0000E+00 1.6721E-02 3.6786E-03 6.0147E+04 0.0000E+003513 8459  473
 7.2623E-03 1.9608E-03 6.0148E+04 0.0000E+00 2.6676E-03 9.3366E-043513 8459  474
 6.0149E+04 0.0000E+00 8.2778E-04 3.8906E-04 6.0150E+04 0.0000E+003513 8459  475
 2.1722E-04 1.4119E-04 6.0151E+04 0.0000E+00 4.8147E-05 4.5740E-053513 8459  476
 6.0152E+04 0.0000E+00 8.9927E-06 1.2950E-05 6.0153E+04 0.0000E+003513 8459  477
 1.3835E-06 3.1683E-06 6.0154E+04 0.0000E+00 1.7263E-07 6.5255E-073513 8459  478
 6.0155E+04 0.0000E+00 1.1966E-08 7.8134E-08 6.0156E+04 0.0000E+003513 8459  479
 1.9694E-10 2.3869E-09 6.1147E+04 0.0000E+00 7.2623E-03 1.9608E-033513 8459  480
 6.1148E+04 0.0000E+00 1.9452E-13 6.8083E-14 6.1148E+04 1.0000E+003513 8459  481
 2.7069E-13 9.7447E-14 6.1149E+04 0.0000E+00 8.2778E-04 3.8906E-043513 8459  482
 6.1150E+04 0.0000E+00 7.6532E-10 4.9748E-10 6.1151E+04 0.0000E+003513 8459  483
 4.8157E-05 4.5749E-05 6.1152E+04 0.0000E+00 8.9998E-06 1.2960E-053513 8459  484
 6.1152E+04 1.0000E+00 1.9746E-08 1.7811E-07 6.1152E+04 2.0000E+003513 8459  485
 8.4106E-10 7.5864E-09 6.1153E+04 0.0000E+00 1.4278E-06 3.2698E-063513 8459  486
 6.1154E+04 0.0000E+00 1.7525E-07 6.6244E-07 6.1154E+04 1.0000E+003513 8459  487
 1.5770E-08 1.2032E-07 6.1155E+04 0.0000E+00 2.1582E-08 1.4050E-073513 8459  488
 6.1156E+04 0.0000E+00 1.7273E-09 2.0278E-08 6.1157E+04 0.0000E+003513 8459  489
 6.0303E-11 1.3285E-09 6.2147E+04 0.0000E+00 7.2623E-03 1.9608E-033513 8459  490
 6.2148E+04 0.0000E+00 4.5168E-13 1.5809E-13 6.2149E+04 0.0000E+003513 8459  491
 8.2778E-04 3.8906E-04 6.2150E+04 0.0000E+00 7.6532E-10 4.9748E-103513 8459  492
 6.2151E+04 0.0000E+00 4.8157E-05 4.5749E-05 6.2152E+04 0.0000E+003513 8459  493
 9.0204E-06 1.2989E-05 6.2153E+04 0.0000E+00 1.4279E-06 3.2700E-063513 8459  494
 6.2153E+04 1.0000E+00 2.5769E-11 6.1381E-10 6.2154E+04 0.0000E+003513 8459  495
 1.9111E-07 7.2238E-07 6.2155E+04 0.0000E+00 2.1702E-08 1.4128E-073513 8459  496
 6.2156E+04 0.0000E+00 2.0585E-09 2.4167E-08 6.2157E+04 0.0000E+003513 8459  497
 1.6603E-10 3.6560E-09 6.2158E+04 0.0000E+00 1.1315E-11 4.8776E-103513 8459  498
 6.2159E+04 0.0000E+00 6.5119E-13 5.7304E-11 6.3151E+04 0.0000E+003513 8459  499
 4.8157E-05 4.5749E-05 6.3153E+04 0.0000E+00 1.4279E-06 3.2700E-063513 8459  500
 6.3155E+04 0.0000E+00 2.1702E-08 1.4128E-07 6.3156E+04 0.0000E+003513 8459  501
 2.0585E-09 2.4167E-08 6.3157E+04 0.0000E+00 1.6603E-10 3.6560E-093513 8459  502
 6.3158E+04 0.0000E+00 1.1315E-11 4.8776E-10 6.3159E+04 0.0000E+003513 8459  503
 6.5148E-13 5.7330E-11 6.4155E+04 0.0000E+00 2.1702E-08 1.4128E-073513 8459  504
 6.4156E+04 0.0000E+00 2.0585E-09 2.4167E-08 6.4157E+04 0.0000E+003513 8459  505
 1.6603E-10 3.6560E-09 6.4158E+04 0.0000E+00 1.1315E-11 4.8776E-103513 8459  506
 6.4159E+04 0.0000E+00 6.5148E-13 6.5148E-13 6.5159E+04 0.0000E+003513 8459  507
 6.5148E-13 6.5148E-13 0.0000E+00 0.0000E+00 0.0000E+00 0.0000E+003513 8459  508
 0.0000E+00 0.0000E+00          0          0          0          03513 8  099999
                                                                  3513 0  0    0
                                                                     0 0  0    0
 0.0000E+00 0.0000E+00          0          0          0          0  -1 0  0    0
