Fission Product Yields for u-232(s,f) fission                      231 0  0    0
 9.2232e+04 2.3004e+02         -1          1          2          13539 1451    1
 0.0000e+00 1.0000e+00          0          0          0          63539 1451    2
 0.0000e+00 1.5000e+08          1          0          5          63539 1451    3
 0.0000e+00 0.0000e+00          0          0         11          33539 1451    4
 92-U -232  NexiaSol   EVAL-DEC07                      R.W. Mills 3539 1451    5
                       DIST-DEC07DRAFT-DEC07           071212     3539 1451    6
 Energy dependent fission yields - UKFY4.1 (Issue 1)              3539 1451    7
 =====================================================            3539 1451    8
 The CYFP code developed by Wahl [1] was used to produce          3539 1451    9
 energy dependent fission yields for fission induced by           3539 1451   10
 neutron, proton, deuteron and alpha particles.                   3539 1451   11
                                                                  3539 1451   12
 References                                                       3539 1451   13
 1) "Systematics of Fission-Product Yields", LA-13928,            3539 1451   14
    A.C. Wahl (2002).                                             3539 1451   15
                                1        451         18          03539 1451   16
                                8        454        691          03539 1451   17
                                8        459        691          03539 1451   18
 0.0000e+00 0.0000e+00          0          0          0          03539 1  099999
                                                                  3539 0  0    0
 9.2232E+04 2.3004E+02          1          0          0          03539 8454    1
 0.0000E+00 0.0000E+00          0          0       3152        7883539 8454    2
 2.8070E+04 0.0000E+00 5.3126E-13 4.6777E-11 2.9070E+04 0.0000E+003539 8454    3
 4.4226E-14 4.4222E-12 2.9070E+04 1.0000E+00 8.7870E-14 8.7861E-123539 8454    4
 2.9070E+04 2.0000E+00 0.0000E+00 0.0000E+00 2.9071E+04 0.0000E+003539 8454    5
 7.8787E-12 3.7116E-10 2.9072E+04 0.0000E+00 2.4318E-11 2.4316E-093539 8454    6
 2.9073E+04 0.0000E+00 4.7090E-11 7.0824E-10 2.9074E+04 0.0000E+003539 8454    7
 1.8992E-11 1.7871E-10 2.9075E+04 0.0000E+00 2.7046E-11 2.1853E-103539 8454    8
 2.9076E+04 0.0000E+00 1.5452E-11 1.6147E-10 2.9077E+04 0.0000E+003539 8454    9
 4.2453E-12 8.0152E-11 2.9078E+04 0.0000E+00 1.3365E-13 6.1838E-123539 8454   10
 3.0070E+04 0.0000E+00 0.0000E+00 0.0000E+00 3.0071E+04 0.0000E+003539 8454   11
 2.5091E-15 2.5088E-13 3.0072E+04 0.0000E+00 5.9205E-11 1.5506E-093539 8454   12
 3.0073E+04 0.0000E+00 1.3469E-10 1.3468E-08 3.0073E+04 1.0000E+003539 8454   13
 5.9262E-10 5.9256E-08 3.0074E+04 0.0000E+00 6.1183E-09 5.4208E-083539 8454   14
 3.0075E+04 0.0000E+00 2.7736E-08 1.5033E-07 3.0076E+04 0.0000E+003539 8454   15
 6.5577E-08 2.2952E-07 3.0077E+04 0.0000E+00 2.6457E-08 1.4869E-073539 8454   16
 3.0077E+04 1.0000E+00 6.0132E-09 3.3794E-08 3.0078E+04 0.0000E+003539 8454   17
 1.0396E-08 4.6887E-08 3.0079E+04 0.0000E+00 1.3001E-09 1.3743E-083539 8454   18
 3.0080E+04 0.0000E+00 9.0921E-11 2.3403E-09 3.0081E+04 0.0000E+003539 8454   19
 2.0844E-12 1.2934E-10 3.1071E+04 0.0000E+00 0.0000E+00 0.0000E+003539 8454   20
 3.1072E+04 0.0000E+00 0.0000E+00 0.0000E+00 3.1072E+04 1.0000E+003539 8454   21
 0.0000E+00 0.0000E+00 3.1073E+04 0.0000E+00 4.9785E-13 4.9780E-113539 8454   22
 3.1074E+04 0.0000E+00 1.5434E-10 1.5432E-08 3.1074E+04 1.0000E+003539 8454   23
 4.0930E-11 4.0926E-09 3.1075E+04 0.0000E+00 1.7626E-08 9.5532E-083539 8454   24
 3.1076E+04 0.0000E+00 1.7385E-07 5.9284E-07 3.1077E+04 0.0000E+003539 8454   25
 8.7532E-07 1.9520E-06 3.1078E+04 0.0000E+00 1.3377E-06 2.0735E-063539 8454   26
 3.1079E+04 0.0000E+00 1.5487E-06 2.2612E-06 3.1080E+04 0.0000E+003539 8454   27
 5.6432E-07 1.4729E-06 3.1081E+04 0.0000E+00 1.1803E-07 7.2115E-073539 8454   28
 3.1082E+04 0.0000E+00 7.0837E-09 1.0406E-07 3.1083E+04 0.0000E+003539 8454   29
 2.4691E-10 8.6369E-09 3.1084E+04 0.0000E+00 2.9080E-12 2.3895E-103539 8454   30
 3.2072E+04 0.0000E+00 0.0000E+00 0.0000E+00 3.2073E+04 0.0000E+003539 8454   31
 0.0000E+00 0.0000E+00 3.2073E+04 1.0000E+00 0.0000E+00 0.0000E+003539 8454   32
 3.2074E+04 0.0000E+00 2.0498E-14 6.5162E-13 3.2075E+04 0.0000E+003539 8454   33
 3.6797E-11 3.6793E-09 3.2075E+04 1.0000E+00 1.6190E-10 1.6188E-083539 8454   34
 3.2076E+04 0.0000E+00 4.9818E-08 1.7586E-07 3.2077E+04 0.0000E+003539 8454   35
 5.7261E-07 2.5710E-06 3.2077E+04 1.0000E+00 1.3014E-07 5.8434E-073539 8454   36
 3.2078E+04 0.0000E+00 6.3864E-06 9.5796E-06 3.2079E+04 0.0000E+003539 8454   37
 4.9463E-06 1.0338E-05 3.2079E+04 1.0000E+00 2.1763E-05 4.5485E-053539 8454   38
 3.2080E+04 0.0000E+00 7.3569E-05 5.8119E-05 3.2081E+04 0.0000E+003539 8454   39
 5.3404E-05 9.0253E-05 3.2081E+04 1.0000E+00 1.8404E-05 3.1102E-053539 8454   40
 3.2082E+04 0.0000E+00 3.7413E-05 5.8738E-05 3.2083E+04 0.0000E+003539 8454   41
 6.2333E-06 2.2502E-05 3.2084E+04 0.0000E+00 6.0932E-07 5.2157E-063539 8454   42
 3.2085E+04 0.0000E+00 2.5757E-08 5.1850E-07 3.2086E+04 0.0000E+003539 8454   43
 6.3427E-10 2.9684E-08 3.2087E+04 0.0000E+00 4.6245E-12 4.6240E-103539 8454   44
 3.3075E+04 0.0000E+00 4.6335E-17 4.6331E-15 3.3075E+04 1.0000E+003539 8454   45
 1.5986E-16 1.5984E-14 3.3076E+04 0.0000E+00 8.1411E-12 9.7856E-113539 8454   46
 3.3077E+04 0.0000E+00 4.6139E-09 1.7718E-08 3.3078E+04 0.0000E+003539 8454   47
 2.1196E-07 4.0484E-07 3.3079E+04 0.0000E+00 6.1542E-06 7.0158E-063539 8454   48
 3.3080E+04 0.0000E+00 5.4825E-05 4.2215E-05 3.3081E+04 0.0000E+003539 8454   49
 3.1029E-04 1.7376E-04 3.3082E+04 0.0000E+00 2.3543E-04 2.1895E-043539 8454   50
 3.3082E+04 1.0000E+00 3.5211E-04 3.2747E-04 3.3083E+04 0.0000E+003539 8454   51
 7.2034E-04 3.8178E-04 3.3084E+04 0.0000E+00 3.0655E-04 2.9736E-043539 8454   52
 3.3084E+04 1.0000E+00 0.0000E+00 0.0000E+00 3.3085E+04 0.0000E+003539 8454   53
 1.0237E-04 2.2419E-04 3.3086E+04 0.0000E+00 1.0863E-05 5.5292E-053539 8454   54
 3.3087E+04 0.0000E+00 5.9193E-07 7.0084E-06 3.3088E+04 0.0000E+003539 8454   55
 1.0638E-08 2.8998E-07 3.3089E+04 0.0000E+00 1.5954E-10 9.8914E-093539 8454   56
 3.3090E+04 0.0000E+00 9.1119E-13 9.1110E-11 3.4076E+04 0.0000E+003539 8454   57
 1.7223E-17 1.7222E-15 3.4077E+04 0.0000E+00 3.8016E-14 2.6433E-123539 8454   58
 3.4077E+04 1.0000E+00 2.0781E-13 1.4449E-11 3.4078E+04 0.0000E+003539 8454   59
 1.5671E-10 1.9840E-09 3.4079E+04 0.0000E+00 2.4387E-08 2.3265E-073539 8454   60
 3.4079E+04 1.0000E+00 5.5427E-09 5.2877E-08 3.4080E+04 0.0000E+003539 8454   61
 2.5568E-06 4.9090E-06 3.4081E+04 0.0000E+00 1.1124E-05 1.9912E-053539 8454   62
 3.4081E+04 1.0000E+00 4.8944E-05 8.7610E-05 3.4082E+04 0.0000E+003539 8454   63
 6.8110E-04 3.5417E-04 3.4083E+04 0.0000E+00 1.9018E-03 1.3883E-033539 8454   64
 3.4083E+04 1.0000E+00 6.5537E-04 4.7842E-04 3.4084E+04 0.0000E+003539 8454   65
 6.3721E-03 1.9754E-03 3.4085E+04 0.0000E+00 7.7931E-03 2.8055E-033539 8454   66
 3.4086E+04 0.0000E+00 5.9233E-03 3.7317E-03 3.4087E+04 0.0000E+003539 8454   67
 1.3296E-03 1.8083E-03 3.4088E+04 0.0000E+00 1.7601E-04 5.4740E-043539 8454   68
 3.4089E+04 0.0000E+00 1.0531E-05 7.4984E-05 3.4090E+04 0.0000E+003539 8454   69
 4.1390E-07 6.6969E-06 3.4091E+04 0.0000E+00 6.4027E-09 2.3216E-073539 8454   70
 3.4092E+04 0.0000E+00 6.5198E-11 5.2028E-09 3.4093E+04 0.0000E+003539 8454   71
 2.9324E-13 2.9321E-11 3.5079E+04 0.0000E+00 1.0396E-13 1.0286E-113539 8454   72
 3.5079E+04 1.0000E+00 3.5867E-13 3.5487E-11 3.5080E+04 0.0000E+003539 8454   73
 9.7623E-11 3.5379E-09 3.5080E+04 1.0000E+00 1.9396E-10 7.0291E-093539 8454   74
 3.5081E+04 0.0000E+00 7.8780E-08 5.3491E-07 3.5082E+04 0.0000E+003539 8454   75
 2.8678E-06 1.5084E-05 3.5082E+04 1.0000E+00 1.9175E-06 1.0086E-053539 8454   76
 3.5083E+04 0.0000E+00 1.3873E-04 1.5122E-04 3.5084E+04 0.0000E+003539 8454   77
 4.7472E-04 4.8896E-04 3.5084E+04 1.0000E+00 7.0999E-04 7.3129E-043539 8454   78
 3.5085E+04 0.0000E+00 7.7265E-03 2.3952E-03 3.5086E+04 0.0000E+003539 8454   79
 1.7364E-02 3.9937E-03 3.5087E+04 0.0000E+00 2.2702E-02 5.9025E-033539 8454   80
 3.5088E+04 0.0000E+00 1.0732E-02 4.6146E-03 3.5089E+04 0.0000E+003539 8454   81
 4.3416E-03 3.8206E-03 3.5090E+04 0.0000E+00 6.4709E-04 1.2554E-033539 8454   82
 3.5091E+04 0.0000E+00 6.6667E-05 2.8934E-04 3.5092E+04 0.0000E+003539 8454   83
 2.4129E-06 2.3284E-05 3.5093E+04 0.0000E+00 6.5693E-08 1.3861E-063539 8454   84
 3.5094E+04 0.0000E+00 7.5452E-10 3.4082E-08 3.5095E+04 0.0000E+003539 8454   85
 8.6385E-12 8.1755E-10 3.6080E+04 0.0000E+00 5.0904E-16 5.0899E-143539 8454   86
 3.6081E+04 0.0000E+00 8.9008E-13 8.8999E-11 3.6081E+04 1.0000E+003539 8454   87
 2.0230E-13 2.0228E-11 3.6082E+04 0.0000E+00 8.4629E-10 2.1707E-083539 8454   88
 3.6083E+04 0.0000E+00 4.9135E-09 9.5519E-08 3.6083E+04 1.0000E+003539 8454   89
 1.4857E-07 2.8881E-06 3.6084E+04 0.0000E+00 1.2666E-05 4.7879E-053539 8454   90
 3.6085E+04 0.0000E+00 2.7422E-04 8.3636E-04 3.6085E+04 1.0000E+003539 8454   91
 9.4499E-05 2.8822E-04 3.6086E+04 0.0000E+00 5.3806E-03 3.5512E-033539 8454   92
 3.6087E+04 0.0000E+00 2.1326E-02 7.2509E-03 3.6088E+04 0.0000E+003539 8454   93
 5.1390E-02 1.1306E-02 3.6089E+04 0.0000E+00 6.1825E-02 1.2983E-023539 8454   94
 3.6090E+04 0.0000E+00 5.3789E-02 1.6675E-02 3.6091E+04 0.0000E+003539 8454   95
 1.9148E-02 1.1106E-02 3.6092E+04 0.0000E+00 4.3712E-03 5.3328E-033539 8454   96
 3.6093E+04 0.0000E+00 4.0954E-04 1.0812E-03 3.6094E+04 0.0000E+003539 8454   97
 2.7923E-05 1.5832E-04 3.6095E+04 0.0000E+00 1.0048E-06 1.2078E-053539 8454   98
 3.6096E+04 0.0000E+00 2.5546E-08 6.3917E-07 3.6097E+04 0.0000E+003539 8454   99
 2.3796E-10 1.2219E-08 3.6098E+04 0.0000E+00 1.4975E-12 1.4973E-103539 8454  100
 3.7083E+04 0.0000E+00 6.6882E-13 6.3765E-11 3.7084E+04 0.0000E+003539 8454  101
 1.7172E-10 1.2333E-08 3.7084E+04 1.0000E+00 1.9597E-10 1.4075E-083539 8454  102
 3.7085E+04 0.0000E+00 1.1458E-07 1.5789E-06 3.7086E+04 0.0000E+003539 8454  103
 4.0920E-06 4.4194E-05 3.7086E+04 1.0000E+00 4.6699E-06 5.0435E-053539 8454  104
 3.7087E+04 0.0000E+00 2.7956E-04 6.0943E-04 3.7088E+04 0.0000E+003539 8454  105
 2.5018E-03 2.3016E-03 3.7089E+04 0.0000E+00 1.6675E-02 7.1703E-033539 8454  106
 3.7090E+04 0.0000E+00 1.0526E-02 5.1577E-03 3.7090E+04 1.0000E+003539 8454  107
 2.9270E-02 1.4342E-02 3.7091E+04 0.0000E+00 6.9096E-02 1.2437E-023539 8454  108
 3.7092E+04 0.0000E+00 4.5368E-02 1.0888E-02 3.7093E+04 0.0000E+003539 8454  109
 2.3282E-02 9.3127E-03 3.7094E+04 0.0000E+00 4.9530E-03 3.8138E-033539 8454  110
 3.7095E+04 0.0000E+00 9.9028E-04 1.5646E-03 3.7096E+04 0.0000E+003539 8454  111
 7.5827E-05 2.4796E-04 3.7096E+04 1.0000E+00 0.0000E+00 0.0000E+003539 8454  112
 3.7097E+04 0.0000E+00 3.7091E-06 2.5036E-05 3.7098E+04 0.0000E+003539 8454  113
 6.6516E-08 9.2324E-07 3.7098E+04 1.0000E+00 0.0000E+00 0.0000E+003539 8454  114
 3.7099E+04 0.0000E+00 9.8880E-10 2.8230E-08 3.7100E+04 0.0000E+003539 8454  115
 5.2932E-12 3.1246E-10 3.8084E+04 0.0000E+00 2.3464E-16 2.3462E-143539 8454  116
 3.8085E+04 0.0000E+00 3.8154E-13 3.8150E-11 3.8085E+04 1.0000E+003539 8454  117
 1.3148E-13 1.3147E-11 3.8086E+04 0.0000E+00 4.5036E-10 2.2370E-083539 8454  118
 3.8087E+04 0.0000E+00 2.6620E-09 1.0270E-07 3.8087E+04 1.0000E+003539 8454  119
 8.0488E-08 3.1052E-06 3.8088E+04 0.0000E+00 6.9171E-06 5.2778E-053539 8454  120
 3.8089E+04 0.0000E+00 2.0831E-04 6.4368E-04 3.8090E+04 0.0000E+003539 8454  121
 3.4170E-03 4.4421E-03 3.8091E+04 0.0000E+00 1.8888E-02 1.1144E-023539 8454  122
 3.8092E+04 0.0000E+00 6.0990E-02 1.8907E-02 3.8093E+04 0.0000E+003539 8454  123
 8.0046E-02 1.6810E-02 3.8094E+04 0.0000E+00 7.9304E-02 1.5861E-023539 8454  124
 3.8095E+04 0.0000E+00 4.3024E-02 1.2477E-02 3.8096E+04 0.0000E+003539 8454  125
 1.6659E-02 8.3295E-03 3.8097E+04 0.0000E+00 2.3324E-03 2.2157E-033539 8454  126
 3.8098E+04 0.0000E+00 2.1623E-04 4.1083E-04 3.8099E+04 0.0000E+003539 8454  127
 9.2763E-06 3.6178E-05 3.8100E+04 0.0000E+00 2.5894E-07 2.1000E-063539 8454  128
 3.8101E+04 0.0000E+00 2.8429E-09 4.8699E-08 3.8102E+04 0.0000E+003539 8454  129
 1.6821E-11 6.1632E-10 3.9087E+04 0.0000E+00 3.1601E-14 3.1597E-123539 8454  130
 3.9087E+04 1.0000E+00 9.1699E-14 9.1690E-12 3.9088E+04 0.0000E+003539 8454  131
 6.1760E-11 4.1830E-09 3.9089E+04 0.0000E+00 4.1243E-09 2.1958E-073539 8454  132
 3.9089E+04 1.0000E+00 1.4229E-08 7.5754E-07 3.9090E+04 0.0000E+003539 8454  133
 7.9864E-07 1.7035E-05 3.9090E+04 1.0000E+00 6.9119E-07 1.4743E-053539 8454  134
 3.9091E+04 0.0000E+00 1.6577E-05 1.4522E-04 3.9091E+04 1.0000E+003539 8454  135
 4.8105E-05 4.2140E-04 3.9092E+04 0.0000E+00 7.8509E-04 1.4603E-033539 8454  136
 3.9093E+04 0.0000E+00 1.5007E-03 2.5062E-03 3.9093E+04 1.0000E+003539 8454  137
 4.3549E-03 7.2726E-03 3.9094E+04 0.0000E+00 1.5578E-02 6.5429E-033539 8454  138
 3.9095E+04 0.0000E+00 3.6611E-02 9.5188E-03 3.9096E+04 0.0000E+003539 8454  139
 4.7306E-03 1.9396E-03 3.9096E+04 1.0000E+00 2.8493E-02 1.1682E-023539 8454  140
 3.9097E+04 0.0000E+00 5.1856E-03 2.5928E-03 3.9097E+04 1.0000E+003539 8454  141
 1.5048E-02 7.5238E-03 3.9098E+04 0.0000E+00 1.2699E-03 9.2705E-043539 8454  142
 3.9098E+04 1.0000E+00 3.5314E-03 2.5779E-03 3.9099E+04 0.0000E+003539 8454  143
 9.9961E-04 6.2975E-04 3.9100E+04 0.0000E+00 2.0826E-05 4.9983E-053539 8454  144
 3.9100E+04 1.0000E+00 5.7913E-05 1.3899E-04 3.9101E+04 0.0000E+003539 8454  145
 4.5336E-06 1.1153E-05 3.9102E+04 0.0000E+00 8.0145E-08 4.1996E-073539 8454  146
 3.9102E+04 1.0000E+00 0.0000E+00 0.0000E+00 3.9103E+04 0.0000E+003539 8454  147
 8.9172E-14 8.9163E-12 4.0090E+04 0.0000E+00 7.0900E-12 7.0893E-103539 8454  148
 4.0090E+04 1.0000E+00 1.9716E-11 1.9714E-09 4.0091E+04 0.0000E+003539 8454  149
 6.1026E-09 2.2323E-07 4.0092E+04 0.0000E+00 6.2913E-07 9.4244E-063539 8454  150
 4.0093E+04 0.0000E+00 1.9704E-05 1.2414E-04 4.0094E+04 0.0000E+003539 8454  151
 3.4526E-04 9.4601E-04 4.0095E+04 0.0000E+00 2.5568E-03 3.1961E-033539 8454  152
 4.0096E+04 0.0000E+00 1.1298E-02 6.8917E-03 4.0097E+04 0.0000E+003539 8454  153
 1.6561E-02 5.7962E-03 4.0098E+04 0.0000E+00 1.6107E-02 4.3488E-033539 8454  154
 4.0099E+04 0.0000E+00 7.7953E-03 2.1827E-03 4.0100E+04 0.0000E+003539 8454  155
 2.7474E-03 1.0165E-03 4.0101E+04 0.0000E+00 4.2792E-04 2.3964E-043539 8454  156
 4.0102E+04 0.0000E+00 3.9434E-05 3.7857E-05 4.0103E+04 0.0000E+003539 8454  157
 6.8943E-08 4.2814E-07 4.0104E+04 0.0000E+00 2.0543E-09 2.1940E-083539 8454  158
 4.0105E+04 0.0000E+00 5.5792E-11 1.0333E-09 4.0106E+04 0.0000E+003539 8454  159
 2.3324E-12 7.5080E-11 4.0107E+04 0.0000E+00 1.2183E-13 6.7981E-123539 8454  160
 4.0108E+04 0.0000E+00 5.4312E-11 5.8385E-10 4.0109E+04 0.0000E+003539 8454  161
 4.2649E-13 1.2300E-11 4.1092E+04 0.0000E+00 9.1682E-13 9.1673E-113539 8454  162
 4.1092E+04 1.0000E+00 1.0593E-12 1.0592E-10 4.1093E+04 0.0000E+003539 8454  163
 1.7107E-11 1.7106E-09 4.1093E+04 1.0000E+00 5.1727E-10 5.1722E-083539 8454  164
 4.1094E+04 0.0000E+00 1.8843E-08 8.1384E-07 4.1094E+04 1.0000E+003539 8454  165
 2.1772E-08 9.4035E-07 4.1095E+04 0.0000E+00 1.5661E-06 2.9396E-053539 8454  166
 4.1095E+04 1.0000E+00 5.3970E-07 1.0130E-05 4.1096E+04 0.0000E+003539 8454  167
 3.2422E-05 1.3585E-04 4.1097E+04 0.0000E+00 1.9704E-04 7.6058E-043539 8454  168
 4.1097E+04 1.0000E+00 6.7903E-05 2.6210E-04 4.1098E+04 0.0000E+003539 8454  169
 2.3814E-04 4.4294E-04 4.1098E+04 1.0000E+00 4.7315E-04 8.8005E-043539 8454  170
 4.1099E+04 0.0000E+00 1.1445E-03 1.1674E-03 4.1099E+04 1.0000E+003539 8454  171
 3.9440E-04 4.0229E-04 4.1100E+04 0.0000E+00 3.3470E-04 2.6107E-043539 8454  172
 4.1100E+04 1.0000E+00 9.3073E-04 7.2597E-04 4.1101E+04 0.0000E+003539 8454  173
 8.2617E-04 3.5526E-04 4.1102E+04 0.0000E+00 8.8109E-05 1.0133E-043539 8454  174
 4.1102E+04 1.0000E+00 1.0055E-04 1.1564E-04 4.1103E+04 0.0000E+003539 8454  175
 3.6398E-05 3.2394E-05 4.1104E+04 0.0000E+00 3.0575E-06 8.0719E-063539 8454  176
 4.1104E+04 1.0000E+00 1.1334E-06 2.9921E-06 4.1105E+04 0.0000E+003539 8454  177
 4.6882E-07 9.0013E-07 4.1106E+04 0.0000E+00 8.3746E-08 2.2109E-073539 8454  178
 4.1107E+04 0.0000E+00 1.8914E-08 7.2440E-08 4.1108E+04 0.0000E+003539 8454  179
 4.3023E-08 1.0282E-07 4.1109E+04 0.0000E+00 2.0007E-09 9.5435E-093539 8454  180
 4.1110E+04 0.0000E+00 4.0958E-11 4.8495E-10 4.1111E+04 0.0000E+003539 8454  181
 3.9546E-13 1.1876E-11 4.2094E+04 0.0000E+00 2.5737E-13 2.5734E-113539 8454  182
 4.2095E+04 0.0000E+00 5.9226E-11 4.3715E-09 4.2096E+04 0.0000E+003539 8454  183
 6.6549E-09 2.1436E-07 4.2097E+04 0.0000E+00 2.0348E-07 2.9159E-063539 8454  184
 4.2098E+04 0.0000E+00 3.4041E-06 2.1991E-05 4.2099E+04 0.0000E+003539 8454  185
 2.3714E-05 6.9956E-05 4.2100E+04 0.0000E+00 1.0420E-04 1.4379E-043539 8454  186
 4.2101E+04 0.0000E+00 1.8568E-04 1.3926E-04 4.2102E+04 0.0000E+003539 8454  187
 1.9302E-04 1.2160E-04 4.2103E+04 0.0000E+00 6.9533E-05 5.6322E-053539 8454  188
 4.2104E+04 0.0000E+00 1.9784E-05 2.2356E-05 4.2105E+04 0.0000E+003539 8454  189
 6.0161E-06 9.2045E-06 4.2106E+04 0.0000E+00 3.2593E-06 5.6712E-063539 8454  190
 4.2107E+04 0.0000E+00 2.4558E-06 4.3222E-06 4.2108E+04 0.0000E+003539 8454  191
 1.4335E-06 2.4656E-06 4.2109E+04 0.0000E+00 3.5094E-07 6.3872E-073539 8454  192
 4.2110E+04 0.0000E+00 3.8738E-08 9.5684E-08 4.2111E+04 0.0000E+003539 8454  193
 1.9959E-09 9.8398E-09 4.2112E+04 0.0000E+00 5.0402E-11 5.8516E-103539 8454  194
 4.2113E+04 0.0000E+00 6.5364E-13 1.8204E-11 4.3097E+04 0.0000E+003539 8454  195
 1.4489E-12 1.4488E-10 4.3098E+04 0.0000E+00 9.4017E-11 4.5514E-093539 8454  196
 4.3099E+04 0.0000E+00 3.2412E-09 1.3927E-07 4.3099E+04 1.0000E+003539 8454  197
 1.1169E-09 4.7995E-08 4.3100E+04 0.0000E+00 6.8138E-08 6.4799E-073539 8454  198
 4.3101E+04 0.0000E+00 7.4288E-07 3.1275E-06 4.3102E+04 0.0000E+003539 8454  199
 6.5410E-07 2.5117E-06 4.3102E+04 1.0000E+00 1.8189E-06 6.9846E-063539 8454  200
 4.3103E+04 0.0000E+00 8.7652E-07 2.5069E-06 4.3104E+04 0.0000E+003539 8454  201
 7.9296E-07 1.5621E-06 4.3105E+04 0.0000E+00 6.9899E-07 1.2582E-063539 8454  202
 4.3106E+04 0.0000E+00 9.9466E-07 1.8103E-06 4.3107E+04 0.0000E+003539 8454  203
 1.8243E-06 3.2290E-06 4.3108E+04 0.0000E+00 2.8478E-06 4.8413E-063539 8454  204
 4.3109E+04 0.0000E+00 3.0048E-06 5.0180E-06 4.3110E+04 0.0000E+003539 8454  205
 1.5190E-06 2.5216E-06 4.3111E+04 0.0000E+00 3.7527E-07 6.6423E-073539 8454  206
 4.3112E+04 0.0000E+00 4.6064E-08 1.1101E-07 4.3113E+04 0.0000E+003539 8454  207
 2.8798E-09 1.3247E-08 4.3114E+04 0.0000E+00 9.4135E-11 9.6771E-103539 8454  208
 4.3115E+04 0.0000E+00 1.6409E-12 3.8726E-11 4.4099E+04 0.0000E+003539 8454  209
 3.4022E-14 3.4019E-12 4.4100E+04 0.0000E+00 3.8241E-12 2.6501E-103539 8454  210
 4.4101E+04 0.0000E+00 1.6368E-10 4.8842E-09 4.4102E+04 0.0000E+003539 8454  211
 3.7524E-09 4.7730E-08 4.4103E+04 0.0000E+00 4.6617E-12 4.1736E-103539 8454  212
 4.4103E+04 1.0000E+00 5.4937E-12 4.9185E-10 4.4104E+04 0.0000E+003539 8454  213
 3.8978E-11 1.0107E-09 4.4105E+04 0.0000E+00 1.4461E-10 2.1649E-093539 8454  214
 4.4106E+04 0.0000E+00 8.3682E-10 7.3138E-09 4.4107E+04 0.0000E+003539 8454  215
 5.8540E-09 3.0733E-08 4.4108E+04 0.0000E+00 3.8793E-07 7.0603E-073539 8454  216
 4.4109E+04 0.0000E+00 1.7484E-06 4.1680E-06 4.4110E+04 0.0000E+003539 8454  217
 3.4831E-06 5.6774E-06 4.4111E+04 0.0000E+00 3.4173E-06 5.5018E-063539 8454  218
 4.4112E+04 0.0000E+00 1.7502E-06 2.8178E-06 4.4113E+04 0.0000E+003539 8454  219
 4.7596E-07 8.1865E-07 4.4114E+04 0.0000E+00 6.9041E-08 1.5465E-073539 8454  220
 4.4115E+04 0.0000E+00 5.3665E-09 2.1359E-08 4.4116E+04 0.0000E+003539 8454  221
 2.2419E-10 1.9011E-09 4.4117E+04 0.0000E+00 5.0208E-12 9.5094E-113539 8454  222
 4.4118E+04 0.0000E+00 5.9684E-14 2.5437E-12 4.5103E+04 0.0000E+003539 8454  223
 0.0000E+00 0.0000E+00 4.5103E+04 1.0000E+00 0.0000E+00 0.0000E+003539 8454  224
 4.5105E+04 0.0000E+00 1.3697E-17 1.3695E-15 4.5105E+04 1.0000E+003539 8454  225
 0.0000E+00 0.0000E+00 4.5106E+04 0.0000E+00 1.7694E-16 1.7692E-143539 8454  226
 4.5107E+04 0.0000E+00 1.3710E-14 1.1153E-12 4.5108E+04 0.0000E+003539 8454  227
 1.7504E-09 1.5351E-08 4.5108E+04 1.0000E+00 8.8098E-10 7.7262E-093539 8454  228
 4.5109E+04 0.0000E+00 6.1836E-08 1.3913E-07 4.5110E+04 0.0000E+003539 8454  229
 5.8405E-08 2.0267E-07 4.5110E+04 1.0000E+00 4.9310E-07 1.7111E-063539 8454  230
 4.5111E+04 0.0000E+00 2.1063E-06 3.4123E-06 4.5112E+04 0.0000E+003539 8454  231
 3.9033E-06 6.1672E-06 4.5113E+04 0.0000E+00 3.8658E-06 6.0693E-063539 8454  232
 4.5114E+04 0.0000E+00 5.6700E-07 1.7917E-06 4.5114E+04 1.0000E+003539 8454  233
 1.5767E-06 4.9823E-06 4.5115E+04 0.0000E+00 6.6912E-07 1.1174E-063539 8454  234
 4.5116E+04 0.0000E+00 3.8898E-08 1.5870E-07 4.5116E+04 1.0000E+003539 8454  235
 7.7284E-08 3.1532E-07 4.5117E+04 0.0000E+00 1.1054E-08 3.6809E-083539 8454  236
 4.5118E+04 0.0000E+00 5.6688E-10 3.8434E-09 4.5119E+04 0.0000E+003539 8454  237
 1.5373E-11 2.2891E-10 4.5120E+04 0.0000E+00 2.1548E-13 7.2079E-123539 8454  238
 4.6105E+04 0.0000E+00 0.0000E+00 0.0000E+00 4.6106E+04 0.0000E+003539 8454  239
 0.0000E+00 0.0000E+00 4.6107E+04 0.0000E+00 0.0000E+00 0.0000E+003539 8454  240
 4.6108E+04 0.0000E+00 6.7383E-13 1.7553E-11 4.6109E+04 0.0000E+003539 8454  241
 4.2873E-11 8.3431E-10 4.6109E+04 1.0000E+00 5.0525E-11 9.8322E-103539 8454  242
 4.6110E+04 0.0000E+00 4.4361E-09 1.7789E-08 4.6111E+04 0.0000E+003539 8454  243
 3.6493E-08 1.5838E-07 4.6111E+04 1.0000E+00 4.3006E-08 1.8665E-073539 8454  244
 4.6112E+04 0.0000E+00 6.0039E-07 1.0207E-06 4.6113E+04 0.0000E+003539 8454  245
 8.3337E-07 2.6501E-06 4.6113E+04 1.0000E+00 1.3074E-06 4.1575E-063539 8454  246
 4.6114E+04 0.0000E+00 4.0017E-06 6.2427E-06 4.6115E+04 0.0000E+003539 8454  247
 4.2367E-06 6.5669E-06 4.6115E+04 1.0000E+00 0.0000E+00 0.0000E+003539 8454  248
 4.6116E+04 0.0000E+00 2.6284E-06 4.1266E-06 4.6117E+04 0.0000E+003539 8454  249
 9.5003E-07 1.5485E-06 4.6118E+04 0.0000E+00 1.9486E-07 3.6828E-073539 8454  250
 4.6119E+04 0.0000E+00 2.1976E-08 6.1752E-08 4.6120E+04 0.0000E+003539 8454  251
 1.3207E-09 7.1714E-09 4.6121E+04 0.0000E+00 4.1009E-11 4.8432E-103539 8454  252
 4.6122E+04 0.0000E+00 6.3761E-13 1.7018E-11 4.7109E+04 0.0000E+003539 8454  253
 7.6941E-16 7.6933E-14 4.7109E+04 1.0000E+00 4.2059E-15 4.2055E-133539 8454  254
 4.7110E+04 0.0000E+00 5.4521E-13 2.5696E-11 4.7110E+04 1.0000E+003539 8454  255
 8.1542E-13 3.8431E-11 4.7111E+04 0.0000E+00 2.3880E-11 4.4633E-103539 8454  256
 4.7111E+04 1.0000E+00 1.0507E-10 1.9638E-09 4.7112E+04 0.0000E+003539 8454  257
 4.6732E-09 1.8926E-08 4.7113E+04 0.0000E+00 1.3257E-08 5.8863E-083539 8454  258
 4.7113E+04 1.0000E+00 5.8331E-08 2.5899E-07 4.7114E+04 0.0000E+003539 8454  259
 2.3835E-07 8.1278E-07 4.7114E+04 1.0000E+00 2.7202E-07 9.2757E-073539 8454  260
 4.7115E+04 0.0000E+00 3.4302E-07 1.0874E-06 4.7115E+04 1.0000E+003539 8454  261
 1.5092E-06 4.7843E-06 4.7116E+04 0.0000E+00 1.4849E-06 4.6330E-063539 8454  262
 4.7116E+04 1.0000E+00 2.2209E-06 6.9292E-06 4.7117E+04 0.0000E+003539 8454  263
 8.0308E-07 2.5056E-06 4.7117E+04 1.0000E+00 3.5335E-06 1.1024E-053539 8454  264
 4.7118E+04 0.0000E+00 1.6307E-06 5.1530E-06 4.7118E+04 1.0000E+003539 8454  265
 1.4113E-06 4.4597E-06 4.7119E+04 0.0000E+00 1.2625E-06 2.0578E-063539 8454  266
 4.7119E+04 1.0000E+00 0.0000E+00 0.0000E+00 4.7120E+04 0.0000E+003539 8454  267
 1.6013E-07 5.8127E-07 4.7120E+04 1.0000E+00 1.3858E-07 5.0306E-073539 8454  268
 4.7121E+04 0.0000E+00 3.8554E-08 9.4844E-08 4.7122E+04 0.0000E+003539 8454  269
 1.7137E-09 1.5303E-08 4.7122E+04 1.0000E+00 8.8765E-10 7.9267E-093539 8454  270
 4.7129E+04 0.0000E+00 9.6733E-14 7.9021E-12 4.8110E+04 0.0000E+003539 8454  271
 1.4068E-17 1.4067E-15 4.8111E+04 0.0000E+00 2.1021E-15 2.1019E-133539 8454  272
 4.8112E+04 0.0000E+00 1.3843E-12 3.3250E-11 4.8113E+04 0.0000E+003539 8454  273
 3.2429E-11 6.5151E-10 4.8113E+04 1.0000E+00 6.9272E-11 1.3917E-093539 8454  274
 4.8114E+04 0.0000E+00 3.2134E-09 1.4460E-08 4.8115E+04 0.0000E+003539 8454  275
 1.5104E-08 7.2803E-08 4.8115E+04 1.0000E+00 3.2264E-08 1.5551E-073539 8454  276
 4.8116E+04 0.0000E+00 3.4986E-07 6.1576E-07 4.8117E+04 0.0000E+003539 8454  277
 4.3997E-07 1.4123E-06 4.8117E+04 1.0000E+00 9.3982E-07 3.0168E-063539 8454  278
 4.8118E+04 0.0000E+00 3.0750E-06 4.8585E-06 4.8119E+04 0.0000E+003539 8454  279
 1.2906E-06 4.0914E-06 4.8119E+04 1.0000E+00 2.7569E-06 8.7395E-063539 8454  280
 4.8120E+04 0.0000E+00 3.2060E-06 5.1617E-06 4.8121E+04 0.0000E+003539 8454  281
 4.7942E-07 1.5965E-06 4.8121E+04 1.0000E+00 1.0241E-06 3.4102E-063539 8454  282
 4.8122E+04 0.0000E+00 3.9973E-07 7.1951E-07 4.8123E+04 0.0000E+003539 8454  283
 3.2665E-09 3.1685E-08 4.8123E+04 1.0000E+00 5.1246E-09 4.9708E-083539 8454  284
 4.8124E+04 0.0000E+00 1.6880E-09 1.2271E-08 4.8125E+04 0.0000E+003539 8454  285
 1.2388E-10 2.7725E-09 4.8125E+04 1.0000E+00 1.9435E-10 4.3495E-093539 8454  286
 4.8126E+04 0.0000E+00 8.6973E-11 1.5229E-09 4.8127E+04 0.0000E+003539 8454  287
 3.6592E-11 1.0169E-09 4.8128E+04 0.0000E+00 1.3661E-11 6.0902E-103539 8454  288
 4.8129E+04 0.0000E+00 6.6892E-09 7.7460E-08 4.8130E+04 0.0000E+003539 8454  289
 5.5566E-10 1.4319E-08 4.8131E+04 0.0000E+00 1.1964E-11 7.0502E-103539 8454  290
 4.8132E+04 0.0000E+00 1.1805E-13 1.1803E-11 4.9113E+04 0.0000E+003539 8454  291
 1.6278E-16 1.6276E-14 4.9114E+04 0.0000E+00 1.9746E-13 1.6116E-113539 8454  292
 4.9114E+04 1.0000E+00 3.9231E-13 3.2020E-11 4.9114E+04 2.0000E+003539 8454  293
 1.7089E-13 1.3948E-11 4.9115E+04 0.0000E+00 3.7360E-11 8.8282E-103539 8454  294
 4.9115E+04 1.0000E+00 1.2875E-11 3.0423E-10 4.9116E+04 0.0000E+003539 8454  295
 4.0752E-10 6.5610E-09 4.9116E+04 1.0000E+00 8.0967E-10 1.3036E-083539 8454  296
 4.9116E+04 2.0000E+00 3.5269E-10 5.6783E-09 4.9117E+04 0.0000E+003539 8454  297
 1.8272E-08 1.0123E-07 4.9117E+04 1.0000E+00 6.2967E-09 3.4884E-083539 8454  298
 4.9118E+04 0.0000E+00 5.2366E-08 2.9587E-07 4.9118E+04 1.0000E+003539 8454  299
 1.0404E-07 5.8784E-07 4.9118E+04 2.0000E+00 4.5321E-08 2.5606E-073539 8454  300
 4.9119E+04 0.0000E+00 6.7292E-07 2.2341E-06 4.9119E+04 1.0000E+003539 8454  301
 2.3190E-07 7.6989E-07 4.9120E+04 0.0000E+00 5.9749E-07 2.9098E-063539 8454  302
 4.9120E+04 1.0000E+00 1.1871E-06 5.7812E-06 4.9120E+04 2.0000E+003539 8454  303
 5.1710E-07 2.5183E-06 4.9121E+04 0.0000E+00 2.5514E-06 8.3688E-063539 8454  304
 4.9121E+04 1.0000E+00 8.7926E-07 2.8840E-06 4.9122E+04 0.0000E+003539 8454  305
 7.9017E-07 3.9667E-06 4.9122E+04 1.0000E+00 1.5699E-06 7.8811E-063539 8454  306
 4.9122E+04 2.0000E+00 6.8386E-07 3.4330E-06 4.9123E+04 0.0000E+003539 8454  307
 1.5779E-06 5.4751E-06 4.9123E+04 1.0000E+00 5.4374E-07 1.8868E-063539 8454  308
 4.9124E+04 0.0000E+00 4.2381E-07 1.5300E-06 4.9124E+04 1.0000E+003539 8454  309
 8.1820E-07 2.9537E-06 4.9125E+04 0.0000E+00 5.3462E-07 1.9888E-063539 8454  310
 4.9125E+04 1.0000E+00 1.8424E-07 6.8536E-07 4.9126E+04 0.0000E+003539 8454  311
 2.1579E-07 2.1577E-05 4.9126E+04 1.0000E+00 4.1659E-07 4.1655E-053539 8454  312
 4.9127E+04 0.0000E+00 6.6479E-07 2.6857E-06 4.9127E+04 1.0000E+003539 8454  313
 2.2909E-07 9.2554E-07 4.9128E+04 0.0000E+00 7.6834E-07 4.3565E-063539 8454  314
 4.9128E+04 1.0000E+00 3.9799E-07 2.2566E-06 4.9129E+04 0.0000E+003539 8454  315
 3.2748E-06 1.1527E-05 4.9129E+04 1.0000E+00 1.1285E-06 3.9724E-063539 8454  316
 4.9130E+04 0.0000E+00 4.2819E-07 4.6930E-06 4.9130E+04 1.0000E+003539 8454  317
 6.4041E-07 7.0189E-06 4.9130E+04 2.0000E+00 1.7937E-07 1.9659E-063539 8454  318
 4.9131E+04 0.0000E+00 1.1669E-07 2.8438E-06 4.9131E+04 1.0000E+003539 8454  319
 4.0214E-08 9.8002E-07 4.9131E+04 2.0000E+00 2.3870E-08 5.8171E-073539 8454  320
 4.9132E+04 0.0000E+00 7.2913E-09 1.3613E-07 4.9133E+04 0.0000E+003539 8454  321
 2.0296E-10 8.9262E-09 4.9134E+04 0.0000E+00 1.5515E-12 1.5513E-103539 8454  322
 5.0114E+04 0.0000E+00 0.0000E+00 0.0000E+00 5.0115E+04 0.0000E+003539 8454  323
 1.8566E-15 1.4095E-13 5.0116E+04 0.0000E+00 2.6014E-13 8.6264E-123539 8454  324
 5.0117E+04 0.0000E+00 5.0060E-12 1.4708E-10 5.0117E+04 1.0000E+003539 8454  325
 1.2606E-11 3.7038E-10 5.0118E+04 0.0000E+00 6.0264E-10 4.0257E-093539 8454  326
 5.0119E+04 0.0000E+00 3.0619E-09 2.0300E-08 5.0119E+04 1.0000E+003539 8454  327
 7.7106E-09 5.1122E-08 5.0120E+04 0.0000E+00 1.0314E-07 2.1453E-073539 8454  328
 5.0121E+04 0.0000E+00 2.1040E-07 7.3428E-07 5.0121E+04 1.0000E+003539 8454  329
 3.3007E-07 1.1519E-06 5.0122E+04 0.0000E+00 1.5863E-06 2.6808E-063539 8454  330
 5.0123E+04 0.0000E+00 1.5165E-06 5.2319E-06 5.0123E+04 1.0000E+003539 8454  331
 9.6666E-07 3.3350E-06 5.0124E+04 0.0000E+00 2.9566E-06 5.1740E-063539 8454  332
 5.0125E+04 0.0000E+00 2.2220E-06 7.6438E-06 5.0125E+04 1.0000E+003539 8454  333
 1.4164E-06 4.8724E-06 5.0126E+04 0.0000E+00 7.3011E-06 7.3004E-043539 8454  334
 5.0127E+04 0.0000E+00 1.5694E-05 1.5692E-03 5.0127E+04 1.0000E+003539 8454  335
 1.0004E-05 1.0003E-03 5.0128E+04 0.0000E+00 3.6740E-05 3.6737E-033539 8454  336
 5.0128E+04 1.0000E+00 5.4949E-05 5.4944E-03 5.0129E+04 0.0000E+003539 8454  337
 9.6169E-05 1.1444E-04 5.0129E+04 1.0000E+00 1.5087E-04 1.7954E-043539 8454  338
 5.0130E+04 0.0000E+00 1.4713E-04 1.9862E-04 5.0130E+04 1.0000E+003539 8454  339
 2.2004E-04 2.9706E-04 5.0131E+04 0.0000E+00 6.8286E-05 1.6389E-043539 8454  340
 5.0131E+04 1.0000E+00 1.0713E-04 2.5710E-04 5.0132E+04 0.0000E+003539 8454  341
 4.6777E-05 1.2069E-04 5.0133E+04 0.0000E+00 5.2800E-06 3.1099E-053539 8454  342
 5.0134E+04 0.0000E+00 3.2071E-07 4.4451E-06 5.0135E+04 0.0000E+003539 8454  343
 5.5383E-09 1.8459E-07 5.0136E+04 0.0000E+00 3.9347E-11 3.2072E-093539 8454  344
 5.0137E+04 0.0000E+00 8.5014E-14 8.5005E-12 5.1119E+04 0.0000E+003539 8454  345
 5.0149E-12 9.3678E-11 5.1120E+04 0.0000E+00 1.0831E-10 1.8238E-093539 8454  346
 5.1120E+04 1.0000E+00 9.3734E-11 1.5785E-09 5.1121E+04 0.0000E+003539 8454  347
 4.3224E-09 1.7376E-08 5.1122E+04 0.0000E+00 2.9386E-08 1.3753E-073539 8454  348
 5.1122E+04 1.0000E+00 2.0131E-08 9.4214E-08 5.1123E+04 0.0000E+003539 8454  349
 1.5620E-08 6.4042E-08 5.1124E+04 0.0000E+00 1.8880E-08 1.6841E-073539 8454  350
 5.1124E+04 1.0000E+00 2.1546E-08 1.9219E-07 5.1124E+04 2.0000E+003539 8454  351
 9.7793E-09 8.7231E-08 5.1125E+04 0.0000E+00 1.5819E-07 3.6701E-073539 8454  352
 5.1126E+04 0.0000E+00 1.2500E-07 6.6377E-07 5.1126E+04 1.0000E+003539 8454  353
 3.9924E-07 2.1199E-06 5.1126E+04 2.0000E+00 2.4133E-07 1.2815E-063539 8454  354
 5.1127E+04 0.0000E+00 6.1326E-06 7.5431E-06 5.1128E+04 0.0000E+003539 8454  355
 3.3605E-05 5.6793E-05 5.1128E+04 1.0000E+00 1.4077E-05 2.3791E-053539 8454  356
 5.1129E+04 0.0000E+00 1.6282E-04 1.7747E-04 5.1129E+04 1.0000E+003539 8454  357
 8.9748E-05 9.7825E-05 5.1130E+04 0.0000E+00 6.1040E-04 4.9443E-043539 8454  358
 5.1130E+04 1.0000E+00 2.5570E-04 2.0712E-04 5.1131E+04 0.0000E+003539 8454  359
 1.9280E-03 6.9409E-04 5.1132E+04 0.0000E+00 1.0811E-03 1.0054E-033539 8454  360
 5.1132E+04 1.0000E+00 4.5287E-04 4.2117E-04 5.1133E+04 0.0000E+003539 8454  361
 1.0626E-03 9.1385E-04 5.1134E+04 0.0000E+00 9.9313E-05 3.7143E-043539 8454  362
 5.1134E+04 1.0000E+00 1.4853E-04 5.5552E-04 5.1135E+04 0.0000E+003539 8454  363
 3.2595E-05 1.4114E-04 5.1136E+04 0.0000E+00 1.0685E-06 1.1048E-053539 8454  364
 5.1137E+04 0.0000E+00 2.0641E-08 5.1913E-07 5.1138E+04 0.0000E+003539 8454  365
 1.1929E-10 7.4068E-09 5.1139E+04 0.0000E+00 4.6629E-13 4.6624E-113539 8454  366
 5.2121E+04 0.0000E+00 4.2017E-13 1.9870E-11 5.2121E+04 1.0000E+003539 8454  367
 8.9752E-13 4.2444E-11 5.2122E+04 0.0000E+00 6.5250E-11 6.8447E-103539 8454  368
 5.2123E+04 0.0000E+00 2.5308E-14 2.5306E-12 5.2123E+04 1.0000E+003539 8454  369
 5.4061E-14 5.4055E-12 5.2124E+04 0.0000E+00 8.3577E-13 3.2670E-113539 8454  370
 5.2125E+04 0.0000E+00 2.4570E-12 1.2253E-10 5.2125E+04 1.0000E+003539 8454  371
 6.1874E-12 3.0857E-10 5.2126E+04 0.0000E+00 1.3719E-10 2.1704E-093539 8454  372
 5.2127E+04 0.0000E+00 1.3943E-09 2.7789E-08 5.2127E+04 1.0000E+003539 8454  373
 2.1874E-09 4.3595E-08 5.2128E+04 0.0000E+00 8.9425E-08 5.5712E-073539 8454  374
 5.2129E+04 0.0000E+00 1.5042E-05 1.5041E-03 5.2129E+04 1.0000E+003539 8454  375
 2.3599E-05 2.3596E-03 5.2130E+04 0.0000E+00 5.5781E-04 5.5775E-023539 8454  376
 5.2131E+04 0.0000E+00 1.0215E-03 1.0213E-01 5.2131E+04 1.0000E+003539 8454  377
 1.8531E-03 1.8529E-01 5.2132E+04 0.0000E+00 9.8531E-03 2.7589E-033539 8454  378
 5.2133E+04 0.0000E+00 7.0349E-03 3.5878E-03 5.2133E+04 1.0000E+003539 8454  379
 1.1036E-02 5.6286E-03 5.2134E+04 0.0000E+00 2.3100E-02 7.8540E-033539 8454  380
 5.2135E+04 0.0000E+00 1.0711E-02 6.7481E-03 5.2136E+04 0.0000E+003539 8454  381
 2.5208E-03 3.4283E-03 5.2137E+04 0.0000E+00 2.1564E-04 6.8358E-043539 8454  382
 5.2138E+04 0.0000E+00 1.0814E-05 8.2405E-05 5.2139E+04 0.0000E+003539 8454  383
 2.2059E-07 4.1161E-06 5.2140E+04 0.0000E+00 2.1271E-09 9.8699E-083539 8454  384
 5.2141E+04 0.0000E+00 4.9476E-12 4.9471E-10 5.3127E+04 0.0000E+003539 8454  385
 1.2701E-15 1.2700E-13 5.3128E+04 0.0000E+00 1.1439E-13 1.1438E-113539 8454  386
 5.3129E+04 0.0000E+00 8.0436E-08 4.5768E-07 5.3130E+04 0.0000E+003539 8454  387
 1.8506E-06 1.0327E-05 5.3130E+04 1.0000E+00 1.2374E-06 6.9046E-063539 8454  388
 5.3131E+04 0.0000E+00 7.5669E-05 1.0367E-04 5.3132E+04 0.0000E+003539 8454  389
 3.1108E-04 4.2929E-04 5.3132E+04 1.0000E+00 3.5502E-04 4.8992E-043539 8454  390
 5.3133E+04 0.0000E+00 4.0595E-03 3.0853E-03 5.3133E+04 1.0000E+003539 8454  391
 1.3660E-03 1.0381E-03 5.3134E+04 0.0000E+00 1.2024E-02 6.0121E-033539 8454  392
 5.3134E+04 1.0000E+00 5.0370E-03 2.5185E-03 5.3135E+04 0.0000E+003539 8454  393
 3.7380E-02 7.4760E-03 5.3136E+04 0.0000E+00 1.2323E-02 6.5312E-033539 8454  394
 5.3136E+04 1.0000E+00 1.4063E-02 7.4536E-03 5.3137E+04 0.0000E+003539 8454  395
 1.4171E-02 6.6603E-03 5.3138E+04 0.0000E+00 2.8484E-03 2.8199E-033539 8454  396
 5.3139E+04 0.0000E+00 4.6848E-04 1.0728E-03 5.3140E+04 0.0000E+003539 8454  397
 2.2292E-05 1.2283E-04 5.3141E+04 0.0000E+00 5.0037E-07 6.7900E-063539 8454  398
 5.3142E+04 0.0000E+00 3.1030E-09 1.0559E-07 5.3143E+04 0.0000E+003539 8454  399
 1.3547E-11 1.1751E-09 5.4128E+04 0.0000E+00 0.0000E+00 0.0000E+003539 8454  400
 5.4129E+04 0.0000E+00 3.4557E-12 2.7542E-10 5.4129E+04 1.0000E+003539 8454  401
 8.7024E-12 6.9358E-10 5.4130E+04 0.0000E+00 2.3216E-09 4.5294E-083539 8454  402
 5.4131E+04 0.0000E+00 4.6521E-08 8.7133E-07 5.4131E+04 1.0000E+003539 8454  403
 1.1715E-07 2.1942E-06 5.4132E+04 0.0000E+00 7.6292E-06 3.3721E-053539 8454  404
 5.4133E+04 0.0000E+00 7.1283E-05 2.9440E-04 5.4133E+04 1.0000E+003539 8454  405
 1.1183E-04 4.6185E-04 5.4134E+04 0.0000E+00 1.1829E-03 2.3066E-033539 8454  406
 5.4134E+04 1.0000E+00 1.7691E-03 3.4497E-03 5.4135E+04 0.0000E+003539 8454  407
 6.7862E-03 6.5826E-03 5.4135E+04 1.0000E+00 1.0646E-02 1.0327E-023539 8454  408
 5.4136E+04 0.0000E+00 5.7092E-02 1.5986E-02 5.4137E+04 0.0000E+003539 8454  409
 8.1166E-02 1.5422E-02 5.4138E+04 0.0000E+00 8.6655E-02 1.9064E-023539 8454  410
 5.4139E+04 0.0000E+00 4.9328E-02 1.7265E-02 5.4140E+04 0.0000E+003539 8454  411
 1.7040E-02 1.2099E-02 5.4141E+04 0.0000E+00 1.7608E-03 2.8701E-033539 8454  412
 5.4142E+04 0.0000E+00 1.0070E-04 3.9373E-04 5.4143E+04 0.0000E+003539 8454  413
 2.4833E-06 2.4113E-05 5.4144E+04 0.0000E+00 3.1127E-08 7.6540E-073539 8454  414
 5.4145E+04 0.0000E+00 9.4654E-11 6.0077E-09 5.4146E+04 0.0000E+003539 8454  415
 1.0046E-13 1.0045E-11 5.5131E+04 0.0000E+00 3.0099E-12 2.0464E-103539 8454  416
 5.5132E+04 0.0000E+00 4.1534E-10 1.3436E-08 5.5133E+04 0.0000E+003539 8454  417
 5.5186E-08 8.3441E-07 5.5134E+04 0.0000E+00 2.2229E-06 3.0920E-053539 8454  418
 5.5134E+04 1.0000E+00 5.8949E-07 8.1998E-06 5.5135E+04 0.0000E+003539 8454  419
 7.0790E-05 4.4881E-04 5.5135E+04 1.0000E+00 2.3820E-05 1.5102E-043539 8454  420
 5.5136E+04 0.0000E+00 7.2629E-04 2.1063E-03 5.5136E+04 1.0000E+003539 8454  421
 2.2741E-04 6.5949E-04 5.5137E+04 0.0000E+00 7.0359E-03 4.7844E-033539 8454  422
 5.5138E+04 0.0000E+00 1.0832E-02 7.5826E-03 5.5138E+04 1.0000E+003539 8454  423
 9.3750E-03 6.5625E-03 5.5139E+04 0.0000E+00 5.4529E-02 1.1996E-023539 8454  424
 5.5140E+04 0.0000E+00 5.3676E-02 1.0198E-02 5.5141E+04 0.0000E+003539 8454  425
 3.3175E-02 9.2891E-03 5.5142E+04 0.0000E+00 7.5231E-03 3.9120E-033539 8454  426
 5.5143E+04 0.0000E+00 1.5419E-03 1.7577E-03 5.5144E+04 0.0000E+003539 8454  427
 1.0153E-04 2.7819E-04 5.5144E+04 1.0000E+00 0.0000E+00 0.0000E+003539 8454  428
 5.5145E+04 0.0000E+00 3.2503E-06 2.2264E-05 5.5146E+04 0.0000E+003539 8454  429
 2.2319E-08 3.9215E-07 5.5147E+04 0.0000E+00 8.0361E-11 3.6958E-093539 8454  430
 5.5148E+04 0.0000E+00 7.2199E-14 7.2192E-12 5.6132E+04 0.0000E+003539 8454  431
 2.2880E-15 2.2878E-13 5.6133E+04 0.0000E+00 2.9460E-13 2.9457E-113539 8454  432
 5.6133E+04 1.0000E+00 6.2930E-13 6.2923E-11 5.6134E+04 0.0000E+003539 8454  433
 2.6918E-10 1.4240E-08 5.6135E+04 0.0000E+00 8.5064E-09 4.1307E-073539 8454  434
 5.6135E+04 1.0000E+00 2.1421E-08 1.0402E-06 5.6136E+04 0.0000E+003539 8454  435
 7.3655E-07 1.6219E-05 5.6136E+04 1.0000E+00 1.1016E-06 2.4257E-053539 8454  436
 5.6137E+04 0.0000E+00 1.3164E-05 1.3033E-04 5.6137E+04 1.0000E+003539 8454  437
 3.3151E-05 3.2819E-04 5.6138E+04 0.0000E+00 7.9933E-04 1.7745E-033539 8454  438
 5.6139E+04 0.0000E+00 6.8101E-03 6.8782E-03 5.6140E+04 0.0000E+003539 8454  439
 3.4977E-02 1.7139E-02 5.6141E+04 0.0000E+00 5.9149E-02 1.5970E-023539 8454  440
 5.6142E+04 0.0000E+00 6.8039E-02 1.3608E-02 5.6143E+04 0.0000E+003539 8454  441
 4.5197E-02 1.0847E-02 5.6144E+04 0.0000E+00 2.0979E-02 8.1816E-033539 8454  442
 5.6145E+04 0.0000E+00 3.1590E-03 2.5588E-03 5.6146E+04 0.0000E+003539 8454  443
 2.1306E-04 4.0695E-04 5.6147E+04 0.0000E+00 4.7519E-06 2.2762E-053539 8454  444
 5.6148E+04 0.0000E+00 5.3056E-08 6.5948E-07 5.6149E+04 0.0000E+003539 8454  445
 1.9721E-10 6.5118E-09 5.6150E+04 0.0000E+00 2.5907E-13 2.3192E-113539 8454  446
 5.7135E+04 0.0000E+00 5.7180E-14 5.7174E-12 5.7136E+04 0.0000E+003539 8454  447
 1.1611E-11 1.0082E-09 5.7137E+04 0.0000E+00 1.8021E-09 7.1129E-083539 8454  448
 5.7138E+04 0.0000E+00 1.0961E-07 1.9466E-06 5.7139E+04 0.0000E+003539 8454  449
 5.9989E-06 4.7512E-05 5.7140E+04 0.0000E+00 1.0934E-04 3.8378E-043539 8454  450
 5.7141E+04 0.0000E+00 1.1309E-03 1.7641E-03 5.7142E+04 0.0000E+003539 8454  451
 4.0859E-03 2.9419E-03 5.7143E+04 0.0000E+00 1.4023E-02 5.1885E-033539 8454  452
 5.7144E+04 0.0000E+00 1.8303E-02 4.5756E-03 5.7145E+04 0.0000E+003539 8454  453
 1.5385E-02 3.6924E-03 5.7146E+04 0.0000E+00 1.8280E-03 1.2430E-033539 8454  454
 5.7146E+04 1.0000E+00 2.0861E-03 1.4186E-03 5.7147E+04 0.0000E+003539 8454  455
 7.2990E-04 4.4524E-04 5.7148E+04 0.0000E+00 4.5330E-05 6.1195E-053539 8454  456
 5.7149E+04 0.0000E+00 1.9456E-06 6.4982E-06 5.7150E+04 0.0000E+003539 8454  457
 1.8566E-08 1.6190E-07 5.7151E+04 0.0000E+00 6.1437E-11 1.4407E-093539 8454  458
 5.8138E+04 0.0000E+00 4.4702E-13 4.4698E-11 5.8138E+04 1.0000E+003539 8454  459
 6.6857E-13 6.6850E-11 5.8139E+04 0.0000E+00 8.5271E-11 8.5263E-093539 8454  460
 5.8139E+04 1.0000E+00 1.3377E-10 1.3376E-08 5.8140E+04 0.0000E+003539 8454  461
 2.6591E-08 7.8177E-07 5.8141E+04 0.0000E+00 1.0443E-06 1.3597E-053539 8454  462
 5.8142E+04 0.0000E+00 2.5944E-05 1.4840E-04 5.8143E+04 0.0000E+003539 8454  463
 3.3350E-04 8.3374E-04 5.8144E+04 0.0000E+00 2.7446E-03 3.0465E-033539 8454  464
 5.8145E+04 0.0000E+00 7.3195E-03 3.8793E-03 5.8146E+04 0.0000E+003539 8454  465
 9.8563E-03 3.2526E-03 5.8147E+04 0.0000E+00 5.6396E-03 1.7483E-033539 8454  466
 5.8148E+04 0.0000E+00 2.2996E-03 8.9686E-04 5.8149E+04 0.0000E+003539 8454  467
 4.5528E-04 2.6406E-04 5.8150E+04 0.0000E+00 4.4472E-05 4.7140E-053539 8454  468
 5.8151E+04 0.0000E+00 9.9144E-07 2.3795E-06 5.8152E+04 0.0000E+003539 8454  469
 1.0039E-08 6.1338E-08 5.8153E+04 0.0000E+00 3.7749E-11 6.2059E-103539 8454  470
 5.8154E+04 0.0000E+00 6.0473E-14 2.7491E-12 5.9141E+04 0.0000E+003539 8454  471
 3.7701E-12 3.7697E-10 5.9142E+04 0.0000E+00 1.4384E-10 1.4367E-083539 8454  472
 5.9142E+04 1.0000E+00 2.1513E-10 2.1487E-08 5.9143E+04 0.0000E+003539 8454  473
 3.2884E-08 7.2148E-07 5.9144E+04 0.0000E+00 1.5627E-07 2.9769E-063539 8454  474
 5.9144E+04 1.0000E+00 9.4122E-07 1.7930E-05 5.9145E+04 0.0000E+003539 8454  475
 2.1293E-05 8.7302E-05 5.9146E+04 0.0000E+00 1.1119E-04 1.9680E-043539 8454  476
 5.9147E+04 0.0000E+00 4.0287E-04 3.2632E-04 5.9148E+04 0.0000E+003539 8454  477
 1.3686E-04 1.3275E-04 5.9148E+04 1.0000E+00 3.8057E-04 3.6915E-043539 8454  478
 5.9149E+04 0.0000E+00 5.6243E-04 2.6434E-04 5.9150E+04 0.0000E+003539 8454  479
 1.9045E-04 1.1236E-04 5.9151E+04 0.0000E+00 3.3586E-05 2.7876E-053539 8454  480
 5.9152E+04 0.0000E+00 1.9124E-06 2.4096E-06 5.9153E+04 0.0000E+003539 8454  481
 8.8357E-08 1.9615E-07 5.9154E+04 0.0000E+00 1.1255E-09 5.3126E-093539 8454  482
 5.9155E+04 0.0000E+00 1.0555E-12 1.9527E-11 6.0142E+04 0.0000E+003539 8454  483
 2.6897E-16 2.6894E-14 6.0143E+04 0.0000E+00 9.5137E-14 9.5128E-123539 8454  484
 6.0144E+04 0.0000E+00 2.3080E-11 2.0025E-09 6.0145E+04 0.0000E+003539 8454  485
 1.8916E-09 7.1410E-08 6.0146E+04 0.0000E+00 7.7595E-08 1.2571E-063539 8454  486
 6.0147E+04 0.0000E+00 1.2489E-06 8.5801E-06 6.0148E+04 0.0000E+003539 8454  487
 1.2554E-05 3.6408E-05 6.0149E+04 0.0000E+00 5.5063E-05 7.1031E-053539 8454  488
 6.0150E+04 0.0000E+00 1.1886E-04 9.2714E-05 6.0151E+04 0.0000E+003539 8454  489
 6.7334E-05 5.5214E-05 6.0152E+04 0.0000E+00 2.3224E-05 2.5779E-053539 8454  490
 6.0153E+04 0.0000E+00 4.4817E-06 7.2156E-06 6.0154E+04 0.0000E+003539 8454  491
 5.6209E-07 1.3715E-06 6.0155E+04 0.0000E+00 1.4746E-08 5.8100E-083539 8454  492
 6.0156E+04 0.0000E+00 3.6137E-11 3.2053E-10 6.1146E+04 0.0000E+003539 8454  493
 7.4448E-14 7.4441E-12 6.1147E+04 0.0000E+00 9.5316E-12 6.3080E-103539 8454  494
 6.1148E+04 0.0000E+00 1.7769E-10 9.9704E-09 6.1148E+04 1.0000E+003539 8454  495
 2.6576E-10 1.4912E-08 6.1149E+04 0.0000E+00 1.6673E-08 1.9558E-073539 8454  496
 6.1150E+04 0.0000E+00 1.7202E-07 8.3775E-07 6.1151E+04 0.0000E+003539 8454  497
 7.9534E-07 1.7020E-06 6.1152E+04 0.0000E+00 2.8287E-07 1.1682E-063539 8454  498
 6.1152E+04 1.0000E+00 7.8659E-07 3.2486E-06 6.1152E+04 2.0000E+003539 8454  499
 3.3504E-08 1.3837E-07 6.1153E+04 0.0000E+00 1.3234E-06 2.1704E-063539 8454  500
 6.1154E+04 0.0000E+00 7.8019E-08 3.7605E-07 6.1154E+04 1.0000E+003539 8454  501
 4.6993E-07 2.2650E-06 6.1155E+04 0.0000E+00 1.3528E-07 5.0325E-073539 8454  502
 6.1156E+04 0.0000E+00 5.5592E-09 3.3022E-08 6.1157E+04 0.0000E+003539 8454  503
 1.0670E-10 1.0595E-09 6.2147E+04 0.0000E+00 0.0000E+00 0.0000E+003539 8454  504
 6.2148E+04 0.0000E+00 5.5551E-16 5.5545E-14 6.2149E+04 0.0000E+003539 8454  505
 9.8639E-14 9.8629E-12 6.2150E+04 0.0000E+00 9.0952E-12 4.5039E-103539 8454  506
 6.2151E+04 0.0000E+00 2.1794E-10 4.4568E-09 6.2152E+04 0.0000E+003539 8454  507
 2.8667E-09 2.4080E-08 6.2153E+04 0.0000E+00 6.8915E-09 5.1342E-083539 8454  508
 6.2153E+04 1.0000E+00 1.0811E-08 8.0545E-08 6.2154E+04 0.0000E+003539 8454  509
 6.1459E-08 1.6962E-07 6.2155E+04 0.0000E+00 5.4941E-08 2.0713E-073539 8454  510
 6.2156E+04 0.0000E+00 2.5906E-08 1.5388E-07 6.2157E+04 0.0000E+003539 8454  511
 4.1223E-09 4.0316E-08 6.2158E+04 0.0000E+00 4.8354E-10 8.0461E-093539 8454  512
 6.2159E+04 0.0000E+00 1.3775E-11 4.0428E-10 6.3151E+04 0.0000E+003539 8454  513
 8.7817E-17 8.7808E-15 6.3153E+04 0.0000E+00 3.6726E-13 1.3445E-113539 8454  514
 6.3154E+04 0.0000E+00 4.7462E-12 1.4205E-10 6.3154E+04 1.0000E+003539 8454  515
 2.4584E-12 7.3580E-11 6.3155E+04 0.0000E+00 2.3212E-11 2.2098E-103539 8454  516
 6.3156E+04 0.0000E+00 2.1691E-11 1.7049E-10 6.3157E+04 0.0000E+003539 8454  517
 4.4705E-11 4.5197E-10 6.3158E+04 0.0000E+00 2.6820E-11 4.4682E-103539 8454  518
 6.3159E+04 0.0000E+00 3.9911E-11 1.1658E-09 6.3160E+04 0.0000E+003539 8454  519
 4.6622E-12 2.4677E-10 6.3161E+04 0.0000E+00 1.3509E-13 1.3378E-113539 8454  520
 6.4154E+04 0.0000E+00 1.8504E-17 1.8502E-15 6.4155E+04 0.0000E+003539 8454  521
 1.2913E-17 1.2912E-15 6.4156E+04 0.0000E+00 5.8336E-17 5.8330E-153539 8454  522
 6.4157E+04 0.0000E+00 8.3539E-17 7.2629E-15 6.4158E+04 0.0000E+003539 8454  523
 3.6071E-16 2.3976E-14 6.4159E+04 0.0000E+00 5.3312E-15 2.7184E-133539 8454  524
 6.4160E+04 0.0000E+00 3.1297E-13 3.1294E-11 6.4161E+04 0.0000E+003539 8454  525
 2.6527E-13 2.6270E-11 6.5159E+04 0.0000E+00 0.0000E+00 0.0000E+003539 8454  526
 6.5161E+04 0.0000E+00 2.8101E-15 2.8098E-13 6.6161E+04 0.0000E+003539 8454  527
 0.0000E+00 0.0000E+00 0.0000E+00 0.0000E+00 0.0000E+00 0.0000E+003539 8454  528
 0.0000E+00 0.0000E+00          0          0          0          03539 8  099999
 9.2232E+04 2.3004E+02          1          0          0          03539 8459    1
 0.0000E+00 0.0000E+00          0          0       3152        7883539 8459    2
 2.8070E+04 0.0000E+00 5.3126E-13 4.6777E-11 2.9070E+04 0.0000E+003539 8459    3
 1.0374E-13 9.0880E-12 2.9070E+04 1.0000E+00 1.2400E-13 1.2398E-113539 8459    4
 2.9070E+04 2.0000E+00 5.3126E-13 5.3126E-13 2.9071E+04 0.0000E+003539 8459    5
 7.9211E-12 3.7316E-10 2.9072E+04 0.0000E+00 2.4321E-11 6.3599E-103539 8459    6
 2.9073E+04 0.0000E+00 4.7090E-11 7.0824E-10 2.9074E+04 0.0000E+003539 8459    7
 1.8992E-11 1.7871E-10 2.9075E+04 0.0000E+00 2.7046E-11 2.1853E-103539 8459    8
 2.9076E+04 0.0000E+00 1.5452E-11 1.6147E-10 2.9077E+04 0.0000E+003539 8459    9
 4.2453E-12 8.0152E-11 2.9078E+04 0.0000E+00 1.3365E-13 6.1838E-123539 8459   10
 3.0070E+04 0.0000E+00 6.6336E-13 5.8111E-11 3.0071E+04 0.0000E+003539 8459   11
 7.9236E-12 3.7328E-10 3.0072E+04 0.0000E+00 8.3526E-11 2.1842E-093539 8459   12
 3.0073E+04 0.0000E+00 7.7440E-10 1.1608E-08 3.0073E+04 1.0000E+003539 8459   13
 5.9262E-10 1.7761E-08 3.0074E+04 0.0000E+00 6.1382E-09 5.4385E-083539 8459   14
 3.0075E+04 0.0000E+00 2.7763E-08 1.5047E-07 3.0076E+04 0.0000E+003539 8459   15
 6.5592E-08 2.2957E-07 3.0077E+04 0.0000E+00 2.9468E-08 1.3820E-073539 8459   16
 3.0077E+04 1.0000E+00 6.0132E-09 3.3794E-08 3.0078E+04 0.0000E+003539 8459   17
 1.0396E-08 4.6889E-08 3.0079E+04 0.0000E+00 1.3001E-09 1.3743E-083539 8459   18
 3.0080E+04 0.0000E+00 9.0921E-11 2.3403E-09 3.0081E+04 0.0000E+003539 8459   19
 2.0844E-12 1.2934E-10 3.1071E+04 0.0000E+00 7.9309E-12 3.7363E-103539 8459   20
 3.1072E+04 0.0000E+00 8.3526E-11 2.1842E-09 3.1072E+04 1.0000E+003539 8459   21
 2.7831E-12 2.7831E-12 3.1073E+04 0.0000E+00 7.7490E-10 1.1608E-083539 8459   22
 3.1074E+04 0.0000E+00 4.7887E-09 4.2428E-08 3.1074E+04 1.0000E+003539 8459   23
 6.1792E-09 1.1036E-07 3.1075E+04 0.0000E+00 4.5389E-08 2.4555E-073539 8459   24
 3.1076E+04 0.0000E+00 2.3944E-07 8.1649E-07 3.1077E+04 0.0000E+003539 8459   25
 9.0779E-07 2.0153E-06 3.1078E+04 0.0000E+00 1.3481E-06 2.0761E-063539 8459   26
 3.1079E+04 0.0000E+00 1.5500E-06 2.2630E-06 3.1080E+04 0.0000E+003539 8459   27
 5.6441E-07 1.4731E-06 3.1081E+04 0.0000E+00 1.1803E-07 7.2117E-073539 8459   28
 3.1082E+04 0.0000E+00 7.0837E-09 1.0406E-07 3.1083E+04 0.0000E+003539 8459   29
 2.4691E-10 8.6369E-09 3.1084E+04 0.0000E+00 2.9080E-12 2.3895E-103539 8459   30
 3.2072E+04 0.0000E+00 8.3526E-11 2.1842E-09 3.2073E+04 0.0000E+003539 8459   31
 7.7490E-10 1.1608E-08 3.2073E+04 1.0000E+00 7.6352E-10 1.1437E-083539 8459   32
 3.2074E+04 0.0000E+00 6.3335E-09 5.6115E-08 3.2075E+04 0.0000E+003539 8459   33
 4.5587E-08 2.4663E-07 3.2075E+04 1.0000E+00 1.9774E-09 1.1509E-083539 8459   34
 3.2076E+04 0.0000E+00 2.8926E-07 9.8637E-07 3.2077E+04 0.0000E+003539 8459   35
 7.6982E-07 1.7090E-06 3.2077E+04 1.0000E+00 1.0379E-06 4.6604E-063539 8459   36
 3.2078E+04 0.0000E+00 7.7359E-06 1.1527E-05 3.2079E+04 0.0000E+003539 8459   37
 7.3632E-06 1.3106E-05 3.2079E+04 1.0000E+00 2.1765E-05 4.2442E-053539 8459   38
 3.2080E+04 0.0000E+00 7.4147E-05 5.8577E-05 3.2081E+04 0.0000E+003539 8459   39
 5.3644E-05 9.0659E-05 3.2081E+04 1.0000E+00 1.8454E-05 3.1003E-053539 8459   40
 3.2082E+04 0.0000E+00 3.7419E-05 5.8746E-05 3.2083E+04 0.0000E+003539 8459   41
 6.2335E-06 2.2503E-05 3.2084E+04 0.0000E+00 6.0932E-07 5.2158E-063539 8459   42
 3.2085E+04 0.0000E+00 2.5757E-08 5.1850E-07 3.2086E+04 0.0000E+003539 8459   43
 6.3427E-10 2.9684E-08 3.2087E+04 0.0000E+00 4.6245E-12 4.6240E-103539 8459   44
 3.3075E+04 0.0000E+00 4.5587E-08 2.4663E-07 3.3075E+04 1.0000E+003539 8459   45
 5.9339E-13 5.9332E-11 3.3076E+04 0.0000E+00 8.1411E-12 2.7761E-113539 8459   46
 3.3077E+04 0.0000E+00 1.6152E-06 3.5857E-06 3.3078E+04 0.0000E+003539 8459   47
 7.9479E-06 1.1842E-05 3.3079E+04 0.0000E+00 3.4412E-05 3.5789E-053539 8459   48
 3.3080E+04 0.0000E+00 1.2897E-04 9.5438E-05 3.3081E+04 0.0000E+003539 8459   49
 3.8220E-04 2.1021E-04 3.3082E+04 0.0000E+00 2.7285E-04 2.2647E-043539 8459   50
 3.3082E+04 1.0000E+00 3.5211E-04 3.2747E-04 3.3083E+04 0.0000E+003539 8459   51
 7.2664E-04 3.8512E-04 3.3084E+04 0.0000E+00 3.0682E-04 2.9761E-043539 8459   52
 3.3084E+04 1.0000E+00 2.7356E-07 2.7356E-07 3.3085E+04 0.0000E+003539 8459   53
 1.0239E-04 2.2424E-04 3.3086E+04 0.0000E+00 1.0864E-05 5.5298E-053539 8459   54
 3.3087E+04 0.0000E+00 5.9193E-07 7.0086E-06 3.3088E+04 0.0000E+003539 8459   55
 1.0638E-08 2.8998E-07 3.3089E+04 0.0000E+00 1.5954E-10 9.8914E-093539 8459   56
 3.3090E+04 0.0000E+00 9.1119E-13 9.1110E-11 3.4076E+04 0.0000E+003539 8459   57
 8.1411E-12 2.7761E-11 3.4077E+04 0.0000E+00 1.6152E-06 3.5855E-063539 8459   58
 3.4077E+04 1.0000E+00 2.0781E-13 4.6134E-13 3.4078E+04 0.0000E+003539 8459   59
 7.9480E-06 1.1842E-05 3.4079E+04 0.0000E+00 3.4423E-05 3.5457E-053539 8459   60
 3.4079E+04 1.0000E+00 3.3603E-05 3.4947E-05 3.4080E+04 0.0000E+003539 8459   61
 1.3153E-04 9.7335E-05 3.4081E+04 0.0000E+00 4.4223E-04 2.4322E-043539 8459   62
 3.4081E+04 1.0000E+00 6.2665E-05 1.0214E-04 3.4082E+04 0.0000E+003539 8459   63
 1.3061E-03 5.4853E-04 3.4083E+04 0.0000E+00 2.1638E-03 7.5734E-043539 8459   64
 3.4083E+04 1.0000E+00 1.1208E-03 5.2680E-04 3.4084E+04 0.0000E+003539 8459   65
 6.7009E-03 1.9433E-03 3.4085E+04 0.0000E+00 7.8766E-03 2.8356E-033539 8459   66
 3.4086E+04 0.0000E+00 5.9307E-03 3.7363E-03 3.4087E+04 0.0000E+003539 8459   67
 1.3301E-03 1.8090E-03 3.4088E+04 0.0000E+00 1.7602E-04 5.4743E-043539 8459   68
 3.4089E+04 0.0000E+00 1.0531E-05 7.4978E-05 3.4090E+04 0.0000E+003539 8459   69
 4.1390E-07 6.6969E-06 3.4091E+04 0.0000E+00 6.4027E-09 2.3216E-073539 8459   70
 3.4092E+04 0.0000E+00 6.5198E-11 5.2028E-09 3.4093E+04 0.0000E+003539 8459   71
 2.9324E-13 2.9321E-11 3.5079E+04 0.0000E+00 1.8818E-08 1.9383E-083539 8459   72
 3.5079E+04 1.0000E+00 3.5867E-13 3.5487E-11 3.5080E+04 0.0000E+003539 8459   73
 2.9158E-10 7.8699E-09 3.5080E+04 1.0000E+00 1.9396E-10 7.0291E-093539 8459   74
 3.5081E+04 0.0000E+00 4.4235E-04 2.4329E-04 3.5082E+04 0.0000E+003539 8459   75
 4.7393E-06 1.9905E-06 3.5082E+04 1.0000E+00 1.9175E-06 1.0086E-053539 8459   76
 3.5083E+04 0.0000E+00 3.4234E-03 1.1297E-03 3.5084E+04 0.0000E+003539 8459   77
 7.1756E-03 1.9374E-03 3.5084E+04 1.0000E+00 7.0999E-04 7.3129E-043539 8459   78
 3.5085E+04 0.0000E+00 1.5603E-02 3.7446E-03 3.5086E+04 0.0000E+003539 8459   79
 2.3295E-02 5.3578E-03 3.5087E+04 0.0000E+00 2.4034E-02 6.2488E-033539 8459   80
 3.5088E+04 0.0000E+00 1.0907E-02 4.6899E-03 3.5089E+04 0.0000E+003539 8459   81
 4.3513E-03 3.7856E-03 3.5090E+04 0.0000E+00 6.4751E-04 1.2562E-033539 8459   82
 3.5091E+04 0.0000E+00 6.6672E-05 2.8936E-04 3.5092E+04 0.0000E+003539 8459   83
 2.4130E-06 2.3286E-05 3.5093E+04 0.0000E+00 6.5693E-08 1.3861E-063539 8459   84
 3.5094E+04 0.0000E+00 7.5452E-10 3.4082E-08 3.5095E+04 0.0000E+003539 8459   85
 8.6385E-12 8.1755E-10 3.6080E+04 0.0000E+00 2.6738E-10 5.9306E-093539 8459   86
 3.6081E+04 0.0000E+00 1.0924E-12 1.0923E-10 3.6081E+04 1.0000E+003539 8459   87
 2.0230E-13 2.0228E-11 3.6082E+04 0.0000E+00 4.7861E-06 2.0103E-063539 8459   88
 3.6083E+04 0.0000E+00 3.4236E-03 1.1298E-03 3.6083E+04 1.0000E+003539 8459   89
 3.4205E-03 1.1630E-03 3.6084E+04 0.0000E+00 7.8982E-03 2.1325E-033539 8459   90
 3.6085E+04 0.0000E+00 3.6534E-03 1.2421E-03 3.6085E+04 1.0000E+003539 8459   91
 1.5672E-02 4.0747E-03 3.6086E+04 0.0000E+00 2.9279E-02 6.7342E-033539 8459   92
 3.6087E+04 0.0000E+00 4.5487E-02 9.5524E-03 3.6088E+04 0.0000E+003539 8459   93
 6.2180E-02 1.2436E-02 3.6089E+04 0.0000E+00 6.5722E-02 1.3801E-023539 8459   94
 3.6090E+04 0.0000E+00 5.4291E-02 1.6830E-02 3.6091E+04 0.0000E+003539 8459   95
 1.9202E-02 1.1137E-02 3.6092E+04 0.0000E+00 4.3729E-03 5.3349E-033539 8459   96
 3.6093E+04 0.0000E+00 4.0956E-04 1.0813E-03 3.6094E+04 0.0000E+003539 8459   97
 2.7923E-05 1.5833E-04 3.6095E+04 0.0000E+00 1.0048E-06 1.2078E-053539 8459   98
 3.6096E+04 0.0000E+00 2.5546E-08 6.3915E-07 3.6097E+04 0.0000E+003539 8459   99
 2.3796E-10 1.2220E-08 3.6098E+04 0.0000E+00 1.4975E-12 1.4973E-103539 8459  100
 3.7083E+04 0.0000E+00 6.6882E-13 2.2071E-13 3.7084E+04 0.0000E+003539 8459  101
 3.6769E-10 9.9278E-11 3.7084E+04 1.0000E+00 1.9597E-10 5.4870E-113539 8459  102
 3.7085E+04 0.0000E+00 1.5972E-02 3.5137E-03 3.7086E+04 0.0000E+003539 8459  103
 8.7619E-06 1.6647E-06 3.7086E+04 1.0000E+00 4.6699E-06 1.1675E-063539 8459  104
 3.7087E+04 0.0000E+00 4.5767E-02 7.7804E-03 3.7088E+04 0.0000E+003539 8459  105
 6.4682E-02 1.0349E-02 3.7089E+04 0.0000E+00 8.2397E-02 1.4007E-023539 8459  106
 3.7090E+04 0.0000E+00 5.8661E-02 9.9728E-03 3.7090E+04 1.0000E+003539 8459  107
 3.6371E-02 1.4912E-02 3.7091E+04 0.0000E+00 8.8298E-02 1.6777E-023539 8459  108
 3.7092E+04 0.0000E+00 4.9741E-02 1.1938E-02 3.7093E+04 0.0000E+003539 8459  109
 2.3692E-02 9.4767E-03 3.7094E+04 0.0000E+00 4.9806E-03 3.8351E-033539 8459  110
 3.7095E+04 0.0000E+00 9.9126E-04 1.5662E-03 3.7096E+04 0.0000E+003539 8459  111
 7.5845E-05 2.4801E-04 3.7096E+04 1.0000E+00 1.2308E-08 1.2308E-083539 8459  112
 3.7097E+04 0.0000E+00 3.7093E-06 2.5038E-05 3.7098E+04 0.0000E+003539 8459  113
 6.6516E-08 9.2325E-07 3.7098E+04 1.0000E+00 1.3929E-12 1.3929E-123539 8459  114
 3.7099E+04 0.0000E+00 9.8880E-10 2.8230E-08 3.7100E+04 0.0000E+003539 8459  115
 5.2932E-12 3.1245E-10 3.8084E+04 0.0000E+00 1.1766E-11 3.1769E-123539 8459  116
 3.8085E+04 0.0000E+00 4.9540E-13 1.0899E-13 3.8085E+04 1.0000E+003539 8459  117
 1.3148E-13 3.1555E-14 3.8086E+04 0.0000E+00 8.7619E-06 1.6648E-063539 8459  118
 3.8087E+04 0.0000E+00 8.2909E-08 1.4094E-08 3.8087E+04 1.0000E+003539 8459  119
 8.0488E-08 1.6098E-08 3.8088E+04 0.0000E+00 6.4689E-02 1.0350E-023539 8459  120
 3.8089E+04 0.0000E+00 8.2605E-02 1.2391E-02 3.8090E+04 0.0000E+003539 8459  121
 9.7504E-02 1.4626E-02 3.8091E+04 0.0000E+00 1.0719E-01 1.8222E-023539 8459  122
 3.8092E+04 0.0000E+00 1.1106E-01 2.2213E-02 3.8093E+04 0.0000E+003539 8459  123
 1.0391E-01 1.8704E-02 3.8094E+04 0.0000E+00 8.3867E-02 1.6773E-023539 8459  124
 3.8095E+04 0.0000E+00 4.3940E-02 1.2743E-02 3.8096E+04 0.0000E+003539 8459  125
 1.6726E-02 8.3631E-03 3.8097E+04 0.0000E+00 2.3352E-03 2.2185E-033539 8459  126
 3.8098E+04 0.0000E+00 2.1629E-04 4.1094E-04 3.8099E+04 0.0000E+003539 8459  127
 9.2771E-06 3.6181E-05 3.8100E+04 0.0000E+00 2.5894E-07 2.1000E-063539 8459  128
 3.8101E+04 0.0000E+00 2.8429E-09 4.8699E-08 3.8102E+04 0.0000E+003539 8459  129
 1.6821E-11 6.1632E-10 3.9087E+04 0.0000E+00 1.2186E-13 2.0716E-143539 8459  130
 3.9087E+04 1.0000E+00 9.1699E-14 1.5589E-14 3.9088E+04 0.0000E+003539 8459  131
 6.1760E-11 9.8814E-12 3.9089E+04 0.0000E+00 8.2605E-02 1.2391E-023539 8459  132
 3.9089E+04 1.0000E+00 7.9774E-06 4.2471E-04 3.9090E+04 0.0000E+003539 8459  133
 9.7505E-02 1.3651E-02 3.9090E+04 1.0000E+00 6.9119E-07 1.4743E-053539 8459  134
 3.9091E+04 0.0000E+00 1.0725E-01 1.5015E-02 3.9091E+04 1.0000E+003539 8459  135
 6.3111E-02 1.2622E-02 3.9092E+04 0.0000E+00 1.1185E-01 1.5658E-023539 8459  136
 3.9093E+04 0.0000E+00 1.0976E-01 1.5366E-02 3.9093E+04 1.0000E+003539 8459  137
 3.0357E-02 7.8927E-03 3.9094E+04 0.0000E+00 9.9445E-02 1.4917E-023539 8459  138
 3.9095E+04 0.0000E+00 8.0551E-02 1.4499E-02 3.9096E+04 0.0000E+003539 8459  139
 2.1457E-02 8.5829E-03 3.9096E+04 1.0000E+00 2.8494E-02 1.1682E-023539 8459  140
 3.9097E+04 0.0000E+00 7.2801E-03 3.5672E-03 3.9097E+04 1.0000E+003539 8459  141
 1.5395E-02 6.9279E-03 3.9098E+04 0.0000E+00 1.4862E-03 1.0850E-033539 8459  142
 3.9098E+04 1.0000E+00 3.5314E-03 2.4720E-03 3.9099E+04 0.0000E+003539 8459  143
 1.0089E-03 6.2549E-04 3.9100E+04 0.0000E+00 2.1083E-05 4.9966E-053539 8459  144
 3.9100E+04 1.0000E+00 5.7913E-05 1.3899E-04 3.9101E+04 0.0000E+003539 8459  145
 4.5364E-06 1.1160E-05 3.9102E+04 0.0000E+00 8.0153E-08 4.2000E-073539 8459  146
 3.9102E+04 1.0000E+00 7.9479E-12 7.9479E-12 3.9103E+04 0.0000E+003539 8459  147
 8.9172E-14 8.9163E-12 4.0090E+04 0.0000E+00 9.7505E-02 1.3651E-023539 8459  148
 4.0090E+04 1.0000E+00 1.9716E-11 4.1917E-10 4.0091E+04 0.0000E+003539 8459  149
 1.0725E-01 1.5015E-02 4.0092E+04 0.0000E+00 1.1185E-01 1.5658E-023539 8459  150
 4.0093E+04 0.0000E+00 1.0978E-01 1.5369E-02 4.0094E+04 0.0000E+003539 8459  151
 9.9790E-02 1.3970E-02 4.0095E+04 0.0000E+00 8.3108E-02 1.2466E-023539 8459  152
 4.0096E+04 0.0000E+00 6.1260E-02 1.1639E-02 4.0097E+04 0.0000E+003539 8459  153
 3.9242E-02 8.6334E-03 4.0098E+04 0.0000E+00 2.1016E-02 5.0440E-033539 8459  154
 4.0099E+04 0.0000E+00 8.7872E-03 2.2847E-03 4.0100E+04 0.0000E+003539 8459  155
 2.8262E-03 1.0457E-03 4.0101E+04 0.0000E+00 4.3246E-04 2.4218E-043539 8459  156
 4.0102E+04 0.0000E+00 3.9510E-05 3.7929E-05 4.0103E+04 0.0000E+003539 8459  157
 6.8943E-08 4.2814E-07 4.0104E+04 0.0000E+00 2.0543E-09 2.1940E-083539 8459  158
 4.0105E+04 0.0000E+00 5.5792E-11 1.0333E-09 4.0106E+04 0.0000E+003539 8459  159
 2.3324E-12 7.5080E-11 4.0107E+04 0.0000E+00 1.2183E-13 6.7981E-123539 8459  160
 4.0108E+04 0.0000E+00 5.4314E-11 5.8388E-10 4.0109E+04 0.0000E+003539 8459  161
 4.2649E-13 1.2300E-11 4.1092E+04 0.0000E+00 9.1682E-13 1.2836E-133539 8459  162
 4.1092E+04 1.0000E+00 1.0593E-12 1.8008E-13 4.1093E+04 0.0000E+003539 8459  163
 5.3438E-10 7.4810E-11 4.1093E+04 1.0000E+00 5.1727E-10 8.7934E-113539 8459  164
 4.1094E+04 0.0000E+00 4.0506E-08 5.6712E-09 4.1094E+04 1.0000E+003539 8459  165
 2.1772E-08 3.7012E-09 4.1095E+04 0.0000E+00 8.3060E-02 1.2459E-023539 8459  166
 4.1095E+04 1.0000E+00 8.9840E-04 1.6171E-04 4.1096E+04 0.0000E+003539 8459  167
 3.2422E-05 5.1875E-06 4.1097E+04 0.0000E+00 3.9507E-02 7.1114E-033539 8459  168
 4.1097E+04 1.0000E+00 3.7367E-02 8.9681E-03 4.1098E+04 0.0000E+003539 8459  169
 2.1254E-02 4.4635E-03 4.1098E+04 1.0000E+00 4.7315E-04 8.8005E-043539 8459  170
 4.1099E+04 0.0000E+00 6.7706E-03 1.7604E-03 4.1099E+04 1.0000E+003539 8459  171
 3.6281E-03 9.7958E-04 4.1100E+04 0.0000E+00 3.1609E-03 1.0115E-033539 8459  172
 4.1100E+04 1.0000E+00 9.3073E-04 7.2597E-04 4.1101E+04 0.0000E+003539 8459  173
 1.2586E-03 5.1604E-04 4.1102E+04 0.0000E+00 1.2762E-04 1.0848E-043539 8459  174
 4.1102E+04 1.0000E+00 1.0055E-04 1.1564E-04 4.1103E+04 0.0000E+003539 8459  175
 3.6467E-05 3.2456E-05 4.1104E+04 0.0000E+00 3.0596E-06 8.0772E-063539 8459  176
 4.1104E+04 1.0000E+00 1.1334E-06 2.9921E-06 4.1105E+04 0.0000E+003539 8459  177
 4.6888E-07 9.0023E-07 4.1106E+04 0.0000E+00 8.3748E-08 2.2109E-073539 8459  178
 4.1107E+04 0.0000E+00 1.8914E-08 7.2440E-08 4.1108E+04 0.0000E+003539 8459  179
 4.3077E-08 1.0296E-07 4.1109E+04 0.0000E+00 2.0011E-09 9.5455E-093539 8459  180
 4.1110E+04 0.0000E+00 4.0960E-11 4.8496E-10 4.1111E+04 0.0000E+003539 8459  181
 3.9546E-13 1.1876E-11 4.2094E+04 0.0000E+00 1.0912E-10 1.5276E-113539 8459  182
 4.2095E+04 0.0000E+00 8.3110E-02 1.2466E-02 4.2096E+04 0.0000E+003539 8459  183
 3.2429E-05 5.1886E-06 4.2097E+04 0.0000E+00 3.9508E-02 7.1113E-033539 8459  184
 4.2098E+04 0.0000E+00 2.1731E-02 4.5634E-03 4.2099E+04 0.0000E+003539 8459  185
 1.0350E-02 2.5875E-03 4.2100E+04 0.0000E+00 4.1958E-03 1.3007E-033539 8459  186
 4.2101E+04 0.0000E+00 1.4443E-03 5.9217E-04 4.2102E+04 0.0000E+003539 8459  187
 4.2119E-04 2.3165E-04 4.2103E+04 0.0000E+00 1.0600E-04 8.2679E-053539 8459  188
 4.2104E+04 0.0000E+00 2.3983E-05 2.6860E-05 4.2105E+04 0.0000E+003539 8459  189
 6.4808E-06 9.9156E-06 4.2106E+04 0.0000E+00 3.3404E-06 5.7789E-063539 8459  190
 4.2107E+04 0.0000E+00 2.4763E-06 4.3086E-06 4.2108E+04 0.0000E+003539 8459  191
 1.4742E-06 2.5062E-06 4.2109E+04 0.0000E+00 3.5270E-07 6.3839E-073539 8459  192
 4.2110E+04 0.0000E+00 3.8763E-08 9.5357E-08 4.2111E+04 0.0000E+003539 8459  193
 1.9963E-09 9.8219E-09 4.2112E+04 0.0000E+00 5.0404E-11 5.8519E-103539 8459  194
 4.2113E+04 0.0000E+00 6.5364E-13 1.8204E-11 4.3097E+04 0.0000E+003539 8459  195
 1.4489E-12 2.6080E-13 4.3098E+04 0.0000E+00 9.4017E-11 1.9743E-113539 8459  196
 4.3099E+04 0.0000E+00 1.0350E-02 2.5874E-03 4.3099E+04 1.0000E+003539 8459  197
 9.1141E-03 2.4608E-03 4.3100E+04 0.0000E+00 6.8138E-08 2.1123E-083539 8459  198
 4.3101E+04 0.0000E+00 1.4451E-03 5.9248E-04 4.3102E+04 0.0000E+003539 8459  199
 4.2184E-04 2.3202E-04 4.3102E+04 1.0000E+00 1.8189E-06 6.9846E-063539 8459  200
 4.3103E+04 0.0000E+00 1.0688E-04 8.3368E-05 4.3104E+04 0.0000E+003539 8459  201
 2.4775E-05 2.7748E-05 4.3105E+04 0.0000E+00 7.1798E-06 1.0986E-053539 8459  202
 4.3106E+04 0.0000E+00 4.3351E-06 7.4996E-06 4.3107E+04 0.0000E+003539 8459  203
 4.3006E-06 7.4829E-06 4.3108E+04 0.0000E+00 4.3238E-06 7.3506E-063539 8459  204
 4.3109E+04 0.0000E+00 3.3556E-06 5.5702E-06 4.3110E+04 0.0000E+003539 8459  205
 1.5578E-06 2.5392E-06 4.3111E+04 0.0000E+00 3.7725E-07 6.6395E-073539 8459  206
 4.3112E+04 0.0000E+00 4.6113E-08 1.1113E-07 4.3113E+04 0.0000E+003539 8459  207
 2.8805E-09 1.3250E-08 4.3114E+04 0.0000E+00 9.4140E-11 9.6775E-103539 8459  208
 4.3115E+04 0.0000E+00 1.6409E-12 3.8726E-11 4.4099E+04 0.0000E+003539 8459  209
 3.3722E-07 8.4305E-08 4.4100E+04 0.0000E+00 6.8142E-08 2.1125E-083539 8459  210
 4.4101E+04 0.0000E+00 1.4451E-03 5.9248E-04 4.4102E+04 0.0000E+003539 8459  211
 4.2367E-04 2.3302E-04 4.4103E+04 0.0000E+00 1.0688E-04 8.3368E-053539 8459  212
 4.4103E+04 1.0000E+00 5.4937E-12 4.9185E-10 4.4104E+04 0.0000E+003539 8459  213
 2.4776E-05 2.7748E-05 4.4105E+04 0.0000E+00 7.1799E-06 1.0985E-053539 8459  214
 4.4106E+04 0.0000E+00 4.3359E-06 7.5012E-06 4.4107E+04 0.0000E+003539 8459  215
 4.3064E-06 7.4932E-06 4.4108E+04 0.0000E+00 4.7144E-06 8.0146E-063539 8459  216
 4.4109E+04 0.0000E+00 5.1020E-06 8.4693E-06 4.4110E+04 0.0000E+003539 8459  217
 5.0403E-06 8.2156E-06 4.4111E+04 0.0000E+00 3.7952E-06 6.0724E-063539 8459  218
 4.4112E+04 0.0000E+00 1.7958E-06 2.8374E-06 4.4113E+04 0.0000E+003539 8459  219
 4.7864E-07 8.1847E-07 4.4114E+04 0.0000E+00 6.9129E-08 1.5416E-073539 8459  220
 4.4115E+04 0.0000E+00 5.3679E-09 2.1364E-08 4.4116E+04 0.0000E+003539 8459  221
 2.2420E-10 1.9012E-09 4.4117E+04 0.0000E+00 5.0209E-12 9.5095E-113539 8459  222
 4.4118E+04 0.0000E+00 5.9684E-14 2.5437E-12 4.5103E+04 0.0000E+003539 8459  223
 1.0688E-04 8.3368E-05 4.5103E+04 1.0000E+00 1.0560E-04 8.2366E-053539 8459  224
 4.5105E+04 0.0000E+00 7.1799E-06 1.0985E-05 4.5105E+04 1.0000E+003539 8459  225
 2.0382E-06 3.1185E-06 4.5106E+04 0.0000E+00 4.3359E-06 7.5012E-063539 8459  226
 4.5107E+04 0.0000E+00 4.3064E-06 7.4932E-06 4.5108E+04 0.0000E+003539 8459  227
 4.7162E-06 8.0175E-06 4.5108E+04 1.0000E+00 8.8098E-10 7.7262E-093539 8459  228
 4.5109E+04 0.0000E+00 5.1638E-06 8.5718E-06 4.5110E+04 0.0000E+003539 8459  229
 5.0987E-06 8.3108E-06 4.5110E+04 1.0000E+00 4.9310E-07 1.7111E-063539 8459  230
 4.5111E+04 0.0000E+00 5.9015E-06 9.4425E-06 4.5112E+04 0.0000E+003539 8459  231
 5.6991E-06 9.0046E-06 4.5113E+04 0.0000E+00 4.3444E-06 6.7773E-063539 8459  232
 4.5114E+04 0.0000E+00 6.3614E-07 1.8003E-06 4.5114E+04 1.0000E+003539 8459  233
 1.5767E-06 4.9823E-06 4.5115E+04 0.0000E+00 6.7448E-07 1.1129E-063539 8459  234
 4.5116E+04 0.0000E+00 3.9120E-08 1.5883E-07 4.5116E+04 1.0000E+003539 8459  235
 7.7284E-08 3.1532E-07 4.5117E+04 0.0000E+00 1.1059E-08 3.6828E-083539 8459  236
 4.5118E+04 0.0000E+00 5.6694E-10 3.8438E-09 4.5119E+04 0.0000E+003539 8459  237
 1.5373E-11 2.2890E-10 4.5120E+04 0.0000E+00 2.1548E-13 7.2077E-123539 8459  238
 4.6105E+04 0.0000E+00 7.1799E-06 1.0985E-05 4.6106E+04 0.0000E+003539 8459  239
 4.3359E-06 7.5012E-06 4.6107E+04 0.0000E+00 4.3064E-06 7.4932E-063539 8459  240
 4.6108E+04 0.0000E+00 4.7171E-06 8.0190E-06 4.6109E+04 0.0000E+003539 8459  241
 5.1639E-06 8.5722E-06 4.6109E+04 1.0000E+00 2.5820E-06 5.0245E-053539 8459  242
 4.6110E+04 0.0000E+00 5.5962E-06 9.1219E-06 4.6111E+04 0.0000E+003539 8459  243
 5.9694E-06 9.5511E-06 4.6111E+04 1.0000E+00 4.3006E-08 1.8665E-073539 8459  244
 4.6112E+04 0.0000E+00 6.2995E-06 9.9532E-06 4.6113E+04 0.0000E+003539 8459  245
 6.4852E-06 1.0117E-05 4.6113E+04 1.0000E+00 1.3074E-06 4.1575E-063539 8459  246
 4.6114E+04 0.0000E+00 6.2145E-06 9.6325E-06 4.6115E+04 0.0000E+003539 8459  247
 4.8211E-06 7.4726E-06 4.6115E+04 1.0000E+00 9.7934E-08 9.7934E-083539 8459  248
 4.6116E+04 0.0000E+00 2.7448E-06 4.2544E-06 4.6117E+04 0.0000E+003539 8459  249
 9.6111E-07 1.5570E-06 4.6118E+04 0.0000E+00 1.9541E-07 3.6932E-073539 8459  250
 4.6119E+04 0.0000E+00 2.1991E-08 6.1795E-08 4.6120E+04 0.0000E+003539 8459  251
 1.3209E-09 7.1725E-09 4.6121E+04 0.0000E+00 4.1010E-11 4.8432E-103539 8459  252
 4.6122E+04 0.0000E+00 6.3761E-13 1.7018E-11 4.7109E+04 0.0000E+003539 8459  253
 5.1639E-06 8.5722E-06 4.7109E+04 1.0000E+00 5.1614E-06 8.5679E-063539 8459  254
 4.7110E+04 0.0000E+00 5.5630E-13 9.0676E-13 4.7110E+04 1.0000E+003539 8459  255
 8.1542E-13 1.3291E-12 4.7111E+04 0.0000E+00 5.9515E-06 9.5223E-063539 8459  256
 4.7111E+04 1.0000E+00 5.9357E-06 9.4972E-06 4.7112E+04 0.0000E+003539 8459  257
 6.3042E-06 9.9607E-06 4.7113E+04 0.0000E+00 4.3179E-06 6.7358E-063539 8459  258
 4.7113E+04 1.0000E+00 6.2193E-06 9.7024E-06 4.7114E+04 0.0000E+003539 8459  259
 6.7249E-06 1.0424E-05 4.7114E+04 1.0000E+00 2.7202E-07 9.2757E-073539 8459  260
 4.7115E+04 0.0000E+00 4.4716E-06 1.4175E-05 4.7115E+04 1.0000E+003539 8459  261
 2.9010E-06 4.4965E-06 4.7116E+04 0.0000E+00 4.3630E-06 6.7625E-063539 8459  262
 4.7116E+04 1.0000E+00 2.2209E-06 6.9292E-06 4.7117E+04 0.0000E+003539 8459  263
 1.5245E-06 3.1099E-06 4.7117E+04 1.0000E+00 4.0141E-06 1.1039E-053539 8459  264
 4.7118E+04 0.0000E+00 2.3883E-06 5.5646E-06 4.7118E+04 1.0000E+003539 8459  265
 1.4392E-06 4.2601E-06 4.7119E+04 0.0000E+00 1.2735E-06 2.0503E-063539 8459  266
 4.7119E+04 1.0000E+00 1.0996E-08 1.0996E-08 4.7120E+04 0.0000E+003539 8459  267
 2.1231E-07 6.0931E-07 4.7120E+04 1.0000E+00 1.3924E-07 5.0546E-073539 8459  268
 4.7121E+04 0.0000E+00 3.8595E-08 9.4944E-08 4.7122E+04 0.0000E+003539 8459  269
 1.7143E-09 1.5309E-08 4.7122E+04 1.0000E+00 8.8765E-10 7.9267E-093539 8459  270
 4.7129E+04 0.0000E+00 9.6733E-14 7.9021E-12 4.8110E+04 0.0000E+003539 8459  271
 1.3590E-12 2.2152E-12 4.8111E+04 0.0000E+00 5.9812E-06 9.5698E-063539 8459  272
 4.8112E+04 0.0000E+00 6.3042E-06 9.9606E-06 4.8113E+04 0.0000E+003539 8459  273
 6.4823E-06 1.0112E-05 4.8113E+04 1.0000E+00 7.4720E-08 1.1731E-073539 8459  274
 4.8114E+04 0.0000E+00 6.7281E-06 1.0429E-05 4.8115E+04 0.0000E+003539 8459  275
 6.4541E-06 1.0004E-05 4.8115E+04 1.0000E+00 3.5665E-07 1.1520E-063539 8459  276
 4.8116E+04 0.0000E+00 6.8005E-06 1.0540E-05 4.8117E+04 0.0000E+003539 8459  277
 4.5449E-06 9.6354E-06 4.8117E+04 1.0000E+00 2.1325E-06 3.7959E-063539 8459  278
 4.8118E+04 0.0000E+00 6.3124E-06 9.8473E-06 4.8119E+04 0.0000E+003539 8459  279
 1.9383E-06 3.7022E-06 4.8119E+04 1.0000E+00 3.3937E-06 9.8076E-063539 8459  280
 4.8120E+04 0.0000E+00 3.5060E-06 5.6096E-06 4.8121E+04 0.0000E+003539 8459  281
 5.1379E-07 1.5876E-06 4.8121E+04 1.0000E+00 1.0283E-06 3.4243E-063539 8459  282
 4.8122E+04 0.0000E+00 4.0233E-07 7.2017E-07 4.8123E+04 0.0000E+003539 8459  283
 3.2665E-09 2.2572E-08 4.8123E+04 1.0000E+00 5.1246E-09 4.9708E-083539 8459  284
 4.8124E+04 0.0000E+00 1.6880E-09 1.2271E-08 4.8125E+04 0.0000E+003539 8459  285
 1.2388E-10 1.9746E-09 4.8125E+04 1.0000E+00 1.9435E-10 4.3495E-093539 8459  286
 4.8126E+04 0.0000E+00 8.6973E-11 1.5229E-09 4.8127E+04 0.0000E+003539 8459  287
 3.6592E-11 1.0169E-09 4.8128E+04 0.0000E+00 1.3661E-11 6.0902E-103539 8459  288
 4.8129E+04 0.0000E+00 6.6892E-09 7.7461E-08 4.8130E+04 0.0000E+003539 8459  289
 5.5566E-10 1.4319E-08 4.8131E+04 0.0000E+00 1.1964E-11 7.0502E-103539 8459  290
 4.8132E+04 0.0000E+00 1.1805E-13 1.1803E-11 4.9113E+04 0.0000E+003539 8459  291
 7.4616E-08 1.1640E-07 4.9114E+04 0.0000E+00 7.4095E-13 1.1485E-123539 8459  292
 4.9114E+04 1.0000E+00 5.6320E-13 8.7298E-13 4.9114E+04 2.0000E+003539 8459  293
 1.7089E-13 2.6659E-13 4.9115E+04 0.0000E+00 6.4881E-06 1.0057E-053539 8459  294
 4.9115E+04 1.0000E+00 6.4542E-06 1.0004E-05 4.9116E+04 0.0000E+003539 8459  295
 4.0752E-10 6.3166E-10 4.9116E+04 1.0000E+00 1.1624E-09 1.8016E-093539 8459  296
 4.9116E+04 2.0000E+00 3.5269E-10 5.4667E-10 4.9117E+04 0.0000E+003539 8459  297
 4.4782E-06 6.9412E-06 4.9117E+04 1.0000E+00 4.2039E-06 8.3659E-063539 8459  298
 4.9118E+04 0.0000E+00 6.3648E-06 9.9291E-06 4.9118E+04 1.0000E+003539 8459  299
 1.4873E-07 6.3954E-07 4.9118E+04 2.0000E+00 4.5321E-08 2.5606E-073539 8459  300
 4.9119E+04 0.0000E+00 4.3589E-06 6.8870E-06 4.9119E+04 1.0000E+003539 8459  301
 1.9893E-06 3.4415E-06 4.9120E+04 0.0000E+00 4.1035E-06 6.5657E-063539 8459  302
 4.9120E+04 1.0000E+00 1.1871E-06 5.7812E-06 4.9120E+04 2.0000E+003539 8459  303
 5.1710E-07 2.5183E-06 4.9121E+04 0.0000E+00 3.7617E-06 6.1692E-063539 8459  304
 4.9121E+04 1.0000E+00 1.2257E-06 3.0766E-06 4.9122E+04 0.0000E+003539 8459  305
 1.1925E-06 4.0306E-06 4.9122E+04 1.0000E+00 1.5699E-06 7.8811E-063539 8459  306
 4.9122E+04 2.0000E+00 6.8386E-07 3.4330E-06 4.9123E+04 0.0000E+003539 8459  307
 1.5840E-06 5.4965E-06 4.9123E+04 1.0000E+00 5.4606E-07 1.8729E-063539 8459  308
 4.9124E+04 0.0000E+00 4.2550E-07 1.5318E-06 4.9124E+04 1.0000E+003539 8459  309
 8.1820E-07 2.9537E-06 4.9125E+04 0.0000E+00 5.3487E-07 1.9898E-063539 8459  310
 4.9125E+04 1.0000E+00 1.8430E-07 6.8560E-07 4.9126E+04 0.0000E+003539 8459  311
 2.1588E-07 7.9013E-07 4.9126E+04 1.0000E+00 4.1659E-07 1.5247E-063539 8459  312
 4.9127E+04 0.0000E+00 6.6479E-07 2.6857E-06 4.9127E+04 1.0000E+003539 8459  313
 2.2913E-07 9.2568E-07 4.9128E+04 0.0000E+00 1.1663E-06 6.6131E-063539 8459  314
 4.9128E+04 1.0000E+00 3.9800E-07 2.2567E-06 4.9129E+04 0.0000E+003539 8459  315
 3.2748E-06 1.1495E-05 4.9129E+04 1.0000E+00 1.1352E-06 3.9960E-063539 8459  316
 4.9130E+04 0.0000E+00 4.2873E-07 4.6902E-06 4.9130E+04 1.0000E+003539 8459  317
 6.4041E-07 7.0189E-06 4.9130E+04 2.0000E+00 1.7937E-07 1.9659E-063539 8459  318
 4.9131E+04 0.0000E+00 1.1695E-07 2.8499E-06 4.9131E+04 1.0000E+003539 8459  319
 4.0214E-08 9.8002E-07 4.9131E+04 2.0000E+00 2.3870E-08 5.8171E-073539 8459  320
 4.9132E+04 0.0000E+00 7.2913E-09 1.3613E-07 4.9133E+04 0.0000E+003539 8459  321
 2.0296E-10 8.9262E-09 4.9134E+04 0.0000E+00 1.5515E-12 1.5513E-103539 8459  322
 5.0114E+04 0.0000E+00 7.3724E-13 1.1428E-12 5.0115E+04 0.0000E+003539 8459  323
 3.2271E-07 5.0020E-07 5.0116E+04 0.0000E+00 1.5701E-09 2.4338E-093539 8459  324
 5.0117E+04 0.0000E+00 6.7021E-06 1.0388E-05 5.0117E+04 1.0000E+003539 8459  325
 1.5270E-08 2.3821E-08 5.0118E+04 0.0000E+00 6.5147E-06 1.0163E-053539 8459  326
 5.0119E+04 0.0000E+00 6.2476E-06 9.8711E-06 5.0119E+04 1.0000E+003539 8459  327
 3.9456E-06 6.2340E-06 5.0120E+04 0.0000E+00 5.9111E-06 9.4576E-063539 8459  328
 5.0121E+04 0.0000E+00 5.3439E-06 8.7105E-06 5.0121E+04 1.0000E+003539 8459  329
 7.5622E-07 1.3233E-06 5.0122E+04 0.0000E+00 5.0338E-06 8.4065E-063539 8459  330
 5.0123E+04 0.0000E+00 1.6373E-06 5.4683E-06 5.0123E+04 1.0000E+003539 8459  331
 2.9759E-06 6.3982E-06 5.0124E+04 0.0000E+00 4.2003E-06 7.3085E-063539 8459  332
 5.0125E+04 0.0000E+00 2.3124E-06 3.9773E-06 5.0125E+04 1.0000E+003539 8459  333
 2.0452E-06 6.0541E-06 5.0126E+04 0.0000E+00 7.9351E-06 1.1585E-053539 8459  334
 5.0127E+04 0.0000E+00 1.5953E-05 3.3502E-05 5.0127E+04 1.0000E+003539 8459  335
 1.0637E-05 2.0954E-05 5.0128E+04 0.0000E+00 9.2855E-05 7.0570E-053539 8459  336
 5.0128E+04 1.0000E+00 5.4949E-05 8.2973E-05 5.0129E+04 0.0000E+003539 8459  337
 1.0023E-04 1.1727E-04 5.0129E+04 1.0000E+00 1.5122E-04 1.7541E-043539 8459  338
 5.0130E+04 0.0000E+00 1.4761E-04 1.9928E-04 5.0130E+04 1.0000E+003539 8459  339
 2.2080E-04 2.9808E-04 5.0131E+04 0.0000E+00 6.8437E-05 1.6425E-043539 8459  340
 5.0131E+04 1.0000E+00 1.0716E-04 2.5719E-04 5.0132E+04 0.0000E+003539 8459  341
 4.6784E-05 1.2070E-04 5.0133E+04 0.0000E+00 5.2800E-06 3.1100E-053539 8459  342
 5.0134E+04 0.0000E+00 3.2071E-07 4.4451E-06 5.0135E+04 0.0000E+003539 8459  343
 5.5383E-09 1.8459E-07 5.0136E+04 0.0000E+00 3.9347E-11 3.2072E-093539 8459  344
 5.0137E+04 0.0000E+00 8.5014E-14 8.5005E-12 5.1119E+04 0.0000E+003539 8459  345
 5.0150E-12 7.9235E-12 5.1120E+04 0.0000E+00 1.0831E-10 1.7330E-103539 8459  346
 5.1120E+04 1.0000E+00 9.3734E-11 1.5091E-10 5.1121E+04 0.0000E+003539 8459  347
 5.5176E-06 8.9936E-06 5.1122E+04 0.0000E+00 4.9517E-08 8.2693E-083539 8459  348
 5.1122E+04 1.0000E+00 2.0131E-08 3.3619E-08 5.1123E+04 0.0000E+003539 8459  349
 4.6288E-06 7.8689E-06 5.1124E+04 0.0000E+00 4.2374E-08 7.3731E-083539 8459  350
 5.1124E+04 1.0000E+00 3.1325E-08 5.4507E-08 5.1124E+04 2.0000E+003539 8459  351
 9.7793E-09 1.7016E-08 5.1125E+04 0.0000E+00 4.5158E-06 7.7219E-063539 8459  352
 5.1126E+04 0.0000E+00 2.1468E-07 3.1344E-07 5.1126E+04 1.0000E+003539 8459  353
 6.4057E-07 9.3526E-07 5.1126E+04 2.0000E+00 2.4133E-07 3.5234E-073539 8459  354
 5.1127E+04 0.0000E+00 3.2723E-05 3.4359E-05 5.1128E+04 0.0000E+003539 8459  355
 1.2697E-04 1.9299E-04 5.1128E+04 1.0000E+00 1.4077E-05 1.0276E-053539 8459  356
 5.1129E+04 0.0000E+00 3.8789E-04 2.0558E-04 5.1129E+04 1.0000E+003539 8459  357
 1.3663E-04 1.4892E-04 5.1130E+04 0.0000E+00 7.9588E-04 5.5711E-043539 8459  358
 5.1130E+04 1.0000E+00 4.3864E-04 3.1144E-04 5.1131E+04 0.0000E+003539 8459  359
 2.1036E-03 7.5730E-04 5.1132E+04 0.0000E+00 1.1279E-03 1.0151E-033539 8459  360
 5.1132E+04 1.0000E+00 4.5287E-04 4.2117E-04 5.1133E+04 0.0000E+003539 8459  361
 1.0679E-03 9.0778E-04 5.1134E+04 0.0000E+00 9.9580E-05 3.7143E-043539 8459  362
 5.1134E+04 1.0000E+00 1.4853E-04 5.5552E-04 5.1135E+04 0.0000E+003539 8459  363
 3.2599E-05 1.4116E-04 5.1136E+04 0.0000E+00 1.0685E-06 1.1048E-053539 8459  364
 5.1137E+04 0.0000E+00 2.0641E-08 5.1913E-07 5.1138E+04 0.0000E+003539 8459  365
 1.1929E-10 7.4068E-09 5.1139E+04 0.0000E+00 4.6629E-13 4.6624E-113539 8459  366
 5.2121E+04 0.0000E+00 1.2163E-12 1.9825E-12 5.2121E+04 1.0000E+003539 8459  367
 8.9752E-13 1.4629E-12 5.2122E+04 0.0000E+00 4.8295E-08 8.0652E-083539 8459  368
 5.2123E+04 0.0000E+00 7.9369E-14 1.3493E-13 5.2123E+04 1.0000E+003539 8459  369
 5.4061E-14 9.2444E-14 5.2124E+04 0.0000E+00 5.0206E-08 8.7359E-083539 8459  370
 5.2125E+04 0.0000E+00 4.5158E-06 7.7220E-06 5.2125E+04 1.0000E+003539 8459  371
 1.0105E-06 1.7381E-06 5.2126E+04 0.0000E+00 7.6571E-07 1.1179E-063539 8459  372
 5.2127E+04 0.0000E+00 3.2597E-05 3.4226E-05 5.2127E+04 1.0000E+003539 8459  373
 5.3948E-06 5.7184E-06 5.2128E+04 0.0000E+00 1.4063E-04 1.0265E-043539 8459  374
 5.2129E+04 0.0000E+00 4.6814E-04 2.4344E-04 5.2129E+04 1.0000E+003539 8459  375
 2.0139E-04 1.0472E-04 5.2130E+04 0.0000E+00 1.7923E-03 7.3486E-043539 8459  376
 5.2131E+04 0.0000E+00 3.3812E-03 1.1158E-03 5.2131E+04 1.0000E+003539 8459  377
 2.0215E-03 1.4151E-03 5.2132E+04 0.0000E+00 1.1434E-02 2.9728E-033539 8459  378
 5.2133E+04 0.0000E+00 9.8819E-03 3.8539E-03 5.2133E+04 1.0000E+003539 8459  379
 1.1221E-02 5.6104E-03 5.2134E+04 0.0000E+00 2.3353E-02 7.9399E-033539 8459  380
 5.2135E+04 0.0000E+00 1.0739E-02 6.7655E-03 5.2136E+04 0.0000E+003539 8459  381
 2.5217E-03 3.4295E-03 5.2137E+04 0.0000E+00 2.1565E-04 6.8361E-043539 8459  382
 5.2138E+04 0.0000E+00 1.0814E-05 8.2407E-05 5.2139E+04 0.0000E+003539 8459  383
 2.2059E-07 4.1161E-06 5.2140E+04 0.0000E+00 2.1271E-09 9.8699E-083539 8459  384
 5.2141E+04 0.0000E+00 4.9476E-12 4.9471E-10 5.3127E+04 0.0000E+003539 8459  385
 3.2727E-05 3.4364E-05 5.3128E+04 0.0000E+00 1.1439E-13 8.3499E-143539 8459  386
 5.3129E+04 0.0000E+00 5.4274E-04 2.8222E-04 5.3130E+04 0.0000E+003539 8459  387
 2.8900E-06 1.0982E-06 5.3130E+04 1.0000E+00 1.2374E-06 5.1971E-073539 8459  388
 5.3131E+04 0.0000E+00 5.0539E-03 1.5161E-03 5.3132E+04 0.0000E+003539 8459  389
 1.2050E-02 2.8920E-03 5.3132E+04 1.0000E+00 3.5502E-04 4.8992E-043539 8459  390
 5.3133E+04 0.0000E+00 2.4564E-02 5.1585E-03 5.3133E+04 1.0000E+003539 8459  391
 1.3660E-03 1.0381E-03 5.3134E+04 0.0000E+00 4.0298E-02 8.0596E-033539 8459  392
 5.3134E+04 1.0000E+00 5.0370E-03 1.5111E-03 5.3135E+04 0.0000E+003539 8459  393
 4.8119E-02 1.0105E-02 5.3136E+04 0.0000E+00 1.4848E-02 7.4242E-033539 8459  394
 5.3136E+04 1.0000E+00 1.4066E-02 7.4553E-03 5.3137E+04 0.0000E+003539 8459  395
 1.4381E-02 6.6150E-03 5.3138E+04 0.0000E+00 2.8585E-03 2.8299E-033539 8459  396
 5.3139E+04 0.0000E+00 4.6870E-04 1.0733E-03 5.3140E+04 0.0000E+003539 8459  397
 2.2294E-05 1.2285E-04 5.3141E+04 0.0000E+00 5.0037E-07 6.7902E-063539 8459  398
 5.3142E+04 0.0000E+00 3.1030E-09 1.0559E-07 5.3143E+04 0.0000E+003539 8459  399
 1.3547E-11 1.1751E-09 5.4128E+04 0.0000E+00 1.0650E-13 7.7738E-143539 8459  400
 5.4129E+04 0.0000E+00 1.2158E-11 6.3222E-12 5.4129E+04 1.0000E+003539 8459  401
 8.7024E-12 6.9358E-10 5.4130E+04 0.0000E+00 3.0903E-06 1.1743E-063539 8459  402
 5.4131E+04 0.0000E+00 5.0540E-03 1.5162E-03 5.4131E+04 1.0000E+003539 8459  403
 5.5012E-05 1.7604E-05 5.4132E+04 0.0000E+00 1.2108E-02 2.9059E-033539 8459  404
 5.4133E+04 0.0000E+00 2.4748E-02 4.9495E-03 5.4133E+04 1.0000E+003539 8459  405
 8.1103E-04 4.8662E-04 5.4134E+04 0.0000E+00 4.3366E-02 8.2395E-033539 8459  406
 5.4134E+04 1.0000E+00 1.8850E-03 2.7897E-03 5.4135E+04 0.0000E+003539 8459  407
 6.5439E-02 1.3088E-02 5.4135E+04 1.0000E+00 1.8590E-02 1.0782E-023539 8459  408
 5.4136E+04 0.0000E+00 8.6941E-02 1.8257E-02 5.4137E+04 0.0000E+003539 8459  409
 9.4764E-02 1.7058E-02 5.4138E+04 0.0000E+00 8.9408E-02 1.9670E-023539 8459  410
 5.4139E+04 0.0000E+00 4.9753E-02 1.7413E-02 5.4140E+04 0.0000E+003539 8459  411
 1.7060E-02 1.2113E-02 5.4141E+04 0.0000E+00 1.7612E-03 2.8708E-033539 8459  412
 5.4142E+04 0.0000E+00 1.0070E-04 3.9376E-04 5.4143E+04 0.0000E+003539 8459  413
 2.4833E-06 2.4113E-05 5.4144E+04 0.0000E+00 3.1127E-08 7.6540E-073539 8459  414
 5.4145E+04 0.0000E+00 9.4654E-11 6.0077E-09 5.4146E+04 0.0000E+003539 8459  415
 1.0046E-13 1.0045E-11 5.5131E+04 0.0000E+00 3.0099E-12 9.0301E-133539 8459  416
 5.5132E+04 0.0000E+00 4.1534E-10 9.9686E-11 5.5133E+04 0.0000E+003539 8459  417
 2.4748E-02 4.9495E-03 5.5134E+04 0.0000E+00 2.8124E-06 4.7811E-073539 8459  418
 5.5134E+04 1.0000E+00 5.8949E-07 1.2379E-07 5.5135E+04 0.0000E+003539 8459  419
 6.5645E-02 1.0504E-02 5.5135E+04 1.0000E+00 2.3820E-05 1.5102E-043539 8459  420
 5.5136E+04 0.0000E+00 8.3999E-04 1.2600E-04 5.5136E+04 1.0000E+003539 8459  421
 2.2741E-04 5.4580E-05 5.5137E+04 0.0000E+00 1.0180E-01 1.5270E-023539 8459  422
 5.5138E+04 0.0000E+00 1.0783E-01 1.6176E-02 5.5138E+04 1.0000E+003539 8459  423
 9.3750E-03 6.5625E-03 5.5139E+04 0.0000E+00 1.0428E-01 1.8770E-023539 8459  424
 5.5140E+04 0.0000E+00 7.0737E-02 1.6270E-02 5.5141E+04 0.0000E+003539 8459  425
 3.4936E-02 9.7820E-03 5.5142E+04 0.0000E+00 7.6235E-03 3.8880E-033539 8459  426
 5.5143E+04 0.0000E+00 1.5444E-03 1.7606E-03 5.5144E+04 0.0000E+003539 8459  427
 1.0156E-04 2.7827E-04 5.5144E+04 1.0000E+00 2.3663E-12 2.3663E-123539 8459  428
 5.5145E+04 0.0000E+00 3.2504E-06 2.2266E-05 5.5146E+04 0.0000E+003539 8459  429
 2.2319E-08 3.9215E-07 5.5147E+04 0.0000E+00 8.0361E-11 3.6958E-093539 8459  430
 5.5148E+04 0.0000E+00 7.2199E-14 7.2192E-12 5.6132E+04 0.0000E+003539 8459  431
 7.4784E-12 1.7949E-12 5.6133E+04 0.0000E+00 9.2384E-13 1.8477E-133539 8459  432
 5.6133E+04 1.0000E+00 6.2930E-13 1.3845E-13 5.6134E+04 0.0000E+003539 8459  433
 2.8127E-06 4.7815E-07 5.6135E+04 0.0000E+00 2.9927E-08 4.7886E-093539 8459  434
 5.6135E+04 1.0000E+00 2.1421E-08 1.0402E-06 5.6136E+04 0.0000E+003539 8459  435
 9.5554E-04 1.4333E-04 5.6136E+04 1.0000E+00 1.1016E-06 1.6524E-073539 8459  436
 5.6137E+04 0.0000E+00 1.0185E-01 1.4258E-02 5.6137E+04 1.0000E+003539 8459  437
 9.6131E-02 1.7304E-02 5.6138E+04 0.0000E+00 1.1041E-01 1.5459E-023539 8459  438
 5.6139E+04 0.0000E+00 1.1109E-01 1.6663E-02 5.6140E+04 0.0000E+003539 8459  439
 1.0571E-01 2.2200E-02 5.6141E+04 0.0000E+00 9.4085E-02 1.8817E-023539 8459  440
 5.6142E+04 0.0000E+00 7.5688E-02 1.4380E-02 5.6143E+04 0.0000E+003539 8459  441
 4.6719E-02 1.0746E-02 5.6144E+04 0.0000E+00 2.1078E-02 8.2205E-033539 8459  442
 5.6145E+04 0.0000E+00 3.1618E-03 2.5611E-03 5.6146E+04 0.0000E+003539 8459  443
 2.1308E-04 4.0699E-04 5.6147E+04 0.0000E+00 4.7520E-06 2.2762E-053539 8459  444
 5.6148E+04 0.0000E+00 5.3056E-08 6.5948E-07 5.6149E+04 0.0000E+003539 8459  445
 1.9721E-10 6.5118E-09 5.6150E+04 0.0000E+00 2.5907E-13 2.3192E-113539 8459  446
 5.7135E+04 0.0000E+00 5.7180E-14 9.1493E-15 5.7136E+04 0.0000E+003539 8459  447
 1.1611E-11 1.7416E-12 5.7137E+04 0.0000E+00 1.8021E-09 2.5230E-103539 8459  448
 5.7138E+04 0.0000E+00 1.0961E-07 1.5346E-08 5.7139E+04 0.0000E+003539 8459  449
 1.1110E-01 1.5553E-02 5.7140E+04 0.0000E+00 1.0582E-01 1.4815E-023539 8459  450
 5.7141E+04 0.0000E+00 9.5216E-02 1.3331E-02 5.7142E+04 0.0000E+003539 8459  451
 7.9774E-02 1.1966E-02 5.7143E+04 0.0000E+00 6.0742E-02 1.0934E-023539 8459  452
 5.7144E+04 0.0000E+00 3.9381E-02 8.2700E-03 5.7145E+04 0.0000E+003539 8459  453
 1.8547E-02 4.4511E-03 5.7146E+04 0.0000E+00 2.0411E-03 1.3063E-033539 8459  454
 5.7146E+04 1.0000E+00 2.0861E-03 1.4186E-03 5.7147E+04 0.0000E+003539 8459  455
 7.3465E-04 4.4814E-04 5.7148E+04 0.0000E+00 4.5383E-05 6.1266E-053539 8459  456
 5.7149E+04 0.0000E+00 1.9458E-06 6.4988E-06 5.7150E+04 0.0000E+003539 8459  457
 1.8566E-08 1.6189E-07 5.7151E+04 0.0000E+00 6.1437E-11 1.4407E-093539 8459  458
 5.8138E+04 0.0000E+00 1.1156E-12 1.5618E-13 5.8138E+04 1.0000E+003539 8459  459
 6.6857E-13 1.1366E-13 5.8139E+04 0.0000E+00 2.1904E-10 3.0666E-113539 8459  460
 5.8139E+04 1.0000E+00 1.3377E-10 2.2741E-11 5.8140E+04 0.0000E+003539 8459  461
 1.0582E-01 1.4815E-02 5.8141E+04 0.0000E+00 9.5217E-02 1.3331E-023539 8459  462
 5.8142E+04 0.0000E+00 7.9800E-02 1.1970E-02 5.8143E+04 0.0000E+003539 8459  463
 6.1076E-02 9.7723E-03 5.8144E+04 0.0000E+00 4.2125E-02 8.0039E-033539 8459  464
 5.8145E+04 0.0000E+00 2.5866E-02 6.2080E-03 5.8146E+04 0.0000E+003539 8459  465
 1.3983E-02 3.7755E-03 5.8147E+04 0.0000E+00 6.3743E-03 1.7848E-033539 8459  466
 5.8148E+04 0.0000E+00 2.3450E-03 8.9110E-04 5.8149E+04 0.0000E+003539 8459  467
 4.5720E-04 2.6517E-04 5.8150E+04 0.0000E+00 4.4490E-05 4.7160E-053539 8459  468
 5.8151E+04 0.0000E+00 9.9150E-07 2.3796E-06 5.8152E+04 0.0000E+003539 8459  469
 1.0039E-08 6.1338E-08 5.8153E+04 0.0000E+00 3.7749E-11 6.2059E-103539 8459  470
 5.8154E+04 0.0000E+00 6.0473E-14 2.7491E-12 5.9141E+04 0.0000E+003539 8459  471
 9.5217E-02 1.3331E-02 5.9142E+04 0.0000E+00 3.5897E-10 5.3846E-113539 8459  472
 5.9142E+04 1.0000E+00 2.1513E-10 2.1487E-08 5.9143E+04 0.0000E+003539 8459  473
 6.1076E-02 9.7721E-03 5.9144E+04 0.0000E+00 4.2126E-02 7.1614E-033539 8459  474
 5.9144E+04 1.0000E+00 5.8225E-04 1.2227E-04 5.9145E+04 0.0000E+003539 8459  475
 2.5888E-02 5.1774E-03 5.9146E+04 0.0000E+00 1.4095E-02 3.2417E-033539 8459  476
 5.9147E+04 0.0000E+00 6.7771E-03 1.8976E-03 5.9148E+04 0.0000E+003539 8459  477
 2.4819E-03 8.6867E-04 5.9148E+04 1.0000E+00 3.8057E-04 3.6915E-043539 8459  478
 5.9149E+04 0.0000E+00 1.0196E-03 4.4864E-04 5.9150E+04 0.0000E+003539 8459  479
 2.3494E-04 1.3626E-04 5.9151E+04 0.0000E+00 3.4578E-05 2.8008E-053539 8459  480
 5.9152E+04 0.0000E+00 1.9224E-06 2.4222E-06 5.9153E+04 0.0000E+003539 8459  481
 8.8395E-08 1.9623E-07 5.9154E+04 0.0000E+00 1.1256E-09 5.3127E-093539 8459  482
 5.9155E+04 0.0000E+00 1.0555E-12 1.9527E-11 6.0142E+04 0.0000E+003539 8459  483
 3.5891E-10 5.3837E-11 6.0143E+04 0.0000E+00 6.1076E-02 9.7721E-033539 8459  484
 6.0144E+04 0.0000E+00 4.2126E-02 7.1614E-03 6.0145E+04 0.0000E+003539 8459  485
 2.5888E-02 5.1774E-03 6.0146E+04 0.0000E+00 1.4095E-02 3.2418E-033539 8459  486
 6.0147E+04 0.0000E+00 6.7784E-03 1.8980E-03 6.0148E+04 0.0000E+003539 8459  487
 2.8750E-03 9.7749E-04 6.0149E+04 0.0000E+00 1.0747E-03 4.7286E-043539 8459  488
 6.0150E+04 0.0000E+00 3.5380E-04 2.0520E-04 6.0151E+04 0.0000E+003539 8459  489
 1.0191E-04 8.0511E-05 6.0152E+04 0.0000E+00 2.5146E-05 2.7660E-053539 8459  490
 6.0153E+04 0.0000E+00 4.5701E-06 7.3122E-06 6.0154E+04 0.0000E+003539 8459  491
 5.6322E-07 1.3686E-06 6.0155E+04 0.0000E+00 1.4747E-08 5.8104E-083539 8459  492
 6.0156E+04 0.0000E+00 3.6137E-11 3.2053E-10 6.1146E+04 0.0000E+003539 8459  493
 7.4448E-14 1.7123E-14 6.1147E+04 0.0000E+00 6.7784E-03 1.8980E-033539 8459  494
 6.1148E+04 0.0000E+00 1.9098E-10 6.4934E-11 6.1148E+04 1.0000E+003539 8459  495
 2.6576E-10 9.5672E-11 6.1149E+04 0.0000E+00 1.0747E-03 4.7287E-043539 8459  496
 6.1150E+04 0.0000E+00 1.7202E-07 9.9770E-08 6.1151E+04 0.0000E+003539 8459  497
 1.0271E-04 8.1136E-05 6.1152E+04 0.0000E+00 2.5429E-05 2.7972E-053539 8459  498
 6.1152E+04 1.0000E+00 7.8659E-07 3.2486E-06 6.1152E+04 2.0000E+003539 8459  499
 3.3504E-08 1.3837E-07 6.1153E+04 0.0000E+00 5.8935E-06 9.4297E-063539 8459  500
 6.1154E+04 0.0000E+00 6.4123E-07 1.5390E-06 6.1154E+04 1.0000E+003539 8459  501
 4.6993E-07 2.2650E-06 6.1155E+04 0.0000E+00 1.5003E-07 5.5810E-073539 8459  502
 6.1156E+04 0.0000E+00 5.5953E-09 3.3180E-08 6.1157E+04 0.0000E+003539 8459  503
 1.0670E-10 1.0595E-09 6.2147E+04 0.0000E+00 6.7784E-03 1.8980E-033539 8459  504
 6.2148E+04 0.0000E+00 4.4345E-10 1.5077E-10 6.2149E+04 0.0000E+003539 8459  505
 1.0747E-03 4.7287E-04 6.2150E+04 0.0000E+00 1.7203E-07 9.9776E-083539 8459  506
 6.2151E+04 0.0000E+00 1.0271E-04 8.1137E-05 6.2152E+04 0.0000E+003539 8459  507
 2.6252E-05 2.8878E-05 6.2153E+04 0.0000E+00 5.9112E-06 9.4580E-063539 8459  508
 6.2153E+04 1.0000E+00 1.0811E-08 8.0545E-08 6.2154E+04 0.0000E+003539 8459  509
 1.1726E-06 2.8144E-06 6.2155E+04 0.0000E+00 2.0497E-07 7.6248E-073539 8459  510
 6.2156E+04 0.0000E+00 3.1501E-08 1.8680E-07 6.2157E+04 0.0000E+003539 8459  511
 4.2290E-09 4.1359E-08 6.2158E+04 0.0000E+00 4.8356E-10 8.0464E-093539 8459  512
 6.2159E+04 0.0000E+00 1.3775E-11 4.0428E-10 6.3151E+04 0.0000E+003539 8459  513
 1.0271E-04 8.1137E-05 6.3153E+04 0.0000E+00 5.9112E-06 9.4580E-063539 8459  514
 6.3154E+04 0.0000E+00 7.2046E-12 1.7291E-11 6.3154E+04 1.0000E+003539 8459  515
 2.4584E-12 5.9000E-12 6.3155E+04 0.0000E+00 2.0499E-07 7.6258E-073539 8459  516
 6.3156E+04 0.0000E+00 3.1523E-08 1.8693E-07 6.3157E+04 0.0000E+003539 8459  517
 4.2737E-09 4.1797E-08 6.3158E+04 0.0000E+00 5.1038E-10 8.4876E-093539 8459  518
 6.3159E+04 0.0000E+00 5.3686E-11 1.5682E-09 6.3160E+04 0.0000E+003539 8459  519
 4.6625E-12 2.4679E-10 6.3161E+04 0.0000E+00 1.3807E-13 1.3673E-113539 8459  520
 6.4154E+04 0.0000E+00 7.2032E-12 1.7288E-11 6.4155E+04 0.0000E+003539 8459  521
 2.0499E-07 7.6258E-07 6.4156E+04 0.0000E+00 3.1523E-08 1.8693E-073539 8459  522
 6.4157E+04 0.0000E+00 4.2737E-09 4.1797E-08 6.4158E+04 0.0000E+003539 8459  523
 5.1038E-10 8.4876E-09 6.4159E+04 0.0000E+00 5.3691E-11 1.5683E-093539 8459  524
 6.4160E+04 0.0000E+00 4.9755E-12 2.6335E-10 6.4161E+04 0.0000E+003539 8459  525
 4.0334E-13 3.9943E-11 6.5159E+04 0.0000E+00 5.3691E-11 1.5683E-093539 8459  526
 6.5161E+04 0.0000E+00 4.0615E-13 4.0221E-11 6.6161E+04 0.0000E+003539 8459  527
 4.0615E-13 4.0221E-11 0.0000E+00 0.0000E+00 0.0000E+00 0.0000E+003539 8459  528
 0.0000E+00 0.0000E+00          0          0          0          03539 8  099999
                                                                  3539 0  0    0
                                                                     0 0  0    0
 0.0000E+00 0.0000E+00          0          0          0          0  -1 0  0    0
