Fission Product Yields for u-236(s,f) fission                      231 0  0    0
 9.2236e+04 2.3402e+02         -1          1          2          13544 1451    1
 0.0000e+00 1.0000e+00          0          0          0          63544 1451    2
 0.0000e+00 1.5000e+08          1          0          5          63544 1451    3
 0.0000e+00 0.0000e+00          0          0         11          33544 1451    4
 92-U -236  NexiaSol   EVAL-DEC07                      R.W. Mills 3544 1451    5
                       DIST-DEC07DRAFT-DEC07           071212     3544 1451    6
 Energy dependent fission yields - UKFY4.1 (Issue 1)              3544 1451    7
 =====================================================            3544 1451    8
 The CYFP code developed by Wahl [1] was used to produce          3544 1451    9
 energy dependent fission yields for fission induced by           3544 1451   10
 neutron, proton, deuteron and alpha particles.                   3544 1451   11
                                                                  3544 1451   12
 References                                                       3544 1451   13
 1) "Systematics of Fission-Product Yields", LA-13928,            3544 1451   14
    A.C. Wahl (2002).                                             3544 1451   15
                                1        451         18          03544 1451   16
                                8        454        676          03544 1451   17
                                8        459        676          03544 1451   18
 0.0000e+00 0.0000e+00          0          0          0          03544 1  099999
                                                                  3544 0  0    0
 9.2236E+04 2.3402E+02          1          0          0          03544 8454    1
 0.0000E+00 0.0000E+00          0          0       3196        7993544 8454    2
 2.8071E+04 0.0000E+00 6.0017E-14 6.0011E-12 2.8072E+04 0.0000E+003544 8454    3
 2.7244E-13 2.7241E-11 2.8073E+04 0.0000E+00 5.5336E-14 2.4165E-123544 8454    4
 2.9072E+04 0.0000E+00 6.8767E-13 6.8760E-11 2.9073E+04 0.0000E+003544 8454    5
 8.4436E-12 8.4427E-10 2.9074E+04 0.0000E+00 1.5572E-11 3.7450E-103544 8454    6
 2.9075E+04 0.0000E+00 5.1775E-11 7.1916E-10 2.9076E+04 0.0000E+003544 8454    7
 6.0082E-11 5.1070E-10 2.9077E+04 0.0000E+00 8.0308E-11 5.1879E-103544 8454    8
 2.9078E+04 0.0000E+00 1.7613E-11 1.7719E-10 2.9079E+04 0.0000E+003544 8454    9
 2.0905E-12 4.7037E-11 2.9080E+04 0.0000E+00 8.2032E-14 4.2837E-123544 8454   10
 3.0072E+04 0.0000E+00 3.1172E-15 3.1168E-13 3.0073E+04 0.0000E+003544 8454   11
 5.1934E-13 4.4804E-11 3.0073E+04 1.0000E+00 2.2850E-12 1.9713E-103544 8454   12
 3.0074E+04 0.0000E+00 1.0119E-10 1.0118E-08 3.0075E+04 0.0000E+003544 8454   13
 9.6341E-10 1.3334E-08 3.0076E+04 0.0000E+00 6.4952E-09 5.3456E-083544 8454   14
 3.0077E+04 0.0000E+00 1.1622E-08 1.1773E-07 3.0077E+04 1.0000E+003544 8454   15
 2.6415E-09 2.6759E-08 3.0078E+04 0.0000E+00 2.5822E-08 8.6247E-083544 8454   16
 3.0079E+04 0.0000E+00 1.4350E-08 4.4196E-08 3.0080E+04 0.0000E+003544 8454   17
 4.6773E-09 2.5631E-08 3.0081E+04 0.0000E+00 5.7428E-10 7.1497E-093544 8454   18
 3.0082E+04 0.0000E+00 4.1299E-11 1.1911E-09 3.0083E+04 0.0000E+003544 8454   19
 9.6964E-13 6.4277E-11 3.1072E+04 0.0000E+00 0.0000E+00 0.0000E+003544 8454   20
 3.1073E+04 0.0000E+00 0.0000E+00 0.0000E+00 3.1074E+04 0.0000E+003544 8454   21
 4.9362E-14 4.9357E-12 3.1074E+04 1.0000E+00 1.3091E-14 1.3089E-123544 8454   22
 3.1075E+04 0.0000E+00 4.8740E-11 6.7700E-10 3.1076E+04 0.0000E+003544 8454   23
 1.9551E-09 1.6090E-08 3.1077E+04 0.0000E+00 4.3510E-08 2.1972E-073544 8454   24
 3.1078E+04 0.0000E+00 2.5694E-07 8.2221E-07 3.1079E+04 0.0000E+003544 8454   25
 9.6071E-07 2.0271E-06 3.1080E+04 0.0000E+00 1.3002E-06 1.9893E-063544 8454   26
 3.1081E+04 0.0000E+00 1.2453E-06 2.0547E-06 3.1082E+04 0.0000E+003544 8454   27
 3.8933E-07 1.2264E-06 3.1083E+04 0.0000E+00 6.9692E-08 4.9829E-073544 8454   28
 3.1084E+04 0.0000E+00 4.5445E-09 7.4757E-08 3.1085E+04 0.0000E+003544 8454   29
 1.9277E-10 7.2250E-09 3.1086E+04 0.0000E+00 2.7811E-12 2.3450E-103544 8454   30
 3.2072E+04 0.0000E+00 0.0000E+00 0.0000E+00 3.2073E+04 0.0000E+003544 8454   31
 0.0000E+00 0.0000E+00 3.2073E+04 1.0000E+00 0.0000E+00 0.0000E+003544 8454   32
 3.2074E+04 0.0000E+00 0.0000E+00 0.0000E+00 3.2075E+04 0.0000E+003544 8454   33
 1.4213E-15 1.4211E-13 3.2075E+04 1.0000E+00 6.2533E-15 6.2527E-133544 8454   34
 3.2076E+04 0.0000E+00 2.3714E-11 2.1461E-10 3.2077E+04 0.0000E+003544 8454   35
 1.9917E-09 2.0594E-08 3.2077E+04 1.0000E+00 4.5267E-10 4.6806E-093544 8454   36
 3.2078E+04 0.0000E+00 9.2218E-08 2.9787E-07 3.2079E+04 0.0000E+003544 8454   37
 1.9485E-07 8.1836E-07 3.2079E+04 1.0000E+00 8.5730E-07 3.6007E-063544 8454   38
 3.2080E+04 0.0000E+00 7.7715E-06 1.0958E-05 3.2081E+04 0.0000E+003544 8454   39
 1.8700E-05 3.7399E-05 3.2081E+04 1.0000E+00 6.4441E-06 1.2888E-053544 8454   40
 3.2082E+04 0.0000E+00 5.3617E-05 4.2893E-05 3.2083E+04 0.0000E+003544 8454   41
 3.8967E-05 3.7798E-05 3.2084E+04 0.0000E+00 1.8852E-05 3.5631E-053544 8454   42
 3.2085E+04 0.0000E+00 3.2511E-06 1.3752E-05 3.2086E+04 0.0000E+003544 8454   43
 3.3142E-07 3.1817E-06 3.2087E+04 0.0000E+00 1.3145E-08 2.8432E-073544 8454   44
 3.2088E+04 0.0000E+00 3.5469E-10 1.7085E-08 3.2089E+04 0.0000E+003544 8454   45
 3.3005E-12 3.3001E-10 3.3075E+04 0.0000E+00 0.0000E+00 0.0000E+003544 8454   46
 3.3077E+04 0.0000E+00 1.4713E-12 1.8450E-11 3.3078E+04 0.0000E+003544 8454   47
 3.1440E-10 1.7261E-09 3.3079E+04 0.0000E+00 3.0523E-08 8.3633E-083544 8454   48
 3.3080E+04 0.0000E+00 8.6069E-07 1.3685E-06 3.3081E+04 0.0000E+003544 8454   49
 1.5725E-05 1.6197E-05 3.3082E+04 0.0000E+00 3.8787E-05 5.6241E-053544 8454   50
 3.3082E+04 1.0000E+00 5.8010E-05 8.4114E-05 3.3083E+04 0.0000E+003544 8454   51
 3.8217E-04 2.0637E-04 3.3084E+04 0.0000E+00 6.2116E-04 2.9195E-043544 8454   52
 3.3084E+04 1.0000E+00 0.0000E+00 0.0000E+00 3.3085E+04 0.0000E+003544 8454   53
 7.0272E-04 4.2866E-04 3.3086E+04 0.0000E+00 2.7090E-04 3.1695E-043544 8454   54
 3.3087E+04 0.0000E+00 7.2855E-05 1.8651E-04 3.3088E+04 0.0000E+003544 8454   55
 7.2466E-06 4.1378E-05 3.3089E+04 0.0000E+00 4.3151E-07 5.4889E-063544 8454   56
 3.3090E+04 0.0000E+00 9.4326E-09 2.6468E-07 3.3091E+04 0.0000E+003544 8454   57
 1.6040E-10 9.8195E-09 3.3092E+04 0.0000E+00 1.0396E-12 1.0395E-103544 8454   58
 3.4077E+04 0.0000E+00 0.0000E+00 0.0000E+00 3.4078E+04 0.0000E+003544 8454   59
 9.9053E-15 4.5426E-13 3.4079E+04 0.0000E+00 5.1163E-12 1.8035E-103544 8454   60
 3.4079E+04 1.0000E+00 1.1628E-12 4.0989E-11 3.4080E+04 0.0000E+003544 8454   61
 1.8449E-09 1.2804E-08 3.4081E+04 0.0000E+00 3.1122E-08 1.7833E-073544 8454   62
 3.4081E+04 1.0000E+00 1.3693E-07 7.8462E-07 3.4082E+04 0.0000E+003544 8454   63
 7.6515E-06 1.0023E-05 3.4083E+04 0.0000E+00 7.5349E-05 1.0700E-043544 8454   64
 3.4083E+04 1.0000E+00 2.5966E-05 3.6872E-05 3.4084E+04 0.0000E+003544 8454   65
 8.6008E-04 3.9564E-04 3.4085E+04 0.0000E+00 2.7664E-03 9.4059E-043544 8454   66
 3.4086E+04 0.0000E+00 5.8552E-03 1.8737E-03 3.4087E+04 0.0000E+003544 8454   67
 5.2544E-03 2.1543E-03 3.4088E+04 0.0000E+00 3.3075E-03 2.4806E-033544 8454   68
 3.4089E+04 0.0000E+00 7.0449E-04 1.1131E-03 3.4090E+04 0.0000E+003544 8454   69
 9.7931E-05 3.3982E-04 3.4091E+04 0.0000E+00 5.7456E-06 4.3839E-053544 8454   70
 3.4092E+04 0.0000E+00 2.2313E-07 3.7240E-06 3.4093E+04 0.0000E+003544 8454   71
 3.3131E-09 1.1954E-07 3.4094E+04 0.0000E+00 3.9070E-11 3.0092E-093544 8454   72
 3.5079E+04 0.0000E+00 0.0000E+00 0.0000E+00 3.5081E+04 0.0000E+003544 8454   73
 1.9259E-11 4.9592E-10 3.5082E+04 0.0000E+00 2.9891E-09 6.0021E-083544 8454   74
 3.5082E+04 1.0000E+00 1.9986E-09 4.0132E-08 3.5083E+04 0.0000E+003544 8454   75
 5.9104E-07 2.3701E-06 3.5084E+04 0.0000E+00 8.4679E-06 2.8283E-053544 8454   76
 3.5084E+04 1.0000E+00 1.2665E-05 4.2300E-05 3.5085E+04 0.0000E+003544 8454   77
 4.2348E-04 3.2185E-04 3.5086E+04 0.0000E+00 2.6173E-03 1.0731E-033544 8454   78
 3.5087E+04 0.0000E+00 1.1363E-02 3.1817E-03 3.5088E+04 0.0000E+003544 8454   79
 1.9755E-02 4.5436E-03 3.5089E+04 0.0000E+00 2.2577E-02 6.5473E-033544 8454   80
 3.5090E+04 0.0000E+00 1.0034E-02 5.0169E-03 3.5091E+04 0.0000E+003544 8454   81
 3.4967E-03 3.5316E-03 3.5092E+04 0.0000E+00 4.5004E-04 9.7208E-043544 8454   82
 3.5093E+04 0.0000E+00 3.9071E-05 1.8285E-04 3.5094E+04 0.0000E+003544 8454   83
 1.4523E-06 1.4640E-05 3.5095E+04 0.0000E+00 4.5276E-08 9.7298E-073544 8454   84
 3.5096E+04 0.0000E+00 6.4776E-10 2.9188E-08 3.5097E+04 0.0000E+003544 8454   85
 8.8869E-12 8.2452E-10 3.6082E+04 0.0000E+00 3.9741E-14 3.7821E-123544 8454   86
 3.6083E+04 0.0000E+00 9.3625E-13 6.8777E-11 3.6083E+04 1.0000E+003544 8454   87
 2.8309E-11 2.0796E-09 3.6084E+04 0.0000E+00 1.0542E-08 1.5190E-073544 8454   88
 3.6085E+04 0.0000E+00 7.8245E-07 9.0295E-06 3.6085E+04 1.0000E+003544 8454   89
 2.6964E-07 3.1117E-06 3.6086E+04 0.0000E+00 5.0319E-05 1.1976E-043544 8454   90
 3.6087E+04 0.0000E+00 7.9137E-04 8.1511E-04 3.6088E+04 0.0000E+003544 8454   91
 7.5135E-03 3.6816E-03 3.6089E+04 0.0000E+00 2.3129E-02 6.4761E-033544 8454   92
 3.6090E+04 0.0000E+00 4.8547E-02 9.7094E-03 3.6091E+04 0.0000E+003544 8454   93
 4.6860E-02 1.0778E-02 3.6092E+04 0.0000E+00 3.2204E-02 1.1594E-023544 8454   94
 3.6093E+04 0.0000E+00 8.6990E-03 5.8284E-03 3.6094E+04 0.0000E+003544 8454   95
 1.8300E-03 2.5071E-03 3.6095E+04 0.0000E+00 1.7711E-04 5.1363E-043544 8454   96
 3.6096E+04 0.0000E+00 1.3690E-05 8.3644E-05 3.6097E+04 0.0000E+003544 8454   97
 5.4125E-07 6.8900E-06 3.6098E+04 0.0000E+00 1.7544E-08 4.5701E-073544 8454   98
 3.6099E+04 0.0000E+00 2.3387E-10 1.2260E-08 3.6100E+04 0.0000E+003544 8454   99
 2.4318E-12 2.4315E-10 3.7085E+04 0.0000E+00 3.2006E-11 1.6461E-093544 8454  100
 3.7086E+04 0.0000E+00 3.8135E-09 1.5574E-07 3.7086E+04 1.0000E+003544 8454  101
 4.3521E-09 1.7774E-07 3.7087E+04 0.0000E+00 1.1066E-06 9.1405E-063544 8454  102
 3.7088E+04 0.0000E+00 4.4487E-05 1.5215E-04 3.7089E+04 0.0000E+003544 8454  103
 8.9817E-04 1.3113E-03 3.7090E+04 0.0000E+00 1.5454E-03 2.0554E-033544 8454  104
 3.7090E+04 1.0000E+00 4.2975E-03 5.7157E-03 3.7091E+04 0.0000E+003544 8454  105
 2.7285E-02 9.2770E-03 3.7092E+04 0.0000E+00 4.7129E-02 1.0368E-023544 8454  106
 3.7093E+04 0.0000E+00 5.8285E-02 1.1657E-02 3.7094E+04 0.0000E+003544 8454  107
 3.3030E-02 8.9180E-03 3.7095E+04 0.0000E+00 1.6231E-02 7.4664E-033544 8454  108
 3.7096E+04 0.0000E+00 3.6088E-03 3.2119E-03 3.7096E+04 1.0000E+003544 8454  109
 0.0000E+00 0.0000E+00 3.7097E+04 0.0000E+00 7.3000E-04 1.3140E-033544 8454  110
 3.7098E+04 0.0000E+00 6.5529E-05 2.4049E-04 3.7098E+04 1.0000E+003544 8454  111
 0.0000E+00 0.0000E+00 3.7099E+04 0.0000E+00 4.1958E-06 3.1175E-053544 8454  112
 3.7100E+04 0.0000E+00 1.1257E-07 1.6762E-06 3.7101E+04 0.0000E+003544 8454  113
 2.5521E-09 7.5516E-08 3.7102E+04 0.0000E+00 2.2564E-11 1.3216E-093544 8454  114
 3.8086E+04 0.0000E+00 2.2168E-14 2.2166E-12 3.8087E+04 0.0000E+003544 8454  115
 5.4280E-13 5.4274E-11 3.8087E+04 1.0000E+00 1.6412E-11 1.6411E-093544 8454  116
 3.8088E+04 0.0000E+00 6.3336E-09 1.8133E-07 3.8089E+04 0.0000E+003544 8454  117
 6.0191E-07 7.0484E-06 3.8090E+04 0.0000E+00 2.9767E-05 1.4526E-043544 8454  118
 3.8091E+04 0.0000E+00 5.1821E-04 1.0831E-03 3.8092E+04 0.0000E+003544 8454  119
 5.1763E-03 4.8140E-03 3.8093E+04 0.0000E+00 1.7795E-02 8.1858E-033544 8454  120
 3.8094E+04 0.0000E+00 4.5415E-02 1.2262E-02 3.8095E+04 0.0000E+003544 8454  121
 5.4220E-02 1.0844E-02 3.8096E+04 0.0000E+00 5.3976E-02 1.2414E-023544 8454  122
 3.8097E+04 0.0000E+00 2.8291E-02 9.3361E-03 3.8098E+04 0.0000E+003544 8454  123
 1.2095E-02 7.0148E-03 3.8099E+04 0.0000E+00 2.0553E-03 2.2814E-033544 8454  124
 3.8100E+04 0.0000E+00 2.5992E-04 5.6662E-04 3.8101E+04 0.0000E+003544 8454  125
 1.5225E-05 6.6077E-05 3.8102E+04 0.0000E+00 6.1748E-07 5.3412E-063544 8454  126
 3.8103E+04 0.0000E+00 9.8326E-09 1.7050E-07 3.8104E+04 0.0000E+003544 8454  127
 1.0633E-10 3.7226E-09 3.9089E+04 0.0000E+00 1.3216E-12 1.3215E-103544 8454  128
 3.9089E+04 1.0000E+00 4.5595E-12 4.5591E-10 3.9090E+04 0.0000E+003544 8454  129
 7.6449E-10 6.0655E-08 3.9090E+04 1.0000E+00 6.6164E-10 5.2494E-083544 8454  130
 3.9091E+04 0.0000E+00 5.1552E-08 1.6899E-06 3.9091E+04 1.0000E+003544 8454  131
 1.4959E-07 4.9037E-06 3.9092E+04 0.0000E+00 8.2464E-06 5.6817E-053544 8454  132
 3.9093E+04 0.0000E+00 4.7937E-05 2.8379E-04 3.9093E+04 1.0000E+003544 8454  133
 1.3910E-04 8.2350E-04 3.9094E+04 0.0000E+00 1.5350E-03 2.0262E-033544 8454  134
 3.9095E+04 0.0000E+00 9.1645E-03 5.6820E-03 3.9096E+04 0.0000E+003544 8454  135
 3.1896E-03 2.1689E-03 3.9096E+04 1.0000E+00 1.9211E-02 1.3064E-023544 8454  136
 3.9097E+04 0.0000E+00 1.2364E-02 5.5636E-03 3.9097E+04 1.0000E+003544 8454  137
 3.5877E-02 1.6145E-02 3.9098E+04 0.0000E+00 1.2348E-02 4.9393E-033544 8454  138
 3.9098E+04 1.0000E+00 3.4337E-02 1.3735E-02 3.9099E+04 0.0000E+003544 8454  139
 3.3123E-02 8.6121E-03 3.9100E+04 0.0000E+00 2.6588E-03 2.1271E-033544 8454  140
 3.9100E+04 1.0000E+00 7.3936E-03 5.9149E-03 3.9101E+04 0.0000E+003544 8454  141
 2.6021E-03 1.8215E-03 3.9102E+04 0.0000E+00 2.6393E-04 3.5366E-043544 8454  142
 3.9102E+04 1.0000E+00 0.0000E+00 0.0000E+00 3.9103E+04 0.0000E+003544 8454  143
 1.9128E-05 5.0690E-05 3.9104E+04 0.0000E+00 5.2973E-07 2.8340E-063544 8454  144
 3.9105E+04 0.0000E+00 4.7949E-13 4.7944E-11 4.0090E+04 0.0000E+003544 8454  145
 4.1237E-16 4.1233E-14 4.0091E+04 0.0000E+00 1.1278E-12 1.1277E-103544 8454  146
 4.0092E+04 0.0000E+00 3.9584E-10 2.1474E-08 4.0093E+04 0.0000E+003544 8454  147
 3.9537E-08 8.9590E-07 4.0094E+04 0.0000E+00 2.3495E-06 2.2649E-053544 8454  148
 4.0095E+04 0.0000E+00 5.0963E-05 2.1353E-04 4.0096E+04 0.0000E+003544 8454  149
 7.1971E-04 1.3531E-03 4.0097E+04 0.0000E+00 4.3497E-03 3.8712E-033544 8454  150
 4.0098E+04 0.0000E+00 1.8631E-02 8.5702E-03 4.0099E+04 0.0000E+003544 8454  151
 2.9630E-02 8.2964E-03 4.0100E+04 0.0000E+00 3.4883E-02 7.6744E-033544 8454  152
 4.0101E+04 0.0000E+00 1.9784E-02 4.7482E-03 4.0102E+04 0.0000E+003544 8454  153
 8.2576E-03 2.7250E-03 4.0103E+04 0.0000E+00 1.4427E-03 7.5022E-043544 8454  154
 4.0104E+04 0.0000E+00 1.8102E-04 1.6654E-04 4.0105E+04 0.0000E+003544 8454  155
 4.7114E-07 3.1802E-06 4.0106E+04 0.0000E+00 1.2775E-08 1.5739E-073544 8454  156
 4.0107E+04 0.0000E+00 2.0167E-10 4.6002E-09 4.0108E+04 0.0000E+003544 8454  157
 2.1261E-12 9.0486E-11 4.0110E+04 0.0000E+00 5.2714E-11 5.6190E-103544 8454  158
 4.1093E+04 0.0000E+00 4.6881E-15 4.6877E-13 4.1093E+04 1.0000E+003544 8454  159
 1.4175E-13 1.4174E-11 4.1094E+04 0.0000E+00 1.8130E-11 1.8128E-093544 8454  160
 4.1094E+04 1.0000E+00 2.0948E-11 2.0946E-09 4.1095E+04 0.0000E+003544 8454  161
 4.6967E-09 2.9369E-07 4.1095E+04 1.0000E+00 1.6185E-09 1.0121E-073544 8454  162
 4.1096E+04 0.0000E+00 3.3858E-07 4.5945E-06 4.1097E+04 0.0000E+003544 8454  163
 9.4080E-06 1.1365E-04 4.1097E+04 1.0000E+00 3.2421E-06 3.9165E-053544 8454  164
 4.1098E+04 0.0000E+00 5.5958E-05 3.0945E-04 4.1098E+04 1.0000E+003544 8454  165
 1.1118E-04 6.1482E-04 4.1099E+04 0.0000E+00 9.7414E-04 2.5620E-033544 8454  166
 4.1099E+04 1.0000E+00 3.3570E-04 8.8290E-04 4.1100E+04 0.0000E+003544 8454  167
 9.9639E-04 1.3252E-03 4.1100E+04 1.0000E+00 2.7707E-03 3.6851E-033544 8454  168
 4.1101E+04 0.0000E+00 8.5358E-03 3.3290E-03 4.1102E+04 0.0000E+003544 8454  169
 3.5195E-03 2.0413E-03 4.1102E+04 1.0000E+00 4.0166E-03 2.3296E-033544 8454  170
 4.1103E+04 0.0000E+00 5.0276E-03 1.4580E-03 4.1104E+04 0.0000E+003544 8454  171
 1.0259E-03 7.7967E-04 4.1104E+04 1.0000E+00 3.8027E-04 2.8901E-043544 8454  172
 4.1105E+04 0.0000E+00 3.0848E-04 1.9743E-04 4.1106E+04 0.0000E+003544 8454  173
 3.7871E-05 3.7871E-05 4.1107E+04 0.0000E+00 2.9364E-06 4.9038E-063544 8454  174
 4.1108E+04 0.0000E+00 1.6037E-07 4.6346E-07 4.1109E+04 0.0000E+003544 8454  175
 9.6167E-09 4.8949E-08 4.1110E+04 0.0000E+00 3.6418E-08 8.8496E-083544 8454  176
 4.1111E+04 0.0000E+00 1.6567E-09 8.0658E-09 4.1112E+04 0.0000E+003544 8454  177
 3.6898E-11 4.3390E-10 4.1113E+04 0.0000E+00 4.1877E-13 1.2069E-113544 8454  178
 4.2094E+04 0.0000E+00 1.9974E-17 1.9972E-15 4.2095E+04 0.0000E+003544 8454  179
 1.4883E-14 1.4882E-12 4.2096E+04 0.0000E+00 6.1148E-12 6.1142E-103544 8454  180
 4.2097E+04 0.0000E+00 8.9758E-10 3.9323E-08 4.2098E+04 0.0000E+003544 8454  181
 7.6900E-08 1.5026E-06 4.2099E+04 0.0000E+00 1.9945E-06 1.7791E-053544 8454  182
 4.2100E+04 0.0000E+00 3.1255E-05 1.3002E-04 4.2101E+04 0.0000E+003544 8454  183
 1.9664E-04 3.9132E-04 4.2102E+04 0.0000E+00 7.9361E-04 7.8567E-043544 8454  184
 4.2103E+04 0.0000E+00 1.2441E-03 6.8427E-04 4.2104E+04 0.0000E+003544 8454  185
 1.3912E-03 5.8431E-04 4.2105E+04 0.0000E+00 6.7964E-04 3.3303E-043544 8454  186
 4.2106E+04 0.0000E+00 2.3120E-04 1.4566E-04 4.2107E+04 0.0000E+003544 8454  187
 5.6748E-05 4.9938E-05 4.2108E+04 0.0000E+00 1.1381E-05 1.4226E-053544 8454  188
 4.2109E+04 0.0000E+00 2.8336E-06 4.5337E-06 4.2110E+04 0.0000E+003544 8454  189
 1.2921E-06 2.1967E-06 4.2111E+04 0.0000E+00 2.8084E-07 5.1394E-073544 8454  190
 4.2112E+04 0.0000E+00 3.0319E-08 7.7010E-08 4.2113E+04 0.0000E+003544 8454  191
 1.6361E-09 8.2295E-09 4.2114E+04 0.0000E+00 4.6826E-11 5.3612E-103544 8454  192
 4.2115E+04 0.0000E+00 7.5381E-13 1.9810E-11 4.3098E+04 0.0000E+003544 8454  193
 4.4533E-13 4.4529E-11 4.3099E+04 0.0000E+00 5.6001E-11 5.5996E-093544 8454  194
 4.3099E+04 1.0000E+00 1.9299E-11 1.9297E-09 4.3100E+04 0.0000E+003544 8454  195
 3.9944E-09 1.1484E-07 4.3101E+04 0.0000E+00 1.4358E-07 1.9096E-063544 8454  196
 4.3102E+04 0.0000E+00 4.6030E-07 5.7123E-06 4.3102E+04 1.0000E+003544 8454  197
 1.2800E-06 1.5885E-05 4.3103E+04 0.0000E+00 1.3915E-05 4.0631E-053544 8454  198
 4.3104E+04 0.0000E+00 4.1508E-05 5.8526E-05 4.3105E+04 0.0000E+003544 8454  199
 1.0404E-05 2.6635E-05 4.3106E+04 0.0000E+00 1.2442E-05 1.9036E-053544 8454  200
 4.3107E+04 0.0000E+00 9.6265E-06 1.1263E-05 4.3108E+04 0.0000E+003544 8454  201
 5.4920E-06 7.1945E-06 4.3109E+04 0.0000E+00 3.6743E-06 5.8421E-063544 8454  202
 4.3110E+04 0.0000E+00 3.1492E-06 5.2591E-06 4.3111E+04 0.0000E+003544 8454  203
 2.7650E-06 4.5899E-06 4.3112E+04 0.0000E+00 1.2635E-06 2.0974E-063544 8454  204
 4.3113E+04 0.0000E+00 2.9628E-07 5.3330E-07 4.3114E+04 0.0000E+003544 8454  205
 3.6737E-08 9.1109E-08 4.3115E+04 0.0000E+00 2.5089E-09 1.1591E-083544 8454  206
 4.3116E+04 0.0000E+00 9.7905E-11 9.6723E-10 4.3117E+04 0.0000E+003544 8454  207
 2.2356E-12 4.8154E-11 4.4099E+04 0.0000E+00 0.0000E+00 0.0000E+003544 8454  208
 4.4100E+04 0.0000E+00 2.4672E-14 2.4670E-12 4.4101E+04 0.0000E+003544 8454  209
 3.1183E-12 2.8533E-10 4.4102E+04 0.0000E+00 2.2885E-10 9.5864E-093544 8454  210
 4.4103E+04 0.0000E+00 2.7356E-09 1.0494E-07 4.4103E+04 1.0000E+003544 8454  211
 3.2238E-09 1.2367E-07 4.4104E+04 0.0000E+00 1.0077E-07 8.8173E-073544 8454  212
 4.4105E+04 0.0000E+00 1.5258E-10 6.2495E-09 4.4106E+04 0.0000E+003544 8454  213
 9.0003E-10 2.0125E-08 4.4107E+04 0.0000E+00 3.4155E-09 4.1294E-083544 8454  214
 4.4108E+04 0.0000E+00 9.1999E-09 6.0719E-08 4.4109E+04 0.0000E+003544 8454  215
 2.6813E-08 1.4572E-07 4.4110E+04 0.0000E+00 6.1305E-07 1.0728E-063544 8454  216
 4.4111E+04 0.0000E+00 2.1060E-06 3.5170E-06 4.4112E+04 0.0000E+003544 8454  217
 3.5540E-06 5.7930E-06 4.4113E+04 0.0000E+00 3.0949E-06 4.9828E-063544 8454  218
 4.4114E+04 0.0000E+00 1.4666E-06 2.3759E-06 4.4115E+04 0.0000E+003544 8454  219
 3.8999E-07 6.7858E-07 4.4116E+04 0.0000E+00 5.9414E-08 1.3428E-073544 8454  220
 4.4117E+04 0.0000E+00 5.2648E-09 2.0480E-08 4.4118E+04 0.0000E+003544 8454  221
 2.7331E-10 2.1482E-09 4.4119E+04 0.0000E+00 8.2927E-12 1.3749E-103544 8454  222
 4.4120E+04 0.0000E+00 1.4534E-13 5.1306E-12 4.5103E+04 0.0000E+003544 8454  223
 1.1010E-14 1.1009E-12 4.5103E+04 1.0000E+00 6.0186E-14 6.0180E-123544 8454  224
 4.5104E+04 0.0000E+00 1.3825E-12 1.3823E-10 4.5104E+04 1.0000E+003544 8454  225
 2.7467E-12 2.7464E-10 4.5105E+04 0.0000E+00 0.0000E+00 0.0000E+003544 8454  226
 4.5105E+04 1.0000E+00 0.0000E+00 0.0000E+00 4.5106E+04 0.0000E+003544 8454  227
 1.3789E-17 1.3788E-15 4.5107E+04 0.0000E+00 7.0710E-16 7.0703E-143544 8454  228
 4.5108E+04 0.0000E+00 6.9019E-15 6.9012E-13 4.5109E+04 0.0000E+003544 8454  229
 1.6211E-13 9.2632E-12 4.5110E+04 0.0000E+00 7.9195E-10 5.3774E-093544 8454  230
 4.5110E+04 1.0000E+00 6.6862E-09 4.5400E-08 4.5111E+04 0.0000E+003544 8454  231
 1.1820E-07 2.3876E-07 4.5112E+04 0.0000E+00 8.0115E-07 1.3540E-063544 8454  232
 4.5113E+04 0.0000E+00 2.4907E-06 4.0100E-06 4.5114E+04 0.0000E+003544 8454  233
 1.0502E-06 3.3186E-06 4.5114E+04 1.0000E+00 2.9203E-06 9.2282E-063544 8454  234
 4.5115E+04 0.0000E+00 3.5507E-06 5.5746E-06 4.5116E+04 0.0000E+003544 8454  235
 6.2607E-07 1.9846E-06 4.5116E+04 1.0000E+00 1.2439E-06 3.9432E-063544 8454  236
 4.5117E+04 0.0000E+00 5.8924E-07 9.8402E-07 4.5118E+04 0.0000E+003544 8454  237
 1.1099E-07 2.2532E-07 4.5119E+04 0.0000E+00 1.2393E-08 3.9286E-083544 8454  238
 4.5120E+04 0.0000E+00 8.0877E-10 4.8850E-09 4.5121E+04 0.0000E+003544 8454  239
 3.0252E-11 3.7814E-10 4.5122E+04 0.0000E+00 6.3195E-13 1.6791E-113544 8454  240
 4.6104E+04 0.0000E+00 0.0000E+00 0.0000E+00 4.6105E+04 0.0000E+003544 8454  241
 0.0000E+00 0.0000E+00 4.6106E+04 0.0000E+00 0.0000E+00 0.0000E+003544 8454  242
 4.6107E+04 0.0000E+00 0.0000E+00 0.0000E+00 4.6108E+04 0.0000E+003544 8454  243
 0.0000E+00 0.0000E+00 4.6109E+04 0.0000E+00 0.0000E+00 0.0000E+003544 8454  244
 4.6109E+04 1.0000E+00 0.0000E+00 0.0000E+00 4.6110E+04 0.0000E+003544 8454  245
 4.4155E-12 7.8729E-11 4.6111E+04 0.0000E+00 1.6621E-10 2.3153E-093544 8454  246
 4.6111E+04 1.0000E+00 1.9588E-10 2.7286E-09 4.6112E+04 0.0000E+003544 8454  247
 1.1522E-08 3.6065E-08 4.6113E+04 0.0000E+00 5.7822E-08 2.2551E-073544 8454  248
 4.6113E+04 1.0000E+00 9.0712E-08 3.5377E-07 4.6114E+04 0.0000E+003544 8454  249
 8.6083E-07 1.4204E-06 4.6115E+04 0.0000E+00 2.5139E-06 3.9719E-063544 8454  250
 4.6115E+04 1.0000E+00 0.0000E+00 0.0000E+00 4.6116E+04 0.0000E+003544 8454  251
 4.0950E-06 6.3882E-06 4.6117E+04 0.0000E+00 3.9965E-06 6.1946E-063544 8454  252
 4.6118E+04 0.0000E+00 2.4145E-06 3.7907E-06 4.6119E+04 0.0000E+003544 8454  253
 9.0317E-07 1.4722E-06 4.6120E+04 0.0000E+00 2.0541E-07 3.8207E-073544 8454  254
 4.6121E+04 0.0000E+00 2.7676E-08 7.2511E-08 4.6122E+04 0.0000E+003544 8454  255
 2.1437E-09 1.0033E-08 4.6123E+04 0.0000E+00 9.2384E-11 8.8312E-103544 8454  256
 4.6124E+04 0.0000E+00 2.1602E-12 4.4350E-11 4.7109E+04 0.0000E+003544 8454  257
 0.0000E+00 0.0000E+00 4.7109E+04 1.0000E+00 0.0000E+00 0.0000E+003544 8454  258
 4.7111E+04 0.0000E+00 9.2786E-15 7.6094E-13 4.7111E+04 1.0000E+003544 8454  259
 4.0825E-14 3.3480E-12 4.7112E+04 0.0000E+00 8.1055E-12 1.3058E-103544 8454  260
 4.7113E+04 0.0000E+00 9.0069E-11 1.2069E-09 4.7113E+04 1.0000E+003544 8454  261
 3.9629E-10 5.3103E-09 4.7114E+04 0.0000E+00 5.5343E-09 3.5087E-083544 8454  262
 4.7114E+04 1.0000E+00 6.3159E-09 4.0043E-08 4.7115E+04 0.0000E+003544 8454  263
 2.4103E-08 9.5448E-08 4.7115E+04 1.0000E+00 1.0605E-07 4.1996E-073544 8454  264
 4.7116E+04 0.0000E+00 2.8601E-07 9.4670E-07 4.7116E+04 1.0000E+003544 8454  265
 4.2776E-07 1.4159E-06 4.7117E+04 0.0000E+00 3.9681E-07 1.2499E-063544 8454  266
 4.7117E+04 1.0000E+00 1.7459E-06 5.4996E-06 4.7118E+04 0.0000E+003544 8454  267
 2.0351E-06 6.3495E-06 4.7118E+04 1.0000E+00 1.7613E-06 5.4953E-063544 8454  268
 4.7119E+04 0.0000E+00 4.1778E-06 6.5173E-06 4.7119E+04 1.0000E+003544 8454  269
 0.0000E+00 0.0000E+00 4.7120E+04 0.0000E+00 1.5617E-06 4.9349E-063544 8454  270
 4.7120E+04 1.0000E+00 1.3516E-06 4.2710E-06 4.7121E+04 0.0000E+003544 8454  271
 1.2745E-06 2.0774E-06 4.7122E+04 0.0000E+00 2.2352E-07 7.9798E-073544 8454  272
 4.7122E+04 1.0000E+00 1.1578E-07 4.1333E-07 4.7123E+04 0.0000E+003544 8454  273
 5.2867E-08 1.2054E-07 4.7124E+04 0.0000E+00 4.6771E-09 1.7726E-083544 8454  274
 4.7125E+04 0.0000E+00 1.6272E-13 8.9770E-12 4.8111E+04 0.0000E+003544 8454  275
 0.0000E+00 0.0000E+00 4.8112E+04 0.0000E+00 2.4571E-16 2.3952E-143544 8454  276
 4.8113E+04 0.0000E+00 2.2999E-14 1.8126E-12 4.8113E+04 1.0000E+003544 8454  277
 4.9129E-14 3.8718E-12 4.8114E+04 0.0000E+00 7.9565E-12 1.3168E-103544 8454  278
 4.8115E+04 0.0000E+00 1.1637E-10 1.6991E-09 4.8115E+04 1.0000E+003544 8454  279
 2.4859E-10 3.6294E-09 4.8116E+04 0.0000E+00 7.6921E-09 2.7307E-083544 8454  280
 4.8117E+04 0.0000E+00 2.5973E-08 1.1116E-07 4.8117E+04 1.0000E+003544 8454  281
 5.5480E-08 2.3746E-07 4.8118E+04 0.0000E+00 4.6744E-07 7.9464E-073544 8454  282
 4.8119E+04 0.0000E+00 4.9345E-07 1.5741E-06 4.8119E+04 1.0000E+003544 8454  283
 1.0541E-06 3.3624E-06 4.8120E+04 0.0000E+00 3.1074E-06 4.9097E-063544 8454  284
 4.8121E+04 0.0000E+00 1.2494E-06 3.9730E-06 4.8121E+04 1.0000E+003544 8454  285
 2.6688E-06 8.4867E-06 4.8122E+04 0.0000E+00 3.1399E-06 5.0866E-063544 8454  286
 4.8123E+04 0.0000E+00 6.1357E-07 2.0432E-06 4.8123E+04 1.0000E+003544 8454  287
 9.6257E-07 3.2054E-06 4.8124E+04 0.0000E+00 4.8342E-07 8.5565E-073544 8454  288
 4.8125E+04 0.0000E+00 9.5368E-09 7.1621E-08 4.8125E+04 1.0000E+003544 8454  289
 1.4961E-08 1.1236E-07 4.8126E+04 0.0000E+00 8.8097E-09 5.0480E-083544 8454  290
 4.8127E+04 0.0000E+00 4.7312E-09 4.4048E-08 4.8128E+04 0.0000E+003544 8454  291
 2.2519E-09 2.2517E-07 4.8129E+04 0.0000E+00 7.0249E-10 1.8862E-083544 8454  292
 4.8130E+04 0.0000E+00 1.3248E-10 6.1818E-09 4.8131E+04 0.0000E+003544 8454  293
 8.3074E-08 8.3487E-07 4.8132E+04 0.0000E+00 5.7492E-09 1.2660E-073544 8454  294
 4.9113E+04 0.0000E+00 0.0000E+00 0.0000E+00 4.9115E+04 0.0000E+003544 8454  295
 3.4260E-14 2.9611E-12 4.9115E+04 1.0000E+00 1.1806E-14 1.0204E-123544 8454  296
 4.9116E+04 0.0000E+00 1.0338E-12 5.9597E-11 4.9116E+04 1.0000E+003544 8454  297
 2.0539E-12 1.1841E-10 4.9116E+04 2.0000E+00 8.9469E-13 5.1579E-113544 8454  298
 4.9117E+04 0.0000E+00 1.2126E-10 2.1427E-09 4.9117E+04 1.0000E+003544 8454  299
 4.1787E-11 7.3838E-10 4.9118E+04 0.0000E+00 8.8655E-10 1.1490E-083544 8454  300
 4.9118E+04 1.0000E+00 1.7614E-09 2.2828E-08 4.9118E+04 2.0000E+003544 8454  301
 7.6728E-10 9.9439E-09 4.9119E+04 0.0000E+00 2.8920E-08 1.4229E-073544 8454  302
 4.9119E+04 1.0000E+00 9.9662E-09 4.9034E-08 4.9120E+04 0.0000E+003544 8454  303
 6.5464E-08 3.5678E-07 4.9120E+04 1.0000E+00 1.3007E-07 7.0886E-073544 8454  304
 4.9120E+04 2.0000E+00 5.6657E-08 3.0878E-07 4.9121E+04 0.0000E+003544 8454  305
 7.1886E-07 2.3722E-06 4.9121E+04 1.0000E+00 2.4773E-07 8.1750E-073544 8454  306
 4.9122E+04 0.0000E+00 5.8591E-07 2.8592E-06 4.9122E+04 1.0000E+003544 8454  307
 1.1641E-06 5.6808E-06 4.9122E+04 2.0000E+00 5.0708E-07 2.4746E-063544 8454  308
 4.9123E+04 0.0000E+00 2.4456E-06 8.0215E-06 4.9123E+04 1.0000E+003544 8454  309
 8.4278E-07 2.7643E-06 4.9124E+04 0.0000E+00 1.0420E-06 3.4803E-063544 8454  310
 4.9124E+04 1.0000E+00 2.0117E-06 6.7190E-06 4.9125E+04 0.0000E+003544 8454  311
 2.3049E-06 7.6521E-06 4.9125E+04 1.0000E+00 7.9428E-07 2.6370E-063544 8454  312
 4.9126E+04 0.0000E+00 1.2305E-06 3.6301E-06 4.9126E+04 1.0000E+003544 8454  313
 2.3756E-06 7.0081E-06 4.9127E+04 0.0000E+00 5.0765E-06 1.2285E-053544 8454  314
 4.9127E+04 1.0000E+00 1.7494E-06 4.2336E-06 4.9128E+04 0.0000E+003544 8454  315
 8.1420E-06 8.1412E-04 4.9128E+04 1.0000E+00 4.2174E-06 4.2170E-043544 8454  316
 4.9129E+04 0.0000E+00 1.1669E-05 4.0959E-05 4.9129E+04 1.0000E+003544 8454  317
 4.0213E-06 1.4115E-05 4.9130E+04 0.0000E+00 4.3820E-06 3.8036E-053544 8454  318
 4.9130E+04 1.0000E+00 6.5537E-06 5.6886E-05 4.9130E+04 2.0000E+003544 8454  319
 1.8356E-06 1.5933E-05 4.9131E+04 0.0000E+00 3.3191E-05 1.5865E-043544 8454  320
 4.9131E+04 1.0000E+00 1.1438E-05 5.4673E-05 4.9131E+04 2.0000E+003544 8454  321
 6.7892E-06 3.2452E-05 4.9132E+04 0.0000E+00 1.1167E-05 3.7185E-053544 8454  322
 4.9133E+04 0.0000E+00 1.3410E-06 9.7753E-06 4.9134E+04 0.0000E+003544 8454  323
 4.9231E-08 8.0589E-07 4.9135E+04 0.0000E+00 1.2090E-09 4.5314E-083544 8454  324
 5.0115E+04 0.0000E+00 0.0000E+00 0.0000E+00 5.0116E+04 0.0000E+003544 8454  325
 8.8184E-17 8.8176E-15 5.0117E+04 0.0000E+00 4.1242E-15 4.1237E-133544 8454  326
 5.0117E+04 1.0000E+00 1.0386E-14 1.0385E-12 5.0118E+04 0.0000E+003544 8454  327
 1.1730E-12 2.8539E-11 5.0119E+04 0.0000E+00 1.4135E-11 3.2285E-103544 8454  328
 5.0119E+04 1.0000E+00 3.5596E-11 8.1300E-10 5.0120E+04 0.0000E+003544 8454  329
 1.1597E-09 6.4250E-09 5.0121E+04 0.0000E+00 5.9886E-09 3.5632E-083544 8454  330
 5.0121E+04 1.0000E+00 9.3949E-09 5.5900E-08 5.0122E+04 0.0000E+003544 8454  331
 1.1884E-07 2.3887E-07 5.0123E+04 0.0000E+00 3.3287E-07 1.1584E-063544 8454  332
 5.0123E+04 1.0000E+00 2.1218E-07 7.3839E-07 5.0124E+04 0.0000E+003544 8454  333
 1.5297E-06 2.5851E-06 5.0125E+04 0.0000E+00 1.3807E-06 4.6392E-063544 8454  334
 5.0125E+04 1.0000E+00 8.8011E-07 2.9571E-06 5.0126E+04 0.0000E+003544 8454  335
 5.8198E-06 8.3805E-06 5.0127E+04 0.0000E+00 1.5559E-05 3.2830E-053544 8454  336
 5.0127E+04 1.0000E+00 9.9178E-06 2.0927E-05 5.0128E+04 0.0000E+003544 8454  337
 4.6671E-05 6.9074E-05 5.0128E+04 1.0000E+00 6.9802E-05 1.0331E-043544 8454  338
 5.0129E+04 0.0000E+00 1.6380E-04 1.6378E-02 5.0129E+04 1.0000E+003544 8454  339
 2.5696E-04 2.5694E-02 5.0130E+04 0.0000E+00 4.4501E-04 4.4496E-023544 8454  340
 5.0130E+04 1.0000E+00 6.6556E-04 6.6549E-02 5.0131E+04 0.0000E+003544 8454  341
 7.1625E-04 5.9448E-04 5.0131E+04 1.0000E+00 1.1236E-03 9.3263E-043544 8454  342
 5.0132E+04 0.0000E+00 1.9581E-03 1.1749E-03 5.0133E+04 0.0000E+003544 8454  343
 7.1525E-04 8.1538E-04 5.0134E+04 0.0000E+00 1.5781E-04 3.8190E-043544 8454  344
 5.0135E+04 0.0000E+00 1.4059E-05 7.5637E-05 5.0136E+04 0.0000E+003544 8454  345
 7.1297E-07 8.7266E-06 5.0137E+04 0.0000E+00 1.1219E-08 3.1772E-073544 8454  346
 5.1120E+04 0.0000E+00 1.3139E-13 8.4524E-12 5.1120E+04 1.0000E+003544 8454  347
 1.1371E-13 7.3152E-12 5.1121E+04 0.0000E+00 1.2056E-11 1.8253E-103544 8454  348
 5.1122E+04 0.0000E+00 2.0144E-10 2.9148E-09 5.1122E+04 1.0000E+003544 8454  349
 1.3800E-10 1.9969E-09 5.1123E+04 0.0000E+00 5.5519E-09 2.0431E-083544 8454  350
 5.1124E+04 0.0000E+00 2.0269E-08 1.3803E-07 5.1124E+04 1.0000E+003544 8454  351
 2.3132E-08 1.5753E-07 5.1124E+04 2.0000E+00 1.0499E-08 7.1499E-083544 8454  352
 5.1125E+04 0.0000E+00 7.0598E-09 3.7276E-08 5.1126E+04 0.0000E+003544 8454  353
 9.4726E-09 9.5767E-08 5.1126E+04 1.0000E+00 3.0253E-08 3.0586E-073544 8454  354
 5.1126E+04 2.0000E+00 1.8287E-08 1.8489E-07 5.1127E+04 0.0000E+003544 8454  355
 7.6981E-07 1.6320E-06 5.1128E+04 0.0000E+00 7.0241E-06 1.8684E-053544 8454  356
 5.1128E+04 1.0000E+00 2.9424E-06 7.8268E-06 5.1129E+04 0.0000E+003544 8454  357
 6.1076E-05 1.0383E-04 5.1129E+04 1.0000E+00 3.3666E-05 5.7232E-053544 8454  358
 5.1130E+04 0.0000E+00 4.3786E-04 4.9478E-04 5.1130E+04 1.0000E+003544 8454  359
 1.8342E-04 2.0726E-04 5.1131E+04 0.0000E+00 2.6279E-03 2.6276E-013544 8454  360
 5.1132E+04 0.0000E+00 4.3677E-03 2.4022E-03 5.1132E+04 1.0000E+003544 8454  361
 1.8296E-03 1.0063E-03 5.1133E+04 0.0000E+00 9.9846E-03 2.9954E-033544 8454  362
 5.1134E+04 0.0000E+00 2.4412E-03 2.1239E-03 5.1134E+04 1.0000E+003544 8454  363
 3.6511E-03 3.1765E-03 5.1135E+04 0.0000E+00 3.0202E-03 2.5068E-033544 8454  364
 5.1136E+04 0.0000E+00 5.2264E-04 9.2506E-04 5.1137E+04 0.0000E+003544 8454  365
 5.4695E-05 2.1605E-04 5.1138E+04 0.0000E+00 1.8474E-06 1.6718E-053544 8454  366
 5.1139E+04 0.0000E+00 4.2143E-08 8.8669E-07 5.2122E+04 0.0000E+003544 8454  367
 4.3672E-14 1.8666E-12 5.2123E+04 0.0000E+00 8.6343E-13 3.4356E-113544 8454  368
 5.2123E+04 1.0000E+00 1.8444E-12 7.3387E-11 5.2124E+04 0.0000E+003544 8454  369
 9.9356E-11 9.2203E-10 5.2125E+04 0.0000E+00 4.5564E-15 4.5560E-133544 8454  370
 5.2125E+04 1.0000E+00 1.1474E-14 1.1473E-12 5.2126E+04 0.0000E+003544 8454  371
 5.0723E-13 2.5245E-11 5.2127E+04 0.0000E+00 1.0247E-11 6.0988E-103544 8454  372
 5.2127E+04 1.0000E+00 1.6075E-11 9.5677E-10 5.2128E+04 0.0000E+003544 8454  373
 1.3480E-09 2.3698E-08 5.2129E+04 0.0000E+00 1.9773E-08 4.0593E-073544 8454  374
 5.2129E+04 1.0000E+00 3.1019E-08 6.3683E-07 5.2130E+04 0.0000E+003544 8454  375
 1.3009E-06 7.7143E-06 5.2131E+04 0.0000E+00 1.2552E-04 1.2551E-023544 8454  376
 5.2131E+04 1.0000E+00 2.2772E-04 2.2769E-02 5.2132E+04 0.0000E+003544 8454  377
 3.3368E-03 3.3365E-01 5.2133E+04 0.0000E+00 4.6407E-03 4.6402E-013544 8454  378
 5.2133E+04 1.0000E+00 7.2803E-03 7.2795E-01 5.2134E+04 0.0000E+003544 8454  379
 2.9963E-02 6.5919E-03 5.2135E+04 0.0000E+00 3.7020E-02 8.5146E-033544 8454  380
 5.2136E+04 0.0000E+00 3.2205E-02 1.0628E-02 5.2137E+04 0.0000E+003544 8454  381
 1.0615E-02 6.4752E-03 5.2138E+04 0.0000E+00 2.2511E-03 2.9040E-033544 8454  382
 5.2139E+04 0.0000E+00 1.9590E-04 5.6026E-04 5.2140E+04 0.0000E+003544 8454  383
 1.1618E-05 7.6212E-05 5.2141E+04 0.0000E+00 3.0277E-07 4.6415E-063544 8454  384
 5.2142E+04 0.0000E+00 4.6130E-09 1.6792E-07 5.3127E+04 0.0000E+003544 8454  385
 0.0000E+00 0.0000E+00 5.3129E+04 0.0000E+00 1.6415E-14 1.6413E-123544 8454  386
 5.3130E+04 0.0000E+00 1.1280E-12 1.1279E-10 5.3130E+04 1.0000E+003544 8454  387
 7.5424E-13 7.5416E-11 5.3131E+04 0.0000E+00 1.5009E-06 7.0840E-063544 8454  388
 5.3132E+04 0.0000E+00 1.6394E-05 7.6722E-05 5.3132E+04 1.0000E+003544 8454  389
 1.8709E-05 8.7557E-05 5.3133E+04 0.0000E+00 4.1457E-04 9.6595E-043544 8454  390
 5.3133E+04 1.0000E+00 1.3950E-04 3.2503E-04 5.3134E+04 0.0000E+003544 8454  391
 2.3456E-03 2.7912E-03 5.3134E+04 1.0000E+00 9.8256E-04 1.1692E-033544 8454  392
 5.3135E+04 0.0000E+00 1.7097E-02 5.8131E-03 5.3136E+04 0.0000E+003544 8454  393
 1.6055E-02 7.2248E-03 5.3136E+04 1.0000E+00 1.8323E-02 8.2452E-033544 8454  394
 5.3137E+04 0.0000E+00 4.9797E-02 9.9594E-03 5.3138E+04 0.0000E+003544 8454  395
 2.8754E-02 7.7637E-03 5.3139E+04 0.0000E+00 1.3880E-02 6.3850E-033544 8454  396
 5.3140E+04 0.0000E+00 2.8568E-03 2.6283E-03 5.3141E+04 0.0000E+003544 8454  397
 5.1320E-04 1.0469E-03 5.3142E+04 0.0000E+00 3.2716E-05 1.5311E-043544 8454  398
 5.3143E+04 0.0000E+00 1.1273E-06 1.2400E-05 5.3144E+04 0.0000E+003544 8454  399
 1.1556E-08 3.0449E-07 5.4130E+04 0.0000E+00 0.0000E+00 0.0000E+003544 8454  400
 5.4131E+04 0.0000E+00 9.1271E-11 5.6405E-09 5.4131E+04 1.0000E+003544 8454  401
 2.2984E-10 1.4204E-08 5.4132E+04 0.0000E+00 3.4862E-08 5.3444E-073544 8454  402
 5.4133E+04 0.0000E+00 5.7115E-07 8.5387E-06 5.4133E+04 1.0000E+003544 8454  403
 8.9602E-07 1.3395E-05 5.4134E+04 0.0000E+00 1.7169E-05 1.2362E-043544 8454  404
 5.4134E+04 1.0000E+00 2.5678E-05 1.8489E-04 5.4135E+04 0.0000E+003544 8454  405
 2.2993E-04 7.9557E-04 5.4135E+04 1.0000E+00 3.6072E-04 1.2481E-033544 8454  406
 5.4136E+04 0.0000E+00 5.5328E-03 4.7029E-03 5.4137E+04 0.0000E+003544 8454  407
 1.9778E-02 8.7023E-03 5.4138E+04 0.0000E+00 4.9051E-02 1.3244E-023544 8454  408
 5.4139E+04 0.0000E+00 5.8006E-02 1.1601E-02 5.4140E+04 0.0000E+003544 8454  409
 5.7602E-02 1.3248E-02 5.4141E+04 0.0000E+00 3.1686E-02 1.1090E-023544 8454  410
 5.4142E+04 0.0000E+00 1.2703E-02 8.3839E-03 5.4143E+04 0.0000E+003544 8454  411
 1.7226E-03 2.4633E-03 5.4144E+04 0.0000E+00 1.3803E-04 4.5413E-043544 8454  412
 5.4145E+04 0.0000E+00 4.4461E-06 3.4634E-05 5.4146E+04 0.0000E+003544 8454  413
 7.5649E-08 1.4275E-06 5.4147E+04 0.0000E+00 3.4820E-10 1.6212E-083544 8454  414
 5.5132E+04 0.0000E+00 4.0061E-13 4.0057E-11 5.5133E+04 0.0000E+003544 8454  415
 7.9375E-11 4.0243E-09 5.5134E+04 0.0000E+00 4.9878E-09 2.4525E-073544 8454  416
 5.5134E+04 1.0000E+00 1.3228E-09 6.5040E-08 5.5135E+04 0.0000E+003544 8454  417
 3.2741E-07 7.7040E-06 5.5135E+04 1.0000E+00 1.1017E-07 2.5923E-063544 8454  418
 5.5136E+04 0.0000E+00 8.8604E-06 9.8882E-05 5.5136E+04 1.0000E+003544 8454  419
 2.7743E-06 3.0961E-05 5.5137E+04 0.0000E+00 2.1088E-04 5.5672E-043544 8454  420
 5.5138E+04 0.0000E+00 7.6700E-04 1.9252E-03 5.5138E+04 1.0000E+003544 8454  421
 6.6381E-04 1.6662E-03 5.5139E+04 0.0000E+00 7.8817E-03 4.8867E-033544 8454  422
 5.5140E+04 0.0000E+00 1.9235E-02 6.5400E-03 5.5141E+04 0.0000E+003544 8454  423
 4.6274E-02 1.0180E-02 5.5142E+04 0.0000E+00 4.8227E-02 9.6454E-033544 8454  424
 5.5143E+04 0.0000E+00 3.4766E-02 9.3869E-03 5.5144E+04 0.0000E+003544 8454  425
 9.5762E-03 4.5966E-03 5.5144E+04 1.0000E+00 0.0000E+00 0.0000E+003544 8454  426
 5.5145E+04 0.0000E+00 2.1859E-03 2.1859E-03 5.5146E+04 0.0000E+003544 8454  427
 1.6486E-04 3.7752E-04 5.5147E+04 0.0000E+00 6.6841E-06 3.6562E-053544 8454  428
 5.5148E+04 0.0000E+00 7.2578E-08 9.7254E-07 5.5149E+04 0.0000E+003544 8454  429
 4.1860E-10 1.4019E-08 5.5150E+04 0.0000E+00 6.2944E-13 5.3666E-113544 8454  430
 5.6134E+04 0.0000E+00 6.6679E-14 6.6672E-12 5.6135E+04 0.0000E+003544 8454  431
 3.6538E-12 3.6534E-10 5.6135E+04 1.0000E+00 9.2011E-12 9.2002E-103544 8454  432
 5.6136E+04 0.0000E+00 7.0757E-10 5.5905E-08 5.6136E+04 1.0000E+003544 8454  433
 1.0583E-09 8.3612E-08 5.6137E+04 0.0000E+00 2.6847E-08 1.0060E-063544 8454  434
 5.6137E+04 1.0000E+00 6.7608E-08 2.5333E-06 5.6138E+04 0.0000E+003544 8454  435
 3.4535E-06 3.0460E-05 5.6139E+04 0.0000E+00 5.7133E-05 2.3596E-043544 8454  436
 5.6140E+04 0.0000E+00 7.3728E-04 1.4230E-03 5.6141E+04 0.0000E+003544 8454  437
 4.9801E-03 4.5817E-03 5.6142E+04 0.0000E+00 2.4572E-02 1.1549E-023544 8454  438
 5.6143E+04 0.0000E+00 4.4748E-02 1.2082E-02 5.6144E+04 0.0000E+003544 8454  439
 5.7561E-02 1.1512E-02 5.6145E+04 0.0000E+00 3.8238E-02 9.1771E-033544 8454  440
 5.6146E+04 0.0000E+00 1.7708E-02 6.5518E-03 5.6147E+04 0.0000E+003544 8454  441
 2.8781E-03 2.0722E-03 5.6148E+04 0.0000E+00 2.5805E-04 4.1288E-043544 8454  442
 5.6149E+04 0.0000E+00 7.6711E-06 2.9227E-05 5.6150E+04 0.0000E+003544 8454  443
 1.1810E-07 1.1136E-06 5.6151E+04 0.0000E+00 6.1476E-10 1.4656E-083544 8454  444
 5.6152E+04 0.0000E+00 1.4090E-12 8.6513E-11 5.7137E+04 0.0000E+003544 8454  445
 6.2388E-13 6.2382E-11 5.7138E+04 0.0000E+00 6.6957E-11 4.3288E-093544 8454  446
 5.7139E+04 0.0000E+00 6.0087E-09 1.8344E-07 5.7140E+04 0.0000E+003544 8454  447
 2.3928E-07 3.4193E-06 5.7141E+04 0.0000E+00 9.0665E-06 6.0201E-053544 8454  448
 5.7142E+04 0.0000E+00 1.3881E-04 4.2616E-04 5.7143E+04 0.0000E+003544 8454  449
 1.3636E-03 1.9363E-03 5.7144E+04 0.0000E+00 4.9490E-03 3.3653E-033544 8454  450
 5.7145E+04 0.0000E+00 1.5594E-02 5.6138E-03 5.7146E+04 0.0000E+003544 8454  451
 8.7638E-03 4.3819E-03 5.7146E+04 1.0000E+00 1.0001E-02 5.0007E-033544 8454  452
 5.7147E+04 0.0000E+00 1.5416E-02 3.6997E-03 5.7148E+04 0.0000E+003544 8454  453
 4.5576E-03 1.5040E-03 5.7149E+04 0.0000E+00 9.6160E-04 5.3850E-043544 8454  454
 5.7150E+04 0.0000E+00 6.8596E-05 7.8199E-05 5.7151E+04 0.0000E+003544 8454  455
 3.3878E-06 9.0116E-06 5.7152E+04 0.0000E+00 4.5715E-08 3.0035E-073544 8454  456
 5.7153E+04 0.0000E+00 2.5780E-10 4.3052E-09 5.7154E+04 0.0000E+003544 8454  457
 3.6426E-13 1.5769E-11 5.8140E+04 0.0000E+00 4.2741E-12 4.2736E-103544 8454  458
 5.8141E+04 0.0000E+00 5.1007E-10 2.6014E-08 5.8142E+04 0.0000E+003544 8454  459
 4.5513E-08 1.0800E-06 5.8143E+04 0.0000E+00 1.4824E-06 1.6203E-053544 8454  460
 5.8144E+04 0.0000E+00 3.2309E-05 1.6122E-04 5.8145E+04 0.0000E+003544 8454  461
 3.3464E-04 7.5962E-04 5.8146E+04 0.0000E+00 2.2601E-03 2.3731E-033544 8454  462
 5.8147E+04 0.0000E+00 5.3648E-03 2.7897E-03 5.8148E+04 0.0000E+003544 8454  463
 7.7712E-03 2.6422E-03 5.8149E+04 0.0000E+00 4.6040E-03 1.4733E-033544 8454  464
 5.8150E+04 0.0000E+00 1.9007E-03 7.4129E-04 5.8151E+04 0.0000E+003544 8454  465
 3.6683E-04 2.0543E-04 5.8152E+04 0.0000E+00 4.1760E-05 4.0089E-053544 8454  466
 5.8153E+04 0.0000E+00 1.2824E-06 2.5135E-06 5.8154E+04 0.0000E+003544 8454  467
 1.9949E-08 9.1564E-08 5.8155E+04 0.0000E+00 1.1414E-10 1.3114E-093544 8454  468
 5.8156E+04 0.0000E+00 3.1001E-13 9.1886E-12 5.9141E+04 0.0000E+003544 8454  469
 3.0252E-16 3.0249E-14 5.9142E+04 0.0000E+00 3.3593E-14 3.3590E-123544 8454  470
 5.9142E+04 1.0000E+00 5.0242E-14 5.0237E-12 5.9143E+04 0.0000E+003544 8454  471
 1.5834E-11 1.3802E-09 5.9144E+04 0.0000E+00 1.6447E-10 1.3240E-083544 8454  472
 5.9144E+04 1.0000E+00 9.9062E-10 7.9745E-08 5.9145E+04 0.0000E+003544 8454  473
 7.4229E-08 1.3636E-06 5.9146E+04 0.0000E+00 1.7667E-06 1.4646E-053544 8454  474
 5.9147E+04 0.0000E+00 2.6548E-05 9.8492E-05 5.9148E+04 0.0000E+003544 8454  475
 3.4638E-05 1.1569E-04 5.9148E+04 1.0000E+00 9.6322E-05 3.2171E-043544 8454  476
 5.9149E+04 0.0000E+00 4.4050E-04 3.5240E-04 5.9150E+04 0.0000E+003544 8454  477
 5.2578E-04 2.6289E-04 5.9151E+04 0.0000E+00 5.1170E-04 2.5073E-043544 8454  478
 5.9152E+04 0.0000E+00 1.7896E-04 1.1095E-04 5.9153E+04 0.0000E+003544 8454  479
 3.6599E-05 3.1475E-05 5.9154E+04 0.0000E+00 2.5897E-06 3.2889E-063544 8454  480
 5.9155E+04 0.0000E+00 1.4355E-07 2.9715E-07 5.9156E+04 0.0000E+003544 8454  481
 2.3980E-09 9.3284E-09 5.9157E+04 0.0000E+00 1.9593E-11 1.6576E-103544 8454  482
 6.0143E+04 0.0000E+00 0.0000E+00 0.0000E+00 6.0144E+04 0.0000E+003544 8454  483
 1.7186E-15 1.7184E-13 6.0145E+04 0.0000E+00 3.7390E-13 3.7386E-113544 8454  484
 6.0146E+04 0.0000E+00 5.6474E-11 3.9266E-09 6.0147E+04 0.0000E+003544 8454  485
 3.1161E-09 9.7845E-08 6.0148E+04 0.0000E+00 1.0457E-07 1.4639E-063544 8454  486
 6.0149E+04 0.0000E+00 1.3507E-06 8.3475E-06 6.0150E+04 0.0000E+003544 8454  487
 1.0952E-05 2.9791E-05 6.0151E+04 0.0000E+00 3.7908E-05 4.8144E-053544 8454  488
 6.0152E+04 0.0000E+00 7.6460E-05 6.1168E-05 6.0153E+04 0.0000E+003544 8454  489
 4.6069E-05 3.9619E-05 6.0154E+04 0.0000E+00 1.7621E-05 2.0617E-053544 8454  490
 6.0155E+04 0.0000E+00 3.4277E-06 5.8613E-06 6.0156E+04 0.0000E+003544 8454  491
 4.4848E-07 1.1571E-06 6.0157E+04 0.0000E+00 1.9479E-08 7.8889E-083544 8454  492
 6.0158E+04 0.0000E+00 3.6283E-10 2.4274E-09 6.0159E+04 0.0000E+003544 8454  493
 4.9313E-13 6.8003E-12 6.1147E+04 0.0000E+00 2.4250E-15 2.4248E-133544 8454  494
 6.1148E+04 0.0000E+00 1.1923E-13 1.1922E-11 6.1148E+04 1.0000E+003544 8454  495
 1.7832E-13 1.7830E-11 6.1149E+04 0.0000E+00 2.6407E-11 1.4418E-093544 8454  496
 6.1150E+04 0.0000E+00 8.5092E-10 2.0482E-08 6.1151E+04 0.0000E+003544 8454  497
 2.1567E-08 2.2624E-07 6.1152E+04 0.0000E+00 4.5477E-08 6.2212E-073544 8454  498
 6.1152E+04 1.0000E+00 1.2646E-07 1.7300E-06 6.1152E+04 2.0000E+003544 8454  499
 5.3865E-09 7.3687E-08 6.1153E+04 0.0000E+00 7.5007E-07 1.5827E-063544 8454  500
 6.1154E+04 0.0000E+00 1.4479E-07 4.1698E-07 6.1154E+04 1.0000E+003544 8454  501
 8.7208E-07 2.5116E-06 6.1155E+04 0.0000E+00 1.1137E-06 1.9378E-063544 8454  502
 6.1156E+04 0.0000E+00 4.3127E-07 1.1041E-06 6.1157E+04 0.0000E+003544 8454  503
 1.0882E-07 4.3311E-07 6.1158E+04 0.0000E+00 9.5276E-09 6.0786E-083544 8454  504
 6.1159E+04 0.0000E+00 4.0497E-10 4.2806E-09 6.1160E+04 0.0000E+003544 8454  505
 1.6387E-12 2.9889E-11 6.2147E+04 0.0000E+00 0.0000E+00 0.0000E+003544 8454  506
 6.2148E+04 0.0000E+00 0.0000E+00 0.0000E+00 6.2149E+04 0.0000E+003544 8454  507
 0.0000E+00 0.0000E+00 6.2150E+04 0.0000E+00 1.9056E-15 1.9054E-133544 8454  508
 6.2151E+04 0.0000E+00 1.9570E-13 1.8938E-11 6.2152E+04 0.0000E+003544 8454  509
 1.2228E-11 5.1713E-10 6.2153E+04 0.0000E+00 8.7924E-11 3.2154E-093544 8454  510
 6.2153E+04 1.0000E+00 1.3793E-10 5.0443E-09 6.2154E+04 0.0000E+003544 8454  511
 2.4314E-09 1.9209E-08 6.2155E+04 0.0000E+00 1.1505E-08 4.3028E-083544 8454  512
 6.2156E+04 0.0000E+00 3.2041E-08 9.3879E-08 6.2157E+04 0.0000E+003544 8454  513
 2.8405E-08 1.1419E-07 6.2158E+04 0.0000E+00 1.3706E-08 8.7447E-083544 8454  514
 6.2159E+04 0.0000E+00 2.6724E-09 2.8194E-08 6.2160E+04 0.0000E+003544 8454  515
 3.4287E-10 6.1819E-09 6.2161E+04 0.0000E+00 1.9874E-11 6.3239E-103544 8454  516
 6.2162E+04 0.0000E+00 2.6127E-13 1.5183E-11 6.3151E+04 0.0000E+003544 8454  517
 0.0000E+00 0.0000E+00 6.3153E+04 0.0000E+00 2.6941E-16 2.6938E-143544 8454  518
 6.3155E+04 0.0000E+00 4.8726E-13 1.6075E-11 6.3156E+04 0.0000E+003544 8454  519
 6.2769E-12 8.9697E-11 6.3157E+04 0.0000E+00 4.6126E-11 3.3026E-103544 8454  520
 6.3158E+04 0.0000E+00 8.4749E-11 5.8815E-10 6.3159E+04 0.0000E+003544 8454  521
 7.3326E-11 7.8166E-10 6.3160E+04 0.0000E+00 2.4857E-11 4.4868E-103544 8454  522
 6.3161E+04 0.0000E+00 1.8229E-11 5.7985E-10 6.3162E+04 0.0000E+003544 8454  523
 2.9569E-12 1.7129E-10 6.3163E+04 0.0000E+00 1.4242E-13 1.4241E-113544 8454  524
 6.4155E+04 0.0000E+00 0.0000E+00 0.0000E+00 6.4156E+04 0.0000E+003544 8454  525
 2.3279E-17 2.3277E-15 6.4157E+04 0.0000E+00 8.0996E-16 5.0331E-143544 8454  526
 6.4158E+04 0.0000E+00 8.5100E-15 2.6449E-13 6.4159E+04 0.0000E+003544 8454  527
 8.7056E-15 2.1651E-13 6.4160E+04 0.0000E+00 1.4512E-14 3.4380E-133544 8454  528
 6.4161E+04 0.0000E+00 3.6241E-14 1.2007E-12 6.4162E+04 0.0000E+003544 8454  529
 2.5082E-13 1.4575E-11 6.4163E+04 0.0000E+00 1.3552E-13 1.3551E-113544 8454  530
 6.5159E+04 0.0000E+00 0.0000E+00 0.0000E+00 6.5161E+04 0.0000E+003544 8454  531
 0.0000E+00 0.0000E+00 6.5162E+04 0.0000E+00 0.0000E+00 0.0000E+003544 8454  532
 6.5163E+04 0.0000E+00 0.0000E+00 0.0000E+00 6.6161E+04 0.0000E+003544 8454  533
 0.0000E+00 0.0000E+00 6.6162E+04 0.0000E+00 0.0000E+00 0.0000E+003544 8454  534
 6.6163E+04 0.0000E+00 0.0000E+00 0.0000E+00 0.0000E+00 0.0000E+003544 8454  535
 0.0000E+00 0.0000E+00          0          0          0          03544 8  099999
 9.2236E+04 2.3402E+02          1          0          0          03544 8459    1
 0.0000E+00 0.0000E+00          0          0       3196        7993544 8459    2
 2.8071E+04 0.0000E+00 6.0017E-14 6.0011E-12 2.8072E+04 0.0000E+003544 8459    3
 2.7244E-13 2.1757E-11 2.8073E+04 0.0000E+00 5.5336E-14 2.4165E-123544 8459    4
 2.9072E+04 0.0000E+00 9.6011E-13 7.6616E-11 2.9073E+04 0.0000E+003544 8459    5
 8.4989E-12 3.6648E-10 2.9074E+04 0.0000E+00 1.5592E-11 3.7498E-103544 8459    6
 2.9075E+04 0.0000E+00 5.1784E-11 7.1928E-10 2.9076E+04 0.0000E+003544 8459    7
 6.0086E-11 5.1073E-10 2.9077E+04 0.0000E+00 8.0310E-11 5.1880E-103544 8459    8
 2.9078E+04 0.0000E+00 1.7613E-11 1.7719E-10 2.9079E+04 0.0000E+003544 8459    9
 2.0905E-12 4.7037E-11 2.9080E+04 0.0000E+00 8.2032E-14 4.2837E-123544 8459   10
 3.0072E+04 0.0000E+00 9.6323E-13 7.6868E-11 3.0073E+04 0.0000E+003544 8459   11
 1.1303E-11 4.8741E-10 3.0073E+04 1.0000E+00 2.2850E-12 1.9713E-103544 8459   12
 3.0074E+04 0.0000E+00 1.1859E-10 2.8522E-09 3.0075E+04 0.0000E+003544 8459   13
 1.0152E-09 1.4050E-08 3.0076E+04 0.0000E+00 6.5535E-09 5.3935E-083544 8459   14
 3.0077E+04 0.0000E+00 1.3023E-08 1.0965E-07 3.0077E+04 1.0000E+003544 8459   15
 2.6415E-09 2.6759E-08 3.0078E+04 0.0000E+00 2.5841E-08 8.6308E-083544 8459   16
 3.0079E+04 0.0000E+00 1.4351E-08 4.4201E-08 3.0080E+04 0.0000E+003544 8459   17
 4.6774E-09 2.5632E-08 3.0081E+04 0.0000E+00 5.7428E-10 7.1497E-093544 8459   18
 3.0082E+04 0.0000E+00 4.1299E-11 1.1911E-09 3.0083E+04 0.0000E+003544 8459   19
 9.6964E-13 6.4277E-11 3.1072E+04 0.0000E+00 9.6323E-13 7.6868E-113544 8459   20
 3.1073E+04 0.0000E+00 1.1303E-11 4.8740E-10 3.1074E+04 0.0000E+003544 8459   21
 8.9005E-11 2.1406E-09 3.1074E+04 1.0000E+00 1.1861E-10 5.8934E-093544 8459   22
 3.1075E+04 0.0000E+00 1.0639E-09 1.4725E-08 3.1076E+04 0.0000E+003544 8459   23
 8.5086E-09 7.0025E-08 3.1077E+04 0.0000E+00 5.7854E-08 2.9216E-073544 8459   24
 3.1078E+04 0.0000E+00 2.8297E-07 9.0268E-07 3.1079E+04 0.0000E+003544 8459   25
 9.7487E-07 2.0374E-06 3.1080E+04 0.0000E+00 1.3049E-06 1.9836E-063544 8459   26
 3.1081E+04 0.0000E+00 1.2458E-06 2.0557E-06 3.1082E+04 0.0000E+003544 8459   27
 3.8937E-07 1.2265E-06 3.1083E+04 0.0000E+00 6.9693E-08 4.9831E-073544 8459   28
 3.1084E+04 0.0000E+00 4.5445E-09 7.4757E-08 3.1085E+04 0.0000E+003544 8459   29
 1.9277E-10 7.2250E-09 3.1086E+04 0.0000E+00 2.7811E-12 2.3450E-103544 8459   30
 3.2072E+04 0.0000E+00 9.6323E-13 7.6868E-11 3.2073E+04 0.0000E+003544 8459   31
 1.1303E-11 4.8740E-10 3.2073E+04 1.0000E+00 1.1137E-11 4.8025E-103544 8459   32
 3.2074E+04 0.0000E+00 1.1866E-10 2.8537E-09 3.2075E+04 0.0000E+003544 8459   33
 1.0639E-09 1.4725E-08 3.2075E+04 1.0000E+00 4.2563E-11 5.8908E-103544 8459   34
 3.2076E+04 0.0000E+00 8.5323E-09 7.0221E-08 3.2077E+04 0.0000E+003544 8459   35
 1.3070E-08 6.6004E-08 3.2077E+04 1.0000E+00 5.8306E-08 6.0289E-073544 8459   36
 3.2078E+04 0.0000E+00 3.7605E-07 1.1996E-06 3.2079E+04 0.0000E+003544 8459   37
 1.2017E-06 3.5932E-06 3.2079E+04 1.0000E+00 8.5876E-07 1.9408E-063544 8459   38
 3.2080E+04 0.0000E+00 9.2247E-06 1.3007E-05 3.2081E+04 0.0000E+003544 8459   39
 1.9391E-05 3.8589E-05 3.2081E+04 1.0000E+00 7.0035E-06 1.2046E-053544 8459   40
 3.2082E+04 0.0000E+00 5.3949E-05 4.2620E-05 3.2083E+04 0.0000E+003544 8459   41
 3.9014E-05 3.7844E-05 3.2084E+04 0.0000E+00 1.8853E-05 3.5634E-053544 8459   42
 3.2085E+04 0.0000E+00 3.2513E-06 1.3753E-05 3.2086E+04 0.0000E+003544 8459   43
 3.3142E-07 3.1816E-06 3.2087E+04 0.0000E+00 1.3145E-08 2.8432E-073544 8459   44
 3.2088E+04 0.0000E+00 3.5469E-10 1.7085E-08 3.2089E+04 0.0000E+003544 8459   45
 3.3005E-12 3.3001E-10 3.3075E+04 0.0000E+00 1.0639E-09 1.4725E-083544 8459   46
 3.3077E+04 0.0000E+00 6.0300E-08 3.0451E-07 3.3078E+04 0.0000E+003544 8459   47
 3.7637E-07 1.2006E-06 3.3079E+04 0.0000E+00 2.0567E-06 4.2984E-063544 8459   48
 3.3080E+04 0.0000E+00 1.0085E-05 1.4220E-05 3.3081E+04 0.0000E+003544 8459   49
 4.2050E-05 4.1630E-05 3.3082E+04 0.0000E+00 9.2736E-05 6.6770E-053544 8459   50
 3.3082E+04 1.0000E+00 5.8010E-05 8.4114E-05 3.3083E+04 0.0000E+003544 8459   51
 4.2322E-04 2.2008E-04 3.3084E+04 0.0000E+00 6.2980E-04 2.8970E-043544 8459   52
 3.3084E+04 1.0000E+00 8.6362E-06 8.6362E-06 3.3085E+04 0.0000E+003544 8459   53
 7.0552E-04 4.3036E-04 3.3086E+04 0.0000E+00 2.7123E-04 3.1735E-043544 8459   54
 3.3087E+04 0.0000E+00 7.2868E-05 1.8655E-04 3.3088E+04 0.0000E+003544 8459   55
 7.2470E-06 4.1380E-05 3.3089E+04 0.0000E+00 4.3151E-07 5.4888E-063544 8459   56
 3.3090E+04 0.0000E+00 9.4326E-09 2.6468E-07 3.3091E+04 0.0000E+003544 8459   57
 1.6040E-10 9.8195E-09 3.3092E+04 0.0000E+00 1.0396E-12 1.0395E-103544 8459   58
 3.4077E+04 0.0000E+00 6.0300E-08 3.0451E-07 3.4078E+04 0.0000E+003544 8459   59
 3.7637E-07 1.2006E-06 3.4079E+04 0.0000E+00 2.0556E-06 4.2961E-063544 8459   60
 3.4079E+04 1.0000E+00 2.0080E-06 4.1966E-06 3.4080E+04 0.0000E+003544 8459   61
 1.0087E-05 1.4223E-05 3.4081E+04 0.0000E+00 4.2217E-05 4.1372E-053544 8459   62
 3.4081E+04 1.0000E+00 1.6465E-06 2.3050E-06 3.4082E+04 0.0000E+003544 8459   63
 1.5840E-04 1.1088E-04 3.4083E+04 0.0000E+00 2.2859E-04 1.4173E-043544 8459   64
 3.4083E+04 1.0000E+00 2.9771E-04 1.5481E-04 3.4084E+04 0.0000E+003544 8459   65
 1.6520E-03 6.6079E-04 3.4085E+04 0.0000E+00 3.4062E-03 1.0900E-033544 8459   66
 3.4086E+04 0.0000E+00 6.0481E-03 1.8749E-03 3.4087E+04 0.0000E+003544 8459   67
 5.3160E-03 2.1796E-03 3.4088E+04 0.0000E+00 3.3147E-03 2.4861E-033544 8459   68
 3.4089E+04 0.0000E+00 7.0492E-04 1.1138E-03 3.4090E+04 0.0000E+003544 8459   69
 9.7940E-05 3.3986E-04 3.4091E+04 0.0000E+00 5.7458E-06 4.3840E-053544 8459   70
 3.4092E+04 0.0000E+00 2.2313E-07 3.7240E-06 3.4093E+04 0.0000E+003544 8459   71
 3.3131E-09 1.1954E-07 3.4094E+04 0.0000E+00 3.9070E-11 3.0092E-093544 8459   72
 3.5079E+04 0.0000E+00 1.1245E-09 2.3501E-09 3.5081E+04 0.0000E+003544 8459   73
 4.2218E-05 4.1374E-05 3.5082E+04 0.0000E+00 4.9397E-09 3.4579E-093544 8459   74
 3.5082E+04 1.0000E+00 1.9986E-09 4.0132E-08 3.5083E+04 0.0000E+003544 8459   75
 5.2689E-04 2.7398E-04 3.5084E+04 0.0000E+00 1.6604E-03 6.6416E-043544 8459   76
 3.5084E+04 1.0000E+00 1.2665E-05 4.2300E-05 3.5085E+04 0.0000E+003544 8459   77
 3.8297E-03 1.2255E-03 3.5086E+04 0.0000E+00 8.6654E-03 2.2530E-033544 8459   78
 3.5087E+04 0.0000E+00 1.6712E-02 3.8438E-03 3.5088E+04 0.0000E+003544 8459   79
 2.3092E-02 5.3112E-03 3.5089E+04 0.0000E+00 2.3227E-02 6.7357E-033544 8459   80
 3.5090E+04 0.0000E+00 1.0133E-02 5.0666E-03 3.5091E+04 0.0000E+003544 8459   81
 3.5012E-03 3.5362E-03 3.5092E+04 0.0000E+00 4.5026E-04 9.7257E-043544 8459   82
 3.5093E+04 0.0000E+00 3.9074E-05 1.8286E-04 3.5094E+04 0.0000E+003544 8459   83
 1.4523E-06 1.4639E-05 3.5095E+04 0.0000E+00 4.5276E-08 9.7298E-073544 8459   84
 3.5096E+04 0.0000E+00 6.4776E-10 2.9188E-08 3.5097E+04 0.0000E+003544 8459   85
 8.8869E-12 8.2452E-10 3.6082E+04 0.0000E+00 4.9877E-09 3.4915E-093544 8459   86
 3.6083E+04 0.0000E+00 5.2689E-04 2.7398E-04 3.6083E+04 1.0000E+003544 8459   87
 5.2642E-04 2.7900E-04 3.6084E+04 0.0000E+00 1.6731E-03 6.6923E-043544 8459   88
 3.6085E+04 0.0000E+00 8.2529E-04 2.8060E-04 3.6085E+04 1.0000E+003544 8459   89
 3.8237E-03 1.2619E-03 3.6086E+04 0.0000E+00 9.1352E-03 2.3751E-033544 8459   90
 3.6087E+04 0.0000E+00 1.8631E-02 4.0989E-03 3.6088E+04 0.0000E+003544 8459   91
 3.2333E-02 6.4667E-03 3.6089E+04 0.0000E+00 4.5574E-02 9.1147E-033544 8459   92
 3.6090E+04 0.0000E+00 5.6888E-02 1.0809E-02 3.6091E+04 0.0000E+003544 8459   93
 4.9810E-02 1.0958E-02 3.6092E+04 0.0000E+00 3.2532E-02 1.1386E-023544 8459   94
 3.6093E+04 0.0000E+00 8.7125E-03 5.8374E-03 3.6094E+04 0.0000E+003544 8459   95
 1.8304E-03 2.5077E-03 3.6095E+04 0.0000E+00 1.7716E-04 5.1375E-043544 8459   96
 3.6096E+04 0.0000E+00 1.3691E-05 8.3651E-05 3.6097E+04 0.0000E+003544 8459   97
 5.4126E-07 6.8903E-06 3.6098E+04 0.0000E+00 1.7544E-08 4.5701E-073544 8459   98
 3.6099E+04 0.0000E+00 2.3387E-10 1.2260E-08 3.6100E+04 0.0000E+003544 8459   99
 2.4318E-12 2.4315E-10 3.7085E+04 0.0000E+00 3.8307E-03 1.2258E-033544 8459  100
 3.7086E+04 0.0000E+00 8.1656E-09 2.1230E-09 3.7086E+04 1.0000E+003544 8459  101
 4.3521E-09 1.2186E-09 3.7087E+04 0.0000E+00 1.8632E-02 4.0991E-033544 8459  102
 3.7088E+04 0.0000E+00 3.2378E-02 6.1518E-03 3.7089E+04 0.0000E+003544 8459  103
 4.6472E-02 7.9002E-03 3.7090E+04 0.0000E+00 5.1297E-02 8.7206E-033544 8459  104
 3.7090E+04 1.0000E+00 1.1738E-02 6.2211E-03 3.7091E+04 0.0000E+003544 8459  105
 7.7095E-02 1.4648E-02 3.7092E+04 0.0000E+00 7.9661E-02 1.5136E-023544 8459  106
 3.7093E+04 0.0000E+00 6.7018E-02 1.2733E-02 3.7094E+04 0.0000E+003544 8459  107
 3.4845E-02 9.4083E-03 3.7095E+04 0.0000E+00 1.6404E-02 7.5457E-033544 8459  108
 3.7096E+04 0.0000E+00 3.6187E-03 3.1844E-03 3.7096E+04 1.0000E+003544 8459  109
 6.6102E-06 6.6102E-06 3.7097E+04 0.0000E+00 7.3051E-04 1.3149E-033544 8459  110
 3.7098E+04 0.0000E+00 6.5529E-05 2.4049E-04 3.7098E+04 1.0000E+003544 8459  111
 1.6329E-08 1.6329E-08 3.7099E+04 0.0000E+00 4.1960E-06 3.1176E-053544 8459  112
 3.7100E+04 0.0000E+00 1.1257E-07 1.6762E-06 3.7101E+04 0.0000E+003544 8459  113
 2.5521E-09 7.5517E-08 3.7102E+04 0.0000E+00 2.2564E-11 1.3216E-093544 8459  114
 3.8086E+04 0.0000E+00 8.1652E-09 2.1229E-09 3.8087E+04 0.0000E+003544 8459  115
 1.6906E-11 3.7193E-12 3.8087E+04 1.0000E+00 1.6412E-11 3.9389E-123544 8459  116
 3.8088E+04 0.0000E+00 3.2378E-02 6.1518E-03 3.8089E+04 0.0000E+003544 8459  117
 4.6472E-02 7.9003E-03 3.8090E+04 0.0000E+00 6.2760E-02 1.0042E-023544 8459  118
 3.8091E+04 0.0000E+00 7.7613E-02 1.1642E-02 3.8092E+04 0.0000E+003544 8459  119
 8.5775E-02 1.3724E-02 3.8093E+04 0.0000E+00 8.7394E-02 1.4857E-023544 8459  120
 3.8094E+04 0.0000E+00 7.8152E-02 1.4849E-02 3.8095E+04 0.0000E+003544 8459  121
 6.9698E-02 1.2546E-02 3.8096E+04 0.0000E+00 5.7297E-02 1.2605E-023544 8459  122
 3.8097E+04 0.0000E+00 2.8847E-02 9.5196E-03 3.8098E+04 0.0000E+003544 8459  123
 1.2152E-02 7.0481E-03 3.8099E+04 0.0000E+00 2.0588E-03 2.2853E-033544 8459  124
 3.8100E+04 0.0000E+00 2.6003E-04 5.6685E-04 3.8101E+04 0.0000E+003544 8459  125
 1.5228E-05 6.6087E-05 3.8102E+04 0.0000E+00 6.1750E-07 5.3414E-063544 8459  126
 3.8103E+04 0.0000E+00 9.8326E-09 1.7050E-07 3.8104E+04 0.0000E+003544 8459  127
 1.0633E-10 3.7226E-09 3.9089E+04 0.0000E+00 4.6472E-02 7.9003E-033544 8459  128
 3.9089E+04 1.0000E+00 4.4800E-06 4.4796E-04 3.9090E+04 0.0000E+003544 8459  129
 6.2760E-02 1.0042E-02 3.9090E+04 1.0000E+00 6.6164E-10 5.2494E-083544 8459  130
 3.9091E+04 0.0000E+00 7.7613E-02 1.1642E-02 3.9091E+04 1.0000E+003544 8459  131
 4.5664E-02 8.2195E-03 3.9092E+04 0.0000E+00 8.5784E-02 1.2868E-023544 8459  132
 3.9093E+04 0.0000E+00 8.7581E-02 1.3137E-02 3.9093E+04 1.0000E+003544 8459  133
 2.2009E-02 4.4017E-03 3.9094E+04 0.0000E+00 7.9687E-02 1.1953E-023544 8459  134
 3.9095E+04 0.0000E+00 7.8862E-02 1.2618E-02 3.9096E+04 0.0000E+003544 8459  135
 6.0493E-02 1.0284E-02 3.9096E+04 1.0000E+00 1.9218E-02 1.3069E-023544 8459  136
 3.9097E+04 0.0000E+00 3.7188E-02 1.6363E-02 3.9097E+04 1.0000E+003544 8459  137
 4.0167E-02 1.1649E-02 3.9098E+04 0.0000E+00 2.4500E-02 9.8003E-033544 8459  138
 3.9098E+04 1.0000E+00 3.4337E-02 1.1331E-02 3.9099E+04 0.0000E+003544 8459  139
 3.5184E-02 8.7959E-03 3.9100E+04 0.0000E+00 2.9170E-03 2.1877E-033544 8459  140
 3.9100E+04 1.0000E+00 7.3938E-03 5.9150E-03 3.9101E+04 0.0000E+003544 8459  141
 2.6170E-03 1.8319E-03 3.9102E+04 0.0000E+00 2.6422E-04 3.5405E-043544 8459  142
 3.9102E+04 1.0000E+00 2.9177E-07 2.9177E-07 3.9103E+04 0.0000E+003544 8459  143
 1.9138E-05 5.0716E-05 3.9104E+04 0.0000E+00 5.2984E-07 2.8346E-063544 8459  144
 3.9105E+04 0.0000E+00 4.7949E-13 4.7944E-11 4.0090E+04 0.0000E+003544 8459  145
 6.2760E-02 1.0042E-02 4.0091E+04 0.0000E+00 7.7613E-02 1.1642E-023544 8459  146
 4.0092E+04 0.0000E+00 8.5784E-02 1.2868E-02 4.0093E+04 0.0000E+003544 8459  147
 8.7581E-02 1.3137E-02 4.0094E+04 0.0000E+00 7.9689E-02 1.1953E-023544 8459  148
 4.0095E+04 0.0000E+00 7.8913E-02 1.1837E-02 4.0096E+04 0.0000E+003544 8459  149
 8.0472E-02 1.2071E-02 4.0097E+04 0.0000E+00 8.2630E-02 1.3221E-023544 8459  150
 4.0098E+04 0.0000E+00 7.6819E-02 1.3828E-02 4.0099E+04 0.0000E+003544 8459  151
 6.4243E-02 1.2206E-02 4.0100E+04 0.0000E+00 4.5167E-02 9.4851E-033544 8459  152
 4.0101E+04 0.0000E+00 2.2414E-02 5.1553E-03 4.0102E+04 0.0000E+003544 8459  153
 8.5107E-03 2.7234E-03 4.0103E+04 0.0000E+00 1.4604E-03 7.4481E-043544 8459  154
 4.0104E+04 0.0000E+00 1.8150E-04 1.6698E-04 4.0105E+04 0.0000E+003544 8459  155
 4.7114E-07 3.1802E-06 4.0106E+04 0.0000E+00 1.2775E-08 1.5739E-073544 8459  156
 4.0107E+04 0.0000E+00 2.0167E-10 4.6002E-09 4.0108E+04 0.0000E+003544 8459  157
 2.1261E-12 9.0486E-11 4.0110E+04 0.0000E+00 5.2714E-11 5.6140E-103544 8459  158
 4.1093E+04 0.0000E+00 1.4644E-13 2.1966E-14 4.1093E+04 1.0000E+003544 8459  159
 1.4175E-13 2.5515E-14 4.1094E+04 0.0000E+00 3.8973E-11 5.8460E-123544 8459  160
 4.1094E+04 1.0000E+00 2.0948E-11 3.7707E-12 4.1095E+04 0.0000E+003544 8459  161
 7.8865E-02 1.1830E-02 4.1095E+04 1.0000E+00 8.5254E-04 1.5345E-043544 8459  162
 4.1096E+04 0.0000E+00 3.3858E-07 5.0786E-08 4.1097E+04 0.0000E+003544 8459  163
 8.2643E-02 1.2396E-02 4.1097E+04 1.0000E+00 7.8542E-02 1.4137E-023544 8459  164
 4.1098E+04 0.0000E+00 7.6875E-02 1.1532E-02 4.1098E+04 1.0000E+003544 8459  165
 1.1118E-04 6.1482E-04 4.1099E+04 0.0000E+00 4.2055E-02 6.7288E-033544 8459  166
 4.1099E+04 1.0000E+00 2.3977E-02 5.2749E-03 4.1100E+04 0.0000E+003544 8459  167
 4.6163E-02 8.3094E-03 4.1100E+04 1.0000E+00 2.7707E-03 3.6851E-033544 8459  168
 4.1101E+04 0.0000E+00 3.0950E-02 6.4995E-03 4.1102E+04 0.0000E+003544 8459  169
 1.2030E-02 2.8873E-03 4.1102E+04 1.0000E+00 4.0166E-03 2.3296E-033544 8459  170
 4.1103E+04 0.0000E+00 6.4880E-03 1.7517E-03 4.1104E+04 0.0000E+003544 8459  171
 1.2074E-03 7.9686E-04 4.1104E+04 1.0000E+00 3.8027E-04 2.8901E-043544 8459  172
 4.1105E+04 0.0000E+00 3.0894E-04 1.9773E-04 4.1106E+04 0.0000E+003544 8459  173
 3.7884E-05 3.7884E-05 4.1107E+04 0.0000E+00 2.9366E-06 4.9041E-063544 8459  174
 4.1108E+04 0.0000E+00 1.6037E-07 4.6348E-07 4.1109E+04 0.0000E+003544 8459  175
 9.6167E-09 4.8949E-08 4.1110E+04 0.0000E+00 3.6471E-08 8.8623E-083544 8459  176
 4.1111E+04 0.0000E+00 1.6567E-09 8.0678E-09 4.1112E+04 0.0000E+003544 8459  177
 3.6898E-11 4.3392E-10 4.1113E+04 0.0000E+00 4.1877E-13 1.2069E-113544 8459  178
 4.2094E+04 0.0000E+00 1.0476E-13 1.5714E-14 4.2095E+04 0.0000E+003544 8459  179
 7.8913E-02 1.1837E-02 4.2096E+04 0.0000E+00 3.3859E-07 5.0787E-083544 8459  180
 4.2097E+04 0.0000E+00 8.2643E-02 1.2396E-02 4.2098E+04 0.0000E+003544 8459  181
 7.6986E-02 1.1548E-02 4.2099E+04 0.0000E+00 6.5554E-02 1.0489E-023544 8459  182
 4.2100E+04 0.0000E+00 4.8965E-02 8.3241E-03 4.2101E+04 0.0000E+003544 8459  183
 3.1146E-02 5.9178E-03 4.2102E+04 0.0000E+00 1.6840E-02 3.7048E-033544 8459  184
 4.2103E+04 0.0000E+00 7.7330E-03 2.0879E-03 4.2104E+04 0.0000E+003544 8459  185
 2.9832E-03 1.0441E-03 4.2105E+04 0.0000E+00 9.8504E-04 4.3341E-043544 8459  186
 4.2106E+04 0.0000E+00 2.6756E-04 1.6320E-04 4.2107E+04 0.0000E+003544 8459  187
 5.9518E-05 5.1781E-05 4.2108E+04 0.0000E+00 1.1533E-05 1.4186E-053544 8459  188
 4.2109E+04 0.0000E+00 2.8566E-06 4.5420E-06 4.2110E+04 0.0000E+003544 8459  189
 1.3140E-06 2.1811E-06 4.2111E+04 0.0000E+00 2.8250E-07 5.1697E-073544 8459  190
 4.2112E+04 0.0000E+00 3.0356E-08 7.7103E-08 4.2113E+04 0.0000E+003544 8459  191
 1.6365E-09 8.2317E-09 4.2114E+04 0.0000E+00 4.6826E-11 5.3616E-103544 8459  192
 4.2115E+04 0.0000E+00 7.5381E-13 1.9810E-11 4.3098E+04 0.0000E+003544 8459  193
 4.4533E-13 6.6798E-14 4.3099E+04 0.0000E+00 6.5552E-02 1.0489E-023544 8459  194
 4.3099E+04 1.0000E+00 5.7727E-02 1.0968E-02 4.3100E+04 0.0000E+003544 8459  195
 3.9944E-09 6.7905E-10 4.3101E+04 0.0000E+00 3.1147E-02 5.9178E-033544 8459  196
 4.3102E+04 0.0000E+00 1.6841E-02 3.7050E-03 4.3102E+04 1.0000E+003544 8459  197
 1.2800E-06 1.5885E-05 4.3103E+04 0.0000E+00 7.7469E-03 2.0917E-033544 8459  198
 4.3104E+04 0.0000E+00 3.0247E-03 1.0284E-03 4.3105E+04 0.0000E+003544 8459  199
 9.9544E-04 4.4795E-04 4.3106E+04 0.0000E+00 2.8000E-04 1.7080E-043544 8459  200
 4.3107E+04 0.0000E+00 6.9145E-05 6.0156E-05 4.3108E+04 0.0000E+003544 8459  201
 1.7040E-05 2.0959E-05 4.3109E+04 0.0000E+00 6.5157E-06 1.0164E-053544 8459  202
 4.3110E+04 0.0000E+00 4.4661E-06 7.4137E-06 4.3111E+04 0.0000E+003544 8459  203
 3.0452E-06 5.0247E-06 4.3112E+04 0.0000E+00 1.2932E-06 2.1079E-063544 8459  204
 4.3113E+04 0.0000E+00 2.9792E-07 5.3328E-07 4.3114E+04 0.0000E+003544 8459  205
 3.6784E-08 9.0857E-08 4.3115E+04 0.0000E+00 2.5097E-09 1.1595E-083544 8459  206
 4.3116E+04 0.0000E+00 9.7905E-11 9.6731E-10 4.3117E+04 0.0000E+003544 8459  207
 2.2356E-12 4.8156E-11 4.4099E+04 0.0000E+00 2.1359E-06 2.1359E-063544 8459  208
 4.4100E+04 0.0000E+00 3.9944E-09 6.7906E-10 4.4101E+04 0.0000E+003544 8459  209
 3.1147E-02 5.9178E-03 4.4102E+04 0.0000E+00 1.6842E-02 3.7053E-033544 8459  210
 4.4103E+04 0.0000E+00 7.7469E-03 2.0917E-03 4.4103E+04 1.0000E+003544 8459  211
 3.2238E-09 1.2367E-07 4.4104E+04 0.0000E+00 3.0248E-03 1.0284E-033544 8459  212
 4.4105E+04 0.0000E+00 9.9544E-04 4.3799E-04 4.4106E+04 0.0000E+003544 8459  213
 2.8000E-04 1.7080E-04 4.4107E+04 0.0000E+00 6.9148E-05 6.0159E-053544 8459  214
 4.4108E+04 0.0000E+00 1.7054E-05 2.0977E-05 4.4109E+04 0.0000E+003544 8459  215
 6.5391E-06 1.0201E-05 4.4110E+04 0.0000E+00 5.0774E-06 8.4284E-063544 8459  216
 4.4111E+04 0.0000E+00 5.1706E-06 8.5315E-06 4.4112E+04 0.0000E+003544 8459  217
 4.8492E-06 7.8559E-06 4.4113E+04 0.0000E+00 3.3738E-06 5.3980E-063544 8459  218
 4.4114E+04 0.0000E+00 1.5013E-06 2.3722E-06 4.4115E+04 0.0000E+003544 8459  219
 3.9215E-07 6.7842E-07 4.4116E+04 0.0000E+00 5.9500E-08 1.3447E-073544 8459  220
 4.4117E+04 0.0000E+00 5.2670E-09 2.0489E-08 4.4118E+04 0.0000E+003544 8459  221
 2.7334E-10 2.1457E-09 4.4119E+04 0.0000E+00 8.2927E-12 1.3749E-103544 8459  222
 4.4120E+04 0.0000E+00 1.4534E-13 5.1307E-12 4.5103E+04 0.0000E+003544 8459  223
 7.7469E-03 2.0917E-03 4.5103E+04 1.0000E+00 7.6541E-03 2.1431E-033544 8459  224
 4.5104E+04 0.0000E+00 4.1256E-12 1.4027E-12 4.5104E+04 1.0000E+003544 8459  225
 2.7467E-12 9.6134E-13 4.5105E+04 0.0000E+00 9.9544E-04 4.3799E-043544 8459  226
 4.5105E+04 1.0000E+00 2.8258E-04 1.2999E-04 4.5106E+04 0.0000E+003544 8459  227
 2.8000E-04 1.7080E-04 4.5107E+04 0.0000E+00 6.9148E-05 6.0159E-053544 8459  228
 4.5108E+04 0.0000E+00 1.7054E-05 2.0977E-05 4.5109E+04 0.0000E+003544 8459  229
 6.5391E-06 1.0201E-05 4.5110E+04 0.0000E+00 5.0781E-06 8.4297E-063544 8459  230
 4.5110E+04 1.0000E+00 6.6862E-09 4.5400E-08 4.5111E+04 0.0000E+003544 8459  231
 5.2888E-06 8.7265E-06 4.5112E+04 0.0000E+00 5.6504E-06 9.1537E-063544 8459  232
 4.5113E+04 0.0000E+00 5.8645E-06 9.3832E-06 4.5114E+04 0.0000E+003544 8459  233
 2.5524E-06 4.0839E-06 4.5114E+04 1.0000E+00 2.9203E-06 9.2282E-063544 8459  234
 4.5115E+04 0.0000E+00 3.9426E-06 6.1504E-06 4.5116E+04 0.0000E+003544 8459  235
 6.8503E-07 1.9866E-06 4.5116E+04 1.0000E+00 1.2439E-06 3.9432E-063544 8459  236
 4.5117E+04 0.0000E+00 5.9441E-07 9.8673E-07 4.5118E+04 0.0000E+003544 8459  237
 1.1125E-07 2.2583E-07 4.5119E+04 0.0000E+00 1.2401E-08 3.9187E-083544 8459  238
 4.5120E+04 0.0000E+00 8.0892E-10 4.8858E-09 4.5121E+04 0.0000E+003544 8459  239
 3.0252E-11 3.7815E-10 4.5122E+04 0.0000E+00 6.3195E-13 1.6791E-113544 8459  240
 4.6104E+04 0.0000E+00 4.1106E-12 4.1106E-12 4.6105E+04 0.0000E+003544 8459  241
 9.9544E-04 4.3799E-04 4.6106E+04 0.0000E+00 2.8000E-04 1.7080E-043544 8459  242
 4.6107E+04 0.0000E+00 6.9148E-05 6.0159E-05 4.6108E+04 0.0000E+003544 8459  243
 1.7054E-05 2.0977E-05 4.6109E+04 0.0000E+00 6.5391E-06 1.0201E-053544 8459  244
 4.6109E+04 1.0000E+00 3.2696E-06 3.2696E-06 4.6110E+04 0.0000E+003544 8459  245
 5.0848E-06 8.4408E-06 4.6111E+04 0.0000E+00 5.2891E-06 8.7270E-063544 8459  246
 4.6111E+04 1.0000E+00 1.9588E-10 2.7286E-09 4.6112E+04 0.0000E+003544 8459  247
 5.6619E-06 9.1723E-06 4.6113E+04 0.0000E+00 6.0130E-06 9.6209E-063544 8459  248
 4.6113E+04 1.0000E+00 9.0712E-08 3.5377E-07 4.6114E+04 0.0000E+003544 8459  249
 6.3336E-06 1.0007E-05 4.6115E+04 0.0000E+00 5.9298E-06 9.2504E-063544 8459  250
 4.6115E+04 1.0000E+00 5.7247E-07 5.7247E-07 4.6116E+04 0.0000E+003544 8459  251
 6.0239E-06 9.3371E-06 4.6117E+04 0.0000E+00 4.5942E-06 7.1209E-063544 8459  252
 4.6118E+04 0.0000E+00 2.5225E-06 3.9099E-06 4.6119E+04 0.0000E+003544 8459  253
 9.1562E-07 1.4742E-06 4.6120E+04 0.0000E+00 2.0618E-07 3.8348E-073544 8459  254
 4.6121E+04 0.0000E+00 2.7702E-08 7.2580E-08 4.6122E+04 0.0000E+003544 8459  255
 2.1443E-09 1.0035E-08 4.6123E+04 0.0000E+00 9.2384E-11 8.8319E-103544 8459  256
 4.6124E+04 0.0000E+00 2.1602E-12 4.4350E-11 4.7109E+04 0.0000E+003544 8459  257
 6.5391E-06 1.0201E-05 4.7109E+04 1.0000E+00 6.5360E-06 1.0262E-053544 8459  258
 4.7111E+04 0.0000E+00 5.2629E-06 8.6837E-06 4.7111E+04 1.0000E+003544 8459  259
 5.2519E-06 8.6657E-06 4.7112E+04 0.0000E+00 5.6619E-06 9.1724E-063544 8459  260
 4.7113E+04 0.0000E+00 3.9569E-06 6.3311E-06 4.7113E+04 1.0000E+003544 8459  261
 5.7128E-06 9.1407E-06 4.7114E+04 0.0000E+00 6.3454E-06 1.0026E-053544 8459  262
 4.7114E+04 1.0000E+00 6.3159E-09 4.0043E-08 4.7115E+04 0.0000E+003544 8459  263
 4.8220E-06 1.9095E-05 4.7115E+04 1.0000E+00 2.2338E-06 3.4848E-063544 8459  264
 4.7116E+04 0.0000E+00 6.3356E-06 9.8202E-06 4.7116E+04 1.0000E+003544 8459  265
 4.2776E-07 1.4159E-06 4.7117E+04 0.0000E+00 2.9365E-06 4.5514E-063544 8459  266
 4.7117E+04 1.0000E+00 4.0430E-06 6.5495E-06 4.7118E+04 0.0000E+003544 8459  267
 5.0670E-06 7.8539E-06 4.7118E+04 1.0000E+00 2.1219E-06 4.0952E-063544 8459  268
 4.7119E+04 0.0000E+00 4.6356E-06 7.2315E-06 4.7119E+04 1.0000E+003544 8459  269
 4.5781E-07 4.5781E-07 4.7120E+04 0.0000E+00 2.2031E-06 5.0451E-063544 8459  270
 4.7120E+04 1.0000E+00 1.4547E-06 4.5968E-06 4.7121E+04 0.0000E+003544 8459  271
 1.3021E-06 2.0834E-06 4.7122E+04 0.0000E+00 2.2566E-07 7.9659E-073544 8459  272
 4.7122E+04 1.0000E+00 1.1578E-07 4.1333E-07 4.7123E+04 0.0000E+003544 8459  273
 5.2959E-08 1.2074E-07 4.7124E+04 0.0000E+00 4.6793E-09 1.7734E-083544 8459  274
 4.7125E+04 0.0000E+00 1.6272E-13 8.9770E-12 4.8111E+04 0.0000E+003544 8459  275
 5.2892E-06 8.7272E-06 4.8112E+04 0.0000E+00 5.6619E-06 9.1724E-063544 8459  276
 4.8113E+04 0.0000E+00 5.9452E-06 9.5125E-06 4.8113E+04 1.0000E+003544 8459  277
 6.8411E-08 1.0946E-07 4.8114E+04 0.0000E+00 6.3454E-06 1.0026E-053544 8459  278
 4.8115E+04 0.0000E+00 6.2575E-06 9.7615E-06 4.8115E+04 1.0000E+003544 8459  279
 3.2948E-07 1.3278E-06 4.8116E+04 0.0000E+00 6.7454E-06 1.0455E-053544 8459  280
 4.8117E+04 0.0000E+00 5.3243E-06 8.4126E-06 4.8117E+04 1.0000E+003544 8459  281
 1.4940E-06 2.3157E-06 4.8118E+04 0.0000E+00 6.7863E-06 1.0519E-053544 8459  282
 4.8119E+04 0.0000E+00 3.2691E-06 5.0998E-06 4.8119E+04 1.0000E+003544 8459  283
 3.3719E-06 5.9685E-06 4.8120E+04 0.0000E+00 6.2269E-06 9.7761E-063544 8459  284
 4.8121E+04 0.0000E+00 2.4089E-06 4.2397E-06 4.8121E+04 1.0000E+003544 8459  285
 2.8114E-06 8.9402E-06 4.8122E+04 0.0000E+00 3.4813E-06 5.6049E-063544 8459  286
 4.8123E+04 0.0000E+00 6.5690E-07 1.4847E-06 4.8123E+04 1.0000E+003544 8459  287
 9.7220E-07 3.2375E-06 4.8124E+04 0.0000E+00 4.8809E-07 8.5416E-073544 8459  288
 4.8125E+04 0.0000E+00 9.5369E-09 5.1021E-08 4.8125E+04 1.0000E+003544 8459  289
 1.4961E-08 1.1236E-07 4.8126E+04 0.0000E+00 8.8097E-09 5.0480E-083544 8459  290
 4.8127E+04 0.0000E+00 4.7312E-09 4.4048E-08 4.8128E+04 0.0000E+003544 8459  291
 2.2519E-09 3.5287E-08 4.8129E+04 0.0000E+00 7.0249E-10 1.8862E-083544 8459  292
 4.8130E+04 0.0000E+00 1.3248E-10 6.1818E-09 4.8131E+04 0.0000E+003544 8459  293
 8.3074E-08 8.3490E-07 4.8132E+04 0.0000E+00 5.7492E-09 1.2660E-073544 8459  294
 4.9113E+04 0.0000E+00 6.8315E-08 1.0930E-07 4.9115E+04 0.0000E+003544 8459  295
 6.2741E-06 9.7877E-06 4.9115E+04 1.0000E+00 6.2576E-06 9.7620E-063544 8459  296
 4.9116E+04 0.0000E+00 1.0338E-12 1.6024E-12 4.9116E+04 1.0000E+003544 8459  297
 2.9486E-12 4.5703E-12 4.9116E+04 2.0000E+00 8.9469E-13 1.3868E-123544 8459  298
 4.9117E+04 0.0000E+00 4.2252E-06 6.5492E-06 4.9117E+04 1.0000E+003544 8459  299
 4.9021E-06 7.5984E-06 4.9118E+04 0.0000E+00 6.7872E-06 1.0521E-053544 8459  300
 4.9118E+04 1.0000E+00 2.5179E-09 2.4852E-08 4.9118E+04 2.0000E+003544 8459  301
 7.6728E-10 9.9439E-09 4.9119E+04 0.0000E+00 3.8775E-06 6.0487E-063544 8459  302
 4.9119E+04 1.0000E+00 2.9687E-06 4.6312E-06 4.9120E+04 0.0000E+003544 8459  303
 6.2923E-06 9.8790E-06 4.9120E+04 1.0000E+00 1.3007E-07 7.0886E-073544 8459  304
 4.9120E+04 2.0000E+00 5.6657E-08 3.0878E-07 4.9121E+04 0.0000E+003544 8459  305
 4.3372E-06 6.8961E-06 4.9121E+04 1.0000E+00 1.8722E-06 2.9768E-063544 8459  306
 4.9122E+04 0.0000E+00 4.0673E-06 6.5482E-06 4.9122E+04 1.0000E+003544 8459  307
 1.1641E-06 5.6808E-06 4.9122E+04 2.0000E+00 5.0708E-07 2.4746E-063544 8459  308
 4.9123E+04 0.0000E+00 3.6094E-06 1.0828E-05 4.9123E+04 1.0000E+003544 8459  309
 1.3081E-06 2.2760E-06 4.9124E+04 0.0000E+00 1.5301E-06 3.5804E-063544 8459  310
 4.9124E+04 1.0000E+00 2.0117E-06 6.7190E-06 4.9125E+04 0.0000E+003544 8459  311
 2.3244E-06 7.7170E-06 4.9125E+04 1.0000E+00 7.9925E-07 2.5895E-063544 8459  312
 4.9126E+04 0.0000E+00 1.2393E-06 3.6313E-06 4.9126E+04 1.0000E+003544 8459  313
 2.3756E-06 7.0081E-06 4.9127E+04 0.0000E+00 5.0765E-06 1.2285E-053544 8459  314
 4.9127E+04 1.0000E+00 1.7541E-06 4.2273E-06 4.9128E+04 0.0000E+003544 8459  315
 1.2362E-05 3.0533E-05 4.9128E+04 1.0000E+00 4.2197E-06 1.0423E-053544 8459  316
 4.9129E+04 0.0000E+00 1.1669E-05 4.0957E-05 4.9129E+04 1.0000E+003544 8459  317
 4.0220E-06 1.4117E-05 4.9130E+04 0.0000E+00 4.3850E-06 3.8018E-053544 8459  318
 4.9130E+04 1.0000E+00 6.5537E-06 5.6886E-05 4.9130E+04 2.0000E+003544 8459  319
 1.8356E-06 1.5933E-05 4.9131E+04 0.0000E+00 3.3341E-05 1.5903E-043544 8459  320
 4.9131E+04 1.0000E+00 1.1441E-05 5.4689E-05 4.9131E+04 2.0000E+003544 8459  321
 6.7892E-06 3.2452E-05 4.9132E+04 0.0000E+00 1.1169E-05 3.7194E-053544 8459  322
 4.9133E+04 0.0000E+00 1.3410E-06 9.7762E-06 4.9134E+04 0.0000E+003544 8459  323
 4.9231E-08 8.0591E-07 4.9135E+04 0.0000E+00 1.2090E-09 4.5314E-083544 8459  324
 5.0115E+04 0.0000E+00 3.1288E-07 4.8810E-07 5.0116E+04 0.0000E+003544 8459  325
 3.9825E-12 6.1728E-12 5.0117E+04 0.0000E+00 6.8185E-06 1.0568E-053544 8459  326
 5.0117E+04 1.0000E+00 1.4396E-08 2.2313E-08 5.0118E+04 0.0000E+003544 8459  327
 6.7898E-06 1.0524E-05 5.0119E+04 0.0000E+00 6.6800E-06 1.0421E-053544 8459  328
 5.0119E+04 1.0000E+00 3.5029E-06 5.4646E-06 5.0120E+04 0.0000E+003544 8459  329
 6.4802E-06 1.0174E-05 5.0121E+04 0.0000E+00 6.0901E-06 9.6223E-063544 8459  330
 5.0121E+04 1.0000E+00 5.0073E-07 7.9115E-07 5.0122E+04 0.0000E+003544 8459  331
 5.8573E-06 9.4303E-06 5.0123E+04 0.0000E+00 6.0806E-07 1.6964E-063544 8459  332
 5.0123E+04 1.0000E+00 4.8545E-06 8.4469E-06 5.0124E+04 0.0000E+003544 8459  333
 5.0715E-06 8.4187E-06 5.0125E+04 0.0000E+00 1.7733E-06 2.9260E-063544 8459  334
 5.0125E+04 1.0000E+00 3.6111E-06 7.4389E-06 5.0126E+04 0.0000E+003544 8459  335
 9.4468E-06 1.3415E-05 5.0127E+04 0.0000E+00 1.7538E-05 3.5251E-053544 8459  336
 5.0127E+04 1.0000E+00 1.4758E-05 2.1989E-05 5.0128E+04 0.0000E+003544 8459  337
 1.2883E-04 9.5341E-05 5.0128E+04 1.0000E+00 6.9802E-05 9.8423E-053544 8459  338
 5.0129E+04 0.0000E+00 1.7825E-04 1.8894E-04 5.0129E+04 1.0000E+003544 8459  339
 2.5820E-04 2.7111E-04 5.0130E+04 0.0000E+00 4.5008E-04 4.0057E-043544 8459  340
 5.0130E+04 1.0000E+00 6.7350E-04 5.9941E-04 5.0131E+04 0.0000E+003544 8459  341
 7.5904E-04 6.1482E-04 5.0131E+04 1.0000E+00 1.1321E-03 9.2830E-043544 8459  342
 5.0132E+04 0.0000E+00 1.9704E-03 1.1625E-03 5.0133E+04 0.0000E+003544 8459  343
 7.1548E-04 8.0849E-04 5.0134E+04 0.0000E+00 1.5783E-04 3.8194E-043544 8459  344
 5.0135E+04 0.0000E+00 1.4060E-05 7.5645E-05 5.0136E+04 0.0000E+003544 8459  345
 7.1297E-07 8.7268E-06 5.0137E+04 0.0000E+00 1.1219E-08 3.1772E-073544 8459  346
 5.1120E+04 0.0000E+00 1.3139E-13 2.0628E-13 5.1120E+04 1.0000E+003544 8459  347
 1.1371E-13 1.7852E-13 5.1121E+04 0.0000E+00 6.2023E-06 9.7996E-063544 8459  348
 5.1122E+04 0.0000E+00 3.3944E-10 5.4650E-10 5.1122E+04 1.0000E+003544 8459  349
 1.3800E-10 2.2218E-10 5.1123E+04 0.0000E+00 5.4681E-06 8.9129E-063544 8459  350
 5.1124E+04 0.0000E+00 4.5492E-08 7.5516E-08 5.1124E+04 1.0000E+003544 8459  351
 3.3631E-08 5.5827E-08 5.1124E+04 2.0000E+00 1.0499E-08 1.7429E-083544 8459  352
 5.1125E+04 0.0000E+00 5.3915E-06 8.8422E-06 5.1126E+04 0.0000E+003544 8459  353
 1.6268E-08 2.3102E-08 5.1126E+04 1.0000E+00 4.8540E-08 6.8929E-083544 8459  354
 5.1126E+04 2.0000E+00 1.8287E-08 2.5967E-08 5.1127E+04 0.0000E+003544 8459  355
 3.3065E-05 3.4387E-05 5.1128E+04 0.0000E+00 1.3596E-04 2.2026E-043544 8459  356
 5.1128E+04 1.0000E+00 2.9424E-06 2.1479E-06 5.1129E+04 0.0000E+003544 8459  357
 4.3454E-04 2.3030E-04 5.1129E+04 1.0000E+00 1.1371E-04 1.9330E-043544 8459  358
 5.1130E+04 0.0000E+00 1.0036E-03 4.1147E-04 5.1130E+04 1.0000E+003544 8459  359
 7.4126E-04 5.3371E-04 5.1131E+04 0.0000E+00 4.5190E-03 1.4461E-033544 8459  360
 5.1132E+04 0.0000E+00 6.3381E-03 1.8380E-03 5.1132E+04 1.0000E+003544 8459  361
 1.8296E-03 1.0063E-03 5.1133E+04 0.0000E+00 1.0727E-02 3.1109E-033544 8459  362
 5.1134E+04 0.0000E+00 2.5737E-03 2.1619E-03 5.1134E+04 1.0000E+003544 8459  363
 3.6526E-03 3.1778E-03 5.1135E+04 0.0000E+00 3.0315E-03 2.5161E-033544 8459  364
 5.1136E+04 0.0000E+00 5.2315E-04 9.2597E-04 5.1137E+04 0.0000E+003544 8459  365
 5.4700E-05 2.1607E-04 5.1138E+04 0.0000E+00 1.8474E-06 1.6719E-053544 8459  366
 5.1139E+04 0.0000E+00 4.2143E-08 8.8671E-07 5.2122E+04 0.0000E+003544 8459  367
 3.3066E-10 5.3236E-10 5.2123E+04 0.0000E+00 2.7079E-12 4.4139E-123544 8459  368
 5.2123E+04 1.0000E+00 1.8444E-12 3.0249E-12 5.2124E+04 0.0000E+003544 8459  369
 5.3999E-08 8.9638E-08 5.2125E+04 0.0000E+00 5.3915E-06 8.8422E-063544 8459  370
 5.2125E+04 1.0000E+00 1.2065E-06 1.9785E-06 5.2126E+04 0.0000E+003544 8459  371
 5.8013E-08 8.2378E-08 5.2127E+04 0.0000E+00 3.2934E-05 3.4252E-053544 8459  372
 5.2127E+04 1.0000E+00 5.4490E-06 5.7215E-06 5.2128E+04 0.0000E+003544 8459  373
 1.3880E-04 1.0133E-04 5.2129E+04 0.0000E+00 4.6962E-04 2.4420E-043544 8459  374
 5.2129E+04 1.0000E+00 1.6654E-04 8.9932E-05 5.2130E+04 0.0000E+003544 8459  375
 1.7462E-03 6.8101E-04 5.2131E+04 0.0000E+00 4.4065E-03 1.3219E-033544 8459  376
 5.2131E+04 1.0000E+00 5.8952E-04 4.2445E-04 5.2132E+04 0.0000E+003544 8459  377
 1.1505E-02 2.7612E-03 5.2133E+04 0.0000E+00 1.5114E-02 3.4761E-033544 8459  378
 5.2133E+04 1.0000E+00 9.1365E-03 3.9288E-03 5.2134E+04 0.0000E+003544 8459  379
 3.6663E-02 7.6993E-03 5.2135E+04 0.0000E+00 3.9661E-02 8.7254E-033544 8459  380
 5.2136E+04 0.0000E+00 3.2668E-02 1.0780E-02 5.2137E+04 0.0000E+003544 8459  381
 1.0643E-02 6.4924E-03 5.2138E+04 0.0000E+00 2.2529E-03 2.9063E-033544 8459  382
 5.2139E+04 0.0000E+00 1.9594E-04 5.6039E-04 5.2140E+04 0.0000E+003544 8459  383
 1.1618E-05 7.6217E-05 5.2141E+04 0.0000E+00 3.0277E-07 4.6415E-063544 8459  384
 5.2142E+04 0.0000E+00 4.6130E-09 1.6792E-07 5.3127E+04 0.0000E+003544 8459  385
 3.3065E-05 3.4387E-05 5.3129E+04 0.0000E+00 5.3124E-04 2.7625E-043544 8459  386
 5.3130E+04 0.0000E+00 1.7616E-12 6.8699E-13 5.3130E+04 1.0000E+003544 8459  387
 7.5424E-13 3.0170E-13 5.3131E+04 0.0000E+00 4.8738E-03 1.4622E-033544 8459  388
 5.3132E+04 0.0000E+00 1.1537E-02 2.7689E-03 5.3132E+04 1.0000E+003544 8459  389
 1.8709E-05 8.7557E-05 5.3133E+04 0.0000E+00 2.3205E-02 4.6410E-033544 8459  390
 5.3133E+04 1.0000E+00 1.3950E-04 3.2503E-04 5.3134E+04 0.0000E+003544 8459  391
 3.9969E-02 7.1945E-03 5.3134E+04 1.0000E+00 9.8256E-04 2.2599E-043544 8459  392
 5.3135E+04 0.0000E+00 5.6758E-02 1.0216E-02 5.3136E+04 0.0000E+003544 8459  393
 4.8882E-02 9.2877E-03 5.3136E+04 1.0000E+00 1.8482E-02 8.3168E-033544 8459  394
 5.3137E+04 0.0000E+00 6.0264E-02 1.2053E-02 5.3138E+04 0.0000E+003544 8459  395
 3.0865E-02 8.3335E-03 5.3139E+04 0.0000E+00 1.4076E-02 6.3344E-033544 8459  396
 5.3140E+04 0.0000E+00 2.8684E-03 2.6389E-03 5.3141E+04 0.0000E+003544 8459  397
 5.1350E-04 1.0476E-03 5.3142E+04 0.0000E+00 3.2721E-05 1.5280E-043544 8459  398
 5.3143E+04 0.0000E+00 1.1273E-06 1.2400E-05 5.3144E+04 0.0000E+003544 8459  399
 1.1556E-08 3.0449E-07 5.4130E+04 0.0000E+00 1.8822E-12 7.3408E-133544 8459  400
 5.4131E+04 0.0000E+00 4.8738E-03 1.4622E-03 5.4131E+04 1.0000E+003544 8459  401
 5.2939E-05 1.6940E-05 5.4132E+04 0.0000E+00 1.1540E-02 2.7695E-033544 8459  402
 5.4133E+04 0.0000E+00 2.3207E-02 4.6414E-03 5.4133E+04 1.0000E+003544 8459  403
 6.6141E-04 1.5212E-04 5.4134E+04 0.0000E+00 4.0034E-02 7.2062E-033544 8459  404
 5.4134E+04 1.0000E+00 4.8277E-05 1.6414E-05 5.4135E+04 0.0000E+003544 8459  405
 5.7290E-02 9.1665E-03 5.4135E+04 1.0000E+00 9.7306E-03 2.3353E-033544 8459  406
 5.4136E+04 0.0000E+00 7.6814E-02 1.2290E-02 5.4137E+04 0.0000E+003544 8459  407
 7.7760E-02 1.3996E-02 5.4138E+04 0.0000E+00 7.9660E-02 1.5135E-023544 8459  408
 5.4139E+04 0.0000E+00 7.0969E-02 1.2774E-02 5.4140E+04 0.0000E+003544 8459  409
 6.0311E-02 1.3268E-02 5.4141E+04 0.0000E+00 3.2100E-02 1.0914E-023544 8459  410
 5.4142E+04 0.0000E+00 1.2728E-02 8.4007E-03 5.4143E+04 0.0000E+003544 8459  411
 1.7233E-03 2.4643E-03 5.4144E+04 0.0000E+00 1.3804E-04 4.5415E-043544 8459  412
 5.4145E+04 0.0000E+00 4.4461E-06 3.4636E-05 5.4146E+04 0.0000E+003544 8459  413
 7.5649E-08 1.4275E-06 5.4147E+04 0.0000E+00 3.4820E-10 1.6212E-083544 8459  414
 5.5132E+04 0.0000E+00 4.0061E-13 9.6144E-14 5.5133E+04 0.0000E+003544 8459  415
 2.3207E-02 4.6414E-03 5.5134E+04 0.0000E+00 6.3106E-09 1.1359E-093544 8459  416
 5.5134E+04 1.0000E+00 1.3228E-09 2.6456E-10 5.5135E+04 0.0000E+003544 8459  417
 5.7349E-02 9.1758E-03 5.5135E+04 1.0000E+00 1.1017E-07 2.5923E-063544 8459  418
 5.5136E+04 0.0000E+00 1.0248E-05 1.5371E-06 5.5136E+04 1.0000E+003544 8459  419
 2.7743E-06 5.2711E-07 5.5137E+04 0.0000E+00 7.7971E-02 1.1696E-023544 8459  420
 5.5138E+04 0.0000E+00 8.0964E-02 1.2145E-02 5.5138E+04 1.0000E+003544 8459  421
 6.6381E-04 1.6662E-03 5.5139E+04 0.0000E+00 7.8851E-02 1.2617E-023544 8459  422
 5.5140E+04 0.0000E+00 7.9561E-02 1.3525E-02 5.5141E+04 0.0000E+003544 8459  423
 7.8406E-02 1.4897E-02 5.5142E+04 0.0000E+00 6.0926E-02 1.2794E-023544 8459  424
 5.5143E+04 0.0000E+00 3.6476E-02 9.8487E-03 5.5144E+04 0.0000E+003544 8459  425
 9.7103E-03 4.6609E-03 5.5144E+04 1.0000E+00 1.1115E-07 1.1115E-073544 8459  426
 5.5145E+04 0.0000E+00 2.1901E-03 2.1901E-03 5.5146E+04 0.0000E+003544 8459  427
 1.6493E-04 3.7769E-04 5.5147E+04 0.0000E+00 6.6844E-06 3.6564E-053544 8459  428
 5.5148E+04 0.0000E+00 7.2578E-08 9.7255E-07 5.5149E+04 0.0000E+003544 8459  429
 4.1860E-10 1.4019E-08 5.5150E+04 0.0000E+00 6.2944E-13 5.3666E-113544 8459  430
 5.6134E+04 0.0000E+00 6.3106E-09 1.1359E-09 5.6135E+04 0.0000E+003544 8459  431
 1.2855E-11 2.0568E-12 5.6135E+04 1.0000E+00 9.2011E-12 9.2002E-103544 8459  432
 5.6136E+04 0.0000E+00 1.1636E-05 1.7455E-06 5.6136E+04 1.0000E+003544 8459  433
 1.0583E-09 1.5874E-10 5.6137E+04 0.0000E+00 7.7971E-02 1.1696E-023544 8459  434
 5.6137E+04 1.0000E+00 7.3604E-02 1.3248E-02 5.6138E+04 0.0000E+003544 8459  435
 8.1094E-02 1.2164E-02 5.6139E+04 0.0000E+00 7.8908E-02 1.1836E-023544 8459  436
 5.6140E+04 0.0000E+00 8.0298E-02 1.2044E-02 5.6141E+04 0.0000E+003544 8459  437
 8.3386E-02 1.3342E-02 5.6142E+04 0.0000E+00 8.6097E-02 1.6358E-023544 8459  438
 5.6143E+04 0.0000E+00 8.0937E-02 1.6187E-02 5.6144E+04 0.0000E+003544 8459  439
 6.7274E-02 1.2782E-02 5.6145E+04 0.0000E+00 4.0138E-02 9.2319E-033544 8459  440
 5.6146E+04 0.0000E+00 1.7851E-02 6.6051E-03 5.6147E+04 0.0000E+003544 8459  441
 2.8829E-03 2.0757E-03 5.6148E+04 0.0000E+00 2.5810E-04 4.1297E-043544 8459  442
 5.6149E+04 0.0000E+00 7.6715E-06 2.9228E-05 5.6150E+04 0.0000E+003544 8459  443
 1.1810E-07 1.1136E-06 5.6151E+04 0.0000E+00 6.1476E-10 1.4656E-083544 8459  444
 5.6152E+04 0.0000E+00 1.4090E-12 8.6513E-11 5.7137E+04 0.0000E+003544 8459  445
 6.2388E-13 9.3582E-14 5.7138E+04 0.0000E+00 6.6957E-11 1.0044E-113544 8459  446
 5.7139E+04 0.0000E+00 7.8908E-02 1.1836E-02 5.7140E+04 0.0000E+003544 8459  447
 8.0298E-02 1.2044E-02 5.7141E+04 0.0000E+00 8.3395E-02 1.2509E-023544 8459  448
 5.7142E+04 0.0000E+00 8.6235E-02 1.2936E-02 5.7143E+04 0.0000E+003544 8459  449
 8.2300E-02 1.2345E-02 5.7144E+04 0.0000E+00 7.2223E-02 1.1555E-023544 8459  450
 5.7145E+04 0.0000E+00 5.5732E-02 1.0589E-02 5.7146E+04 0.0000E+003544 8459  451
 2.6615E-02 5.5891E-03 5.7146E+04 1.0000E+00 1.0001E-02 5.0007E-033544 8459  452
 5.7147E+04 0.0000E+00 1.8300E-02 4.2089E-03 5.7148E+04 0.0000E+003544 8459  453
 4.8147E-03 1.5888E-03 5.7149E+04 0.0000E+00 9.6924E-04 5.3309E-043544 8459  454
 5.7150E+04 0.0000E+00 6.8714E-05 7.8334E-05 5.7151E+04 0.0000E+003544 8459  455
 3.3884E-06 9.0131E-06 5.7152E+04 0.0000E+00 4.5716E-08 3.0036E-073544 8459  456
 5.7153E+04 0.0000E+00 2.5780E-10 4.3052E-09 5.7154E+04 0.0000E+003544 8459  457
 3.6426E-13 1.5769E-11 5.8140E+04 0.0000E+00 8.0298E-02 1.2044E-023544 8459  458
 5.8141E+04 0.0000E+00 8.3395E-02 1.2509E-02 5.8142E+04 0.0000E+003544 8459  459
 8.6235E-02 1.2936E-02 5.8143E+04 0.0000E+00 8.2302E-02 1.2345E-023544 8459  460
 5.8144E+04 0.0000E+00 7.2255E-02 1.0838E-02 5.8145E+04 0.0000E+003544 8459  461
 5.6067E-02 8.9708E-03 5.8146E+04 0.0000E+00 3.8876E-02 7.3864E-033544 8459  462
 5.8147E+04 0.0000E+00 2.3665E-02 5.4428E-03 5.8148E+04 0.0000E+003544 8459  463
 1.2599E-02 3.1500E-03 5.8149E+04 0.0000E+00 5.5615E-03 1.5572E-033544 8459  464
 5.8150E+04 0.0000E+00 1.9676E-03 7.4768E-04 5.8151E+04 0.0000E+003544 8459  465
 3.7022E-04 2.0732E-04 5.8152E+04 0.0000E+00 4.1803E-05 4.0131E-053544 8459  466
 5.8153E+04 0.0000E+00 1.2827E-06 2.5141E-06 5.8154E+04 0.0000E+003544 8459  467
 1.9949E-08 9.1567E-08 5.8155E+04 0.0000E+00 1.1414E-10 1.3114E-093544 8459  468
 5.8156E+04 0.0000E+00 3.1001E-13 9.1886E-12 5.9141E+04 0.0000E+003544 8459  469
 8.3395E-02 1.2509E-02 5.9142E+04 0.0000E+00 8.3835E-14 1.2576E-143544 8459  470
 5.9142E+04 1.0000E+00 5.0242E-14 5.0237E-12 5.9143E+04 0.0000E+003544 8459  471
 8.2302E-02 1.2345E-02 5.9144E+04 0.0000E+00 7.2254E-02 1.0838E-023544 8459  472
 5.9144E+04 1.0000E+00 9.9708E-04 1.7947E-04 5.9145E+04 0.0000E+003544 8459  473
 5.6067E-02 8.9708E-03 5.9146E+04 0.0000E+00 3.8878E-02 6.9980E-033544 8459  474
 5.9147E+04 0.0000E+00 2.3691E-02 4.7383E-03 5.9148E+04 0.0000E+003544 8459  475
 1.2634E-02 3.0322E-03 5.9148E+04 1.0000E+00 9.6322E-05 3.2171E-043544 8459  476
 5.9149E+04 0.0000E+00 6.0020E-03 1.6805E-03 5.9150E+04 0.0000E+003544 8459  477
 2.4933E-03 8.7267E-04 5.9151E+04 0.0000E+00 8.8192E-04 3.9686E-043544 8459  478
 5.9152E+04 0.0000E+00 2.2077E-04 1.3246E-04 5.9153E+04 0.0000E+003544 8459  479
 3.7874E-05 3.1435E-05 5.9154E+04 0.0000E+00 2.6095E-06 3.2880E-063544 8459  480
 5.9155E+04 0.0000E+00 1.4366E-07 2.9739E-07 5.9156E+04 0.0000E+003544 8459  481
 2.3983E-09 9.3296E-09 5.9157E+04 0.0000E+00 1.9593E-11 1.6576E-103544 8459  482
 6.0143E+04 0.0000E+00 8.2302E-02 1.2345E-02 6.0144E+04 0.0000E+003544 8459  483
 7.2255E-02 1.0838E-02 6.0145E+04 0.0000E+00 5.6067E-02 8.9708E-033544 8459  484
 6.0146E+04 0.0000E+00 3.8878E-02 6.9980E-03 6.0147E+04 0.0000E+003544 8459  485
 2.3691E-02 4.7383E-03 6.0148E+04 0.0000E+00 1.2731E-02 3.0554E-033544 8459  486
 6.0149E+04 0.0000E+00 6.0034E-03 1.6809E-03 6.0150E+04 0.0000E+003544 8459  487
 2.5043E-03 8.7652E-04 6.0151E+04 0.0000E+00 9.1983E-04 4.1392E-043544 8459  488
 6.0152E+04 0.0000E+00 2.9723E-04 1.7834E-04 6.0153E+04 0.0000E+003544 8459  489
 8.3943E-05 6.8833E-05 6.0154E+04 0.0000E+00 2.0231E-05 2.3468E-053544 8459  490
 6.0155E+04 0.0000E+00 3.5714E-06 6.0714E-06 6.0156E+04 0.0000E+003544 8459  491
 4.5081E-07 1.1586E-06 6.0157E+04 0.0000E+00 1.9497E-08 7.8770E-083544 8459  492
 6.0158E+04 0.0000E+00 3.6285E-10 2.4275E-09 6.0159E+04 0.0000E+003544 8459  493
 4.9313E-13 6.8003E-12 6.1147E+04 0.0000E+00 2.3691E-02 4.7383E-033544 8459  494
 6.1148E+04 0.0000E+00 1.2815E-13 3.0755E-14 6.1148E+04 1.0000E+003544 8459  495
 1.7832E-13 4.6365E-14 6.1149E+04 0.0000E+00 6.0034E-03 1.6809E-033544 8459  496
 6.1150E+04 0.0000E+00 8.5092E-10 2.9783E-10 6.1151E+04 0.0000E+003544 8459  497
 9.1985E-04 4.1393E-04 6.1152E+04 0.0000E+00 2.9728E-04 1.7836E-043544 8459  498
 6.1152E+04 1.0000E+00 1.2646E-07 1.7300E-06 6.1152E+04 2.0000E+003544 8459  499
 5.3865E-09 7.3687E-08 6.1153E+04 0.0000E+00 8.4693E-05 6.9448E-053544 8459  500
 6.1154E+04 0.0000E+00 2.0375E-05 2.3635E-05 6.1154E+04 1.0000E+003544 8459  501
 8.7208E-07 2.5116E-06 6.1155E+04 0.0000E+00 4.6851E-06 7.9648E-063544 8459  502
 6.1156E+04 0.0000E+00 8.8208E-07 2.2581E-06 6.1157E+04 0.0000E+003544 8459  503
 1.2832E-07 5.0942E-07 6.1158E+04 0.0000E+00 9.8904E-09 6.3002E-083544 8459  504
 6.1159E+04 0.0000E+00 4.0546E-10 4.2817E-09 6.1160E+04 0.0000E+003544 8459  505
 1.6387E-12 2.9889E-11 6.2147E+04 0.0000E+00 2.3691E-02 4.7383E-033544 8459  506
 6.2148E+04 0.0000E+00 2.9755E-13 7.1414E-14 6.2149E+04 0.0000E+003544 8459  507
 6.0034E-03 1.6809E-03 6.2150E+04 0.0000E+00 8.5092E-10 2.9783E-103544 8459  508
 6.2151E+04 0.0000E+00 9.1985E-04 4.1393E-04 6.2152E+04 0.0000E+003544 8459  509
 2.9741E-04 1.7844E-04 6.2153E+04 0.0000E+00 8.4693E-05 6.9449E-053544 8459  510
 6.2153E+04 1.0000E+00 1.3793E-10 5.0443E-09 6.2154E+04 0.0000E+003544 8459  511
 2.1250E-05 2.4650E-05 6.2155E+04 0.0000E+00 4.6966E-06 7.9842E-063544 8459  512
 6.2156E+04 0.0000E+00 9.1413E-07 2.3402E-06 6.2157E+04 0.0000E+003544 8459  513
 1.5672E-07 6.2220E-07 6.2158E+04 0.0000E+00 2.3597E-08 1.5031E-073544 8459  514
 6.2159E+04 0.0000E+00 3.0778E-09 3.2471E-08 6.2160E+04 0.0000E+003544 8459  515
 3.4450E-10 6.2114E-09 6.2161E+04 0.0000E+00 1.9875E-11 6.3241E-103544 8459  516
 6.2162E+04 0.0000E+00 2.6127E-13 1.5183E-11 6.3151E+04 0.0000E+003544 8459  517
 9.1985E-04 4.1393E-04 6.3153E+04 0.0000E+00 8.4693E-05 6.9449E-053544 8459  518
 6.3155E+04 0.0000E+00 4.6966E-06 7.9842E-06 6.3156E+04 0.0000E+003544 8459  519
 9.1413E-07 2.3402E-06 6.3157E+04 0.0000E+00 1.5677E-07 6.2237E-073544 8459  520
 6.3158E+04 0.0000E+00 2.3681E-08 1.5085E-07 6.3159E+04 0.0000E+003544 8459  521
 3.1511E-09 3.3244E-08 6.3160E+04 0.0000E+00 3.6936E-10 6.6595E-093544 8459  522
 6.3161E+04 0.0000E+00 3.8104E-11 1.2121E-09 6.3162E+04 0.0000E+003544 8459  523
 3.2182E-12 1.8643E-10 6.3163E+04 0.0000E+00 1.4242E-13 1.4241E-113544 8459  524
 6.4155E+04 0.0000E+00 4.6966E-06 7.9842E-06 6.4156E+04 0.0000E+003544 8459  525
 9.1413E-07 2.3402E-06 6.4157E+04 0.0000E+00 1.5677E-07 6.2237E-073544 8459  526
 6.4158E+04 0.0000E+00 2.3681E-08 1.5085E-07 6.4159E+04 0.0000E+003544 8459  527
 3.1511E-09 3.3244E-08 6.4160E+04 0.0000E+00 3.6938E-10 6.6599E-093544 8459  528
 6.4161E+04 0.0000E+00 3.8140E-11 1.2132E-09 6.4162E+04 0.0000E+003544 8459  529
 3.4690E-12 2.0096E-10 6.4163E+04 0.0000E+00 2.7794E-13 2.7792E-113544 8459  530
 6.5159E+04 0.0000E+00 3.1511E-09 3.3244E-08 6.5161E+04 0.0000E+003544 8459  531
 3.8140E-11 1.2132E-09 6.5162E+04 0.0000E+00 3.4690E-12 2.0096E-103544 8459  532
 6.5163E+04 0.0000E+00 2.7794E-13 2.7792E-11 6.6161E+04 0.0000E+003544 8459  533
 3.8140E-11 1.2132E-09 6.6162E+04 0.0000E+00 3.4690E-12 2.0096E-103544 8459  534
 6.6163E+04 0.0000E+00 2.7794E-13 2.7792E-11 0.0000E+00 0.0000E+003544 8459  535
 0.0000E+00 0.0000E+00          0          0          0          03544 8  099999
                                                                  3544 0  0    0
                                                                     0 0  0    0
 0.0000E+00 0.0000E+00          0          0          0          0  -1 0  0    0
