Fission Product Yields for u-235(s,f) fission                      231 0  0    0
 9.2235e+04 2.3302e+02         -1          1          2          13542 1451    1
 0.0000e+00 1.0000e+00          0          0          0          63542 1451    2
 0.0000e+00 1.5000e+08          1          0          5          63542 1451    3
 0.0000e+00 0.0000e+00          0          0         11          33542 1451    4
 92-U -235  NexiaSol   EVAL-DEC07                      R.W. Mills 3542 1451    5
                       DIST-DEC07DRAFT-DEC07           071212     3542 1451    6
 Energy dependent fission yields - UKFY4.1 (Issue 1)              3542 1451    7
 =====================================================            3542 1451    8
 The CYFP code developed by Wahl [1] was used to produce          3542 1451    9
 energy dependent fission yields for fission induced by           3542 1451   10
 neutron, proton, deuteron and alpha particles.                   3542 1451   11
                                                                  3542 1451   12
 References                                                       3542 1451   13
 1) "Systematics of Fission-Product Yields", LA-13928,            3542 1451   14
    A.C. Wahl (2002).                                             3542 1451   15
                                1        451         18          03542 1451   16
                                8        454        680          03542 1451   17
                                8        459        680          03542 1451   18
 0.0000e+00 0.0000e+00          0          0          0          03542 1  099999
                                                                  3542 0  0    0
 9.2235E+04 2.3302E+02          1          0          0          03542 8454    1
 0.0000E+00 0.0000E+00          0          0       3184        7963542 8454    2
 2.8071E+04 0.0000E+00 1.5467E-13 1.5466E-11 2.8072E+04 0.0000E+003542 8454    3
 2.7647E-13 2.7644E-11 2.9071E+04 0.0000E+00 1.0602E-13 1.0601E-113542 8454    4
 2.9072E+04 0.0000E+00 2.8993E-12 2.8990E-10 2.9073E+04 0.0000E+003542 8454    5
 1.9393E-11 1.9391E-09 2.9074E+04 0.0000E+00 2.2755E-11 4.1642E-103542 8454    6
 2.9075E+04 0.0000E+00 6.1520E-11 6.6565E-10 2.9076E+04 0.0000E+003542 8454    7
 6.0822E-11 4.3427E-10 2.9077E+04 0.0000E+00 5.5793E-11 3.9390E-103542 8454    8
 2.9078E+04 0.0000E+00 7.9181E-12 1.1188E-10 2.9079E+04 0.0000E+003542 8454    9
 6.1677E-13 2.0391E-11 3.0071E+04 0.0000E+00 0.0000E+00 0.0000E+003542 8454   10
 3.0072E+04 0.0000E+00 8.8175E-14 8.8166E-12 3.0073E+04 0.0000E+003542 8454   11
 3.0701E-12 1.9824E-10 3.0073E+04 1.0000E+00 1.3508E-11 8.7222E-103542 8454   12
 3.0074E+04 0.0000E+00 3.2637E-10 5.9661E-09 3.0075E+04 0.0000E+003542 8454   13
 2.6689E-09 2.8531E-08 3.0076E+04 0.0000E+00 1.4876E-08 9.6102E-083542 8454   14
 3.0077E+04 0.0000E+00 1.9004E-08 1.5432E-07 3.0077E+04 1.0000E+003542 8454   15
 4.3193E-09 3.5073E-08 3.0078E+04 0.0000E+00 2.9080E-08 8.5204E-083542 8454   16
 3.0079E+04 0.0000E+00 1.1119E-08 4.0919E-08 3.0080E+04 0.0000E+003542 8454   17
 2.3697E-09 1.8602E-08 3.0081E+04 0.0000E+00 1.9437E-10 3.5745E-093542 8454   18
 3.0082E+04 0.0000E+00 9.5170E-12 4.0961E-10 3.0083E+04 0.0000E+003542 8454   19
 1.4416E-13 1.4354E-11 3.1071E+04 0.0000E+00 0.0000E+00 0.0000E+003542 8454   20
 3.1072E+04 0.0000E+00 0.0000E+00 0.0000E+00 3.1072E+04 1.0000E+003542 8454   21
 0.0000E+00 0.0000E+00 3.1073E+04 0.0000E+00 8.0080E-17 8.0072E-153542 8454   22
 3.1074E+04 0.0000E+00 4.6915E-13 4.6910E-11 3.1074E+04 1.0000E+003542 8454   23
 1.2442E-13 1.2441E-11 3.1075E+04 0.0000E+00 2.6241E-10 2.8131E-093542 8454   24
 3.1076E+04 0.0000E+00 7.4254E-09 4.7968E-08 3.1077E+04 0.0000E+003542 8454   25
 1.1404E-07 4.5844E-07 3.1078E+04 0.0000E+00 5.0688E-07 1.3128E-063542 8454   26
 3.1079E+04 0.0000E+00 1.4284E-06 2.4997E-06 3.1080E+04 0.0000E+003542 8454   27
 1.3567E-06 1.9400E-06 3.1081E+04 0.0000E+00 9.1314E-07 1.9085E-063542 8454   28
 3.1082E+04 0.0000E+00 2.0152E-07 9.1490E-07 3.1083E+04 0.0000E+003542 8454   29
 2.3896E-08 2.5234E-07 3.1084E+04 0.0000E+00 9.7946E-10 2.3997E-083542 8454   30
 3.1085E+04 0.0000E+00 2.8305E-11 1.5884E-09 3.1086E+04 0.0000E+003542 8454   31
 2.8213E-13 2.8210E-11 3.2072E+04 0.0000E+00 0.0000E+00 0.0000E+003542 8454   32
 3.2073E+04 0.0000E+00 0.0000E+00 0.0000E+00 3.2073E+04 1.0000E+003542 8454   33
 0.0000E+00 0.0000E+00 3.2074E+04 0.0000E+00 0.0000E+00 0.0000E+003542 8454   34
 3.2075E+04 0.0000E+00 2.1887E-14 7.5576E-13 3.2075E+04 1.0000E+003542 8454   35
 9.6300E-14 3.3252E-12 3.2076E+04 0.0000E+00 2.0056E-10 1.3999E-093542 8454   36
 3.2077E+04 0.0000E+00 1.0107E-08 8.2980E-08 3.2077E+04 1.0000E+003542 8454   37
 2.2972E-09 1.8860E-08 3.2078E+04 0.0000E+00 3.3850E-07 8.8348E-073542 8454   38
 3.2079E+04 0.0000E+00 5.4302E-07 1.8734E-06 3.2079E+04 1.0000E+003542 8454   39
 2.3892E-06 8.2428E-06 3.2080E+04 0.0000E+00 1.6208E-05 1.9125E-053542 8454   40
 3.2081E+04 0.0000E+00 2.9899E-05 5.1725E-05 3.2081E+04 1.0000E+003542 8454   41
 1.0303E-05 1.7825E-05 3.2082E+04 0.0000E+00 6.5203E-05 5.2162E-053542 8454   42
 3.2083E+04 0.0000E+00 3.3092E-05 4.1365E-05 3.2084E+04 0.0000E+003542 8454   43
 1.0430E-05 2.8265E-05 3.2085E+04 0.0000E+00 1.2566E-06 7.8159E-063542 8454   44
 3.2086E+04 0.0000E+00 9.0186E-08 1.2843E-06 3.2087E+04 0.0000E+003542 8454   45
 2.3958E-09 7.7263E-08 3.2088E+04 0.0000E+00 4.2216E-11 3.0472E-093542 8454   46
 3.2089E+04 0.0000E+00 2.6437E-13 2.6435E-11 3.3075E+04 0.0000E+003542 8454   47
 0.0000E+00 0.0000E+00 3.3077E+04 0.0000E+00 1.3260E-11 1.2385E-103542 8454   48
 3.3078E+04 0.0000E+00 2.0357E-09 8.4481E-09 3.3079E+04 0.0000E+003542 8454   49
 1.4522E-07 3.1223E-07 3.3080E+04 0.0000E+00 2.9222E-06 3.7696E-063542 8454   50
 3.3081E+04 0.0000E+00 3.9970E-05 3.4774E-05 3.3082E+04 0.0000E+003542 8454   51
 7.7318E-05 9.5874E-05 3.3082E+04 1.0000E+00 1.1564E-04 1.4339E-043542 8454   52
 3.3083E+04 0.0000E+00 5.7139E-04 2.7998E-04 3.3084E+04 0.0000E+003542 8454   53
 6.5202E-04 3.1949E-04 3.3084E+04 1.0000E+00 0.0000E+00 0.0000E+003542 8454   54
 3.3085E+04 0.0000E+00 5.4574E-04 4.3113E-04 3.3086E+04 0.0000E+003542 8454   55
 1.5414E-04 2.5588E-04 3.3087E+04 0.0000E+00 2.8568E-05 1.0656E-043542 8454   56
 3.3088E+04 0.0000E+00 1.8969E-06 1.5991E-05 3.3089E+04 0.0000E+003542 8454   57
 7.7418E-08 1.4640E-06 3.3090E+04 0.0000E+00 1.1322E-09 4.7496E-083542 8454   58
 3.3091E+04 0.0000E+00 1.3409E-11 1.2335E-09 3.3092E+04 0.0000E+003542 8454   59
 6.2710E-14 6.2704E-12 3.4077E+04 0.0000E+00 1.0230E-17 1.0229E-153542 8454   60
 3.4078E+04 0.0000E+00 1.3514E-13 4.5569E-12 3.4079E+04 0.0000E+003542 8454   61
 5.2117E-11 1.3373E-09 3.4079E+04 1.0000E+00 1.1845E-11 3.0394E-103542 8454   62
 3.4080E+04 0.0000E+00 1.3401E-08 6.7408E-08 3.4081E+04 0.0000E+003542 8454   63
 1.6507E-07 6.9329E-07 3.4081E+04 1.0000E+00 7.2629E-07 3.0504E-063542 8454   64
 3.4082E+04 0.0000E+00 3.0345E-05 3.0345E-05 3.4083E+04 0.0000E+003542 8454   65
 2.1445E-04 2.4662E-04 3.4083E+04 1.0000E+00 7.3902E-05 8.4988E-053542 8454   66
 3.4084E+04 0.0000E+00 1.7137E-03 6.8546E-04 3.4085E+04 0.0000E+003542 8454   67
 4.2731E-03 1.3674E-03 3.4086E+04 0.0000E+00 7.0971E-03 2.3420E-033542 8454   68
 3.4087E+04 0.0000E+00 4.6683E-03 2.4275E-03 3.4088E+04 0.0000E+003542 8454   69
 2.0541E-03 2.1568E-03 3.4089E+04 0.0000E+00 3.1004E-04 7.1000E-043542 8454   70
 3.4090E+04 0.0000E+00 2.9566E-05 1.5079E-04 3.4091E+04 0.0000E+003542 8454   71
 1.2317E-06 1.3942E-05 3.4092E+04 0.0000E+00 3.5006E-08 8.7060E-073542 8454   72
 3.4093E+04 0.0000E+00 3.7387E-10 2.0170E-08 3.4094E+04 0.0000E+003542 8454   73
 3.1842E-12 3.1839E-10 3.5079E+04 0.0000E+00 3.6547E-17 3.6544E-153542 8454   74
 3.5080E+04 0.0000E+00 8.1261E-14 7.9335E-12 3.5080E+04 1.0000E+003542 8454   75
 1.6145E-13 1.5763E-11 3.5081E+04 0.0000E+00 1.8650E-10 3.4597E-093542 8454   76
 3.5082E+04 0.0000E+00 2.1658E-08 3.1145E-07 3.5082E+04 1.0000E+003542 8454   77
 1.4481E-08 2.0824E-07 3.5083E+04 0.0000E+00 3.0150E-06 8.6529E-063542 8454   78
 3.5084E+04 0.0000E+00 2.9012E-05 7.0499E-05 3.5084E+04 1.0000E+003542 8454   79
 4.3390E-05 1.0544E-04 3.5085E+04 0.0000E+00 1.0698E-03 6.2049E-043542 8454   80
 3.5086E+04 0.0000E+00 5.0549E-03 1.7186E-03 3.5087E+04 0.0000E+003542 8454   81
 1.6431E-02 3.9435E-03 3.5088E+04 0.0000E+00 2.1148E-02 5.2870E-033542 8454   82
 3.5089E+04 0.0000E+00 1.8269E-02 6.5769E-03 3.5090E+04 0.0000E+003542 8454   83
 5.8739E-03 3.9942E-03 3.5091E+04 0.0000E+00 1.5108E-03 2.1906E-033542 8454   84
 3.5092E+04 0.0000E+00 1.4618E-04 4.6193E-04 3.5093E+04 0.0000E+003542 8454   85
 9.2890E-06 6.4001E-05 3.5094E+04 0.0000E+00 2.5173E-07 3.7534E-063542 8454   86
 3.5095E+04 0.0000E+00 6.2699E-09 1.9894E-07 3.5096E+04 0.0000E+003542 8454   87
 7.0293E-11 4.6604E-09 3.5097E+04 0.0000E+00 6.9740E-13 6.9733E-113542 8454   88
 3.6080E+04 0.0000E+00 0.0000E+00 0.0000E+00 3.6082E+04 0.0000E+003542 8454   89
 6.1372E-13 4.2212E-11 3.6083E+04 0.0000E+00 1.0286E-11 5.4217E-103542 8454   90
 3.6083E+04 1.0000E+00 3.1101E-10 1.6393E-08 3.6084E+04 0.0000E+003542 8454   91
 7.7768E-08 8.0023E-07 3.6085E+04 0.0000E+00 4.1943E-06 3.4478E-053542 8454   92
 3.6085E+04 1.0000E+00 1.4454E-06 1.1881E-05 3.6086E+04 0.0000E+003542 8454   93
 1.9958E-04 3.3928E-04 3.6087E+04 0.0000E+00 2.2432E-03 1.6824E-033542 8454   94
 3.6088E+04 0.0000E+00 1.5174E-02 5.7661E-03 3.6089E+04 0.0000E+003542 8454   95
 3.5227E-02 8.4546E-03 3.6090E+04 0.0000E+00 5.5645E-02 1.1129E-023542 8454   96
 3.6091E+04 0.0000E+00 4.2069E-02 1.1359E-02 3.6092E+04 0.0000E+003542 8454   97
 2.2954E-02 1.0789E-02 3.6093E+04 0.0000E+00 4.7190E-03 4.4359E-033542 8454   98
 3.6094E+04 0.0000E+00 7.4097E-04 1.4671E-03 3.6095E+04 0.0000E+003542 8454   99
 5.7942E-05 2.4394E-04 3.6096E+04 0.0000E+00 3.5181E-06 3.1241E-053542 8454  100
 3.6097E+04 0.0000E+00 1.0031E-07 1.8466E-06 3.6098E+04 0.0000E+003542 8454  101
 2.2346E-09 8.3864E-08 3.6099E+04 0.0000E+00 2.0508E-11 1.5443E-093542 8454  102
 3.6100E+04 0.0000E+00 1.3991E-13 1.3989E-11 3.7084E+04 0.0000E+003542 8454  103
 1.8717E-13 1.8715E-11 3.7084E+04 1.0000E+00 2.1361E-13 2.1359E-113542 8454  104
 3.7085E+04 0.0000E+00 3.0906E-10 1.1407E-08 3.7086E+04 0.0000E+003542 8454  105
 2.7289E-08 7.9629E-07 3.7086E+04 1.0000E+00 3.1143E-08 9.0875E-073542 8454  106
 3.7087E+04 0.0000E+00 5.6137E-06 3.3008E-05 3.7088E+04 0.0000E+003542 8454  107
 1.5732E-04 3.8385E-04 3.7089E+04 0.0000E+00 2.3088E-03 2.4243E-033542 8454  108
 3.7090E+04 0.0000E+00 2.8708E-03 2.8420E-03 3.7090E+04 1.0000E+003542 8454  109
 7.9829E-03 7.9031E-03 3.7091E+04 0.0000E+00 3.8915E-02 1.0896E-023542 8454  110
 3.7092E+04 0.0000E+00 5.4309E-02 1.0862E-02 3.7093E+04 0.0000E+003542 8454  111
 5.3481E-02 1.1766E-02 3.7094E+04 0.0000E+00 2.3744E-02 8.0730E-033542 8454  112
 3.7095E+04 0.0000E+00 9.7670E-03 6.0555E-03 3.7096E+04 0.0000E+003542 8454  113
 1.7398E-03 2.1574E-03 3.7096E+04 1.0000E+00 0.0000E+00 0.0000E+003542 8454  114
 3.7097E+04 0.0000E+00 2.5596E-04 6.5269E-04 3.7098E+04 0.0000E+003542 8454  115
 1.5841E-05 8.2373E-05 3.7098E+04 1.0000E+00 0.0000E+00 0.0000E+003542 8454  116
 3.7099E+04 0.0000E+00 7.0056E-07 7.3839E-06 3.7100E+04 0.0000E+003542 8454  117
 1.2428E-08 2.6297E-07 3.7101E+04 0.0000E+00 1.8833E-10 7.9662E-093542 8454  118
 3.7102E+04 0.0000E+00 1.0777E-12 9.1231E-11 3.8086E+04 0.0000E+003542 8454  119
 3.2958E-13 3.2954E-11 3.8087E+04 0.0000E+00 5.7701E-12 5.7695E-103542 8454  120
 3.8087E+04 1.0000E+00 1.7446E-10 1.7445E-08 3.8088E+04 0.0000E+003542 8454  121
 4.7136E-08 9.6488E-07 3.8089E+04 0.0000E+00 3.2483E-06 2.7091E-053542 8454  122
 3.8090E+04 0.0000E+00 1.1451E-04 3.9735E-04 3.8091E+04 0.0000E+003542 8454  123
 1.4874E-03 2.2162E-03 3.8092E+04 0.0000E+00 1.1532E-02 7.8415E-033542 8454  124
 3.8093E+04 0.0000E+00 3.0503E-02 1.0676E-02 3.8094E+04 0.0000E+003542 8454  125
 6.0523E-02 1.3920E-02 3.8095E+04 0.0000E+00 6.1803E-02 1.2361E-023542 8454  126
 3.8096E+04 0.0000E+00 5.1004E-02 1.3261E-02 3.8097E+04 0.0000E+003542 8454  127
 2.0028E-02 8.4119E-03 3.8098E+04 0.0000E+00 6.0248E-03 4.6994E-033542 8454  128
 3.8099E+04 0.0000E+00 7.1781E-04 1.0983E-03 3.8100E+04 0.0000E+003542 8454  129
 6.0945E-05 1.8588E-04 3.8101E+04 0.0000E+00 2.4347E-06 1.4900E-053542 8454  130
 3.8102E+04 0.0000E+00 6.5635E-08 8.1126E-07 3.8103E+04 0.0000E+003542 8454  131
 6.3214E-10 1.5911E-08 3.8104E+04 0.0000E+00 3.8507E-12 1.9927E-103542 8454  132
 3.9088E+04 0.0000E+00 8.3875E-14 8.3866E-12 3.9089E+04 0.0000E+003542 8454  133
 1.2525E-11 1.2524E-09 3.9089E+04 1.0000E+00 4.3211E-11 4.3207E-093542 8454  134
 3.9090E+04 0.0000E+00 5.2046E-09 2.9505E-07 3.9090E+04 1.0000E+003542 8454  135
 4.5044E-09 2.5535E-07 3.9091E+04 0.0000E+00 2.6218E-07 6.1115E-063542 8454  136
 3.9091E+04 1.0000E+00 7.6080E-07 1.7734E-05 3.9092E+04 0.0000E+003542 8454  137
 3.2246E-05 1.5768E-04 3.9093E+04 0.0000E+00 1.4075E-04 5.9255E-043542 8454  138
 3.9093E+04 1.0000E+00 4.0842E-04 1.7195E-03 3.9094E+04 0.0000E+003542 8454  139
 3.3687E-03 3.2003E-03 3.9095E+04 0.0000E+00 1.6474E-02 7.7429E-033542 8454  140
 3.9096E+04 0.0000E+00 4.6221E-03 2.5422E-03 3.9096E+04 1.0000E+003542 8454  141
 2.7840E-02 1.5312E-02 3.9097E+04 0.0000E+00 1.3411E-02 5.4985E-033542 8454  142
 3.9097E+04 1.0000E+00 3.8916E-02 1.5956E-02 3.9098E+04 0.0000E+003542 8454  143
 9.6261E-03 4.2355E-03 3.9098E+04 1.0000E+00 2.6768E-02 1.1778E-023542 8454  144
 3.9099E+04 0.0000E+00 1.8668E-02 5.7869E-03 3.9100E+04 0.0000E+003542 8454  145
 1.0396E-03 1.0708E-03 3.9100E+04 1.0000E+00 2.8910E-03 2.9777E-033542 8454  146
 3.9101E+04 0.0000E+00 7.1806E-04 6.8216E-04 3.9102E+04 0.0000E+003542 8454  147
 5.0238E-05 9.3945E-05 3.9102E+04 1.0000E+00 0.0000E+00 0.0000E+003542 8454  148
 3.9103E+04 0.0000E+00 2.2920E-06 8.6637E-06 3.9104E+04 0.0000E+003542 8454  149
 3.7241E-08 2.9085E-07 4.0090E+04 0.0000E+00 5.6857E-15 5.6851E-133542 8454  150
 4.0091E+04 0.0000E+00 1.1747E-11 1.1126E-09 4.0092E+04 0.0000E+003542 8454  151
 3.1897E-09 1.2367E-07 4.0093E+04 0.0000E+00 2.3882E-07 3.8593E-063542 8454  152
 4.0094E+04 0.0000E+00 1.0475E-05 7.2070E-05 4.0095E+04 0.0000E+003542 8454  153
 1.8133E-04 5.4580E-04 4.0096E+04 0.0000E+00 1.9849E-03 2.7193E-033542 8454  154
 4.0097E+04 0.0000E+00 8.5808E-03 5.6633E-03 4.0098E+04 0.0000E+003542 8454  155
 2.5459E-02 9.4197E-03 4.0099E+04 0.0000E+00 2.8878E-02 7.2194E-033542 8454  156
 4.0100E+04 0.0000E+00 2.3940E-02 5.2667E-03 4.0101E+04 0.0000E+003542 8454  157
 9.9476E-03 2.8848E-03 4.0102E+04 0.0000E+00 3.0115E-03 1.2648E-033542 8454  158
 4.0103E+04 0.0000E+00 3.4981E-04 2.4137E-04 4.0104E+04 0.0000E+003542 8454  159
 2.7161E-05 3.5038E-05 4.0105E+04 0.0000E+00 4.6599E-08 4.1939E-073542 8454  160
 4.0106E+04 0.0000E+00 9.6966E-10 1.5825E-08 4.0107E+04 0.0000E+003542 8454  161
 1.3577E-11 4.0527E-10 4.0108E+04 0.0000E+00 2.0134E-13 1.1021E-113542 8454  162
 4.0110E+04 0.0000E+00 4.3763E-12 7.8597E-11 4.1093E+04 0.0000E+003542 8454  163
 4.8455E-14 4.8450E-12 4.1093E+04 1.0000E+00 1.4651E-12 1.4649E-103542 8454  164
 4.1094E+04 0.0000E+00 1.3828E-10 1.3826E-08 4.1094E+04 1.0000E+003542 8454  165
 1.5977E-10 1.5975E-08 4.1095E+04 0.0000E+00 2.8345E-08 1.2778E-063542 8454  166
 4.1095E+04 1.0000E+00 9.7679E-09 4.4034E-07 4.1096E+04 0.0000E+003542 8454  167
 1.5569E-06 1.5305E-05 4.1097E+04 0.0000E+00 3.0174E-05 2.6613E-043542 8454  168
 4.1097E+04 1.0000E+00 1.0398E-05 9.1713E-05 4.1098E+04 0.0000E+003542 8454  169
 1.2044E-04 4.9141E-04 4.1098E+04 1.0000E+00 2.3930E-04 9.7635E-043542 8454  170
 4.1099E+04 0.0000E+00 1.4458E-03 2.8626E-03 4.1099E+04 1.0000E+003542 8454  171
 4.9823E-04 9.8649E-04 4.1100E+04 0.0000E+00 1.0128E-03 1.0634E-033542 8454  172
 4.1100E+04 1.0000E+00 2.8163E-03 2.9571E-03 4.1101E+04 0.0000E+003542 8454  173
 6.2917E-03 2.1392E-03 4.1102E+04 0.0000E+00 1.9130E-03 1.1669E-033542 8454  174
 4.1102E+04 1.0000E+00 2.1832E-03 1.3317E-03 4.1103E+04 0.0000E+003542 8454  175
 1.8981E-03 6.8333E-04 4.1104E+04 0.0000E+00 2.5473E-04 2.5473E-043542 8454  176
 4.1104E+04 1.0000E+00 9.4423E-05 9.4423E-05 4.1105E+04 0.0000E+003542 8454  177
 6.2371E-05 5.3015E-05 4.1106E+04 0.0000E+00 5.9030E-06 7.9691E-063542 8454  178
 4.1107E+04 0.0000E+00 4.0004E-07 8.8808E-07 4.1108E+04 0.0000E+003542 8454  179
 2.9701E-08 1.0989E-07 4.1109E+04 0.0000E+00 3.3027E-09 2.0840E-083542 8454  180
 4.1110E+04 0.0000E+00 7.8041E-09 2.6378E-08 4.1111E+04 0.0000E+003542 8454  181
 2.4259E-10 1.8799E-09 4.1112E+04 0.0000E+00 3.6496E-12 6.9925E-113542 8454  182
 4.2094E+04 0.0000E+00 2.9709E-16 2.9706E-14 4.2095E+04 0.0000E+003542 8454  183
 1.7458E-13 1.7456E-11 4.2096E+04 0.0000E+00 5.4124E-11 3.9771E-093542 8454  184
 4.2097E+04 0.0000E+00 5.4641E-09 1.7600E-07 4.2098E+04 0.0000E+003542 8454  185
 3.0914E-07 4.4702E-06 4.2099E+04 0.0000E+00 5.4420E-06 3.6080E-053542 8454  186
 4.2100E+04 0.0000E+00 5.7592E-05 1.7854E-04 4.2101E+04 0.0000E+003542 8454  187
 2.5960E-04 3.8681E-04 4.2102E+04 0.0000E+00 7.6535E-04 5.8167E-043542 8454  188
 4.2103E+04 0.0000E+00 8.3177E-04 4.0757E-04 4.2104E+04 0.0000E+003542 8454  189
 6.2085E-04 2.9801E-04 4.2105E+04 0.0000E+00 2.2132E-04 1.3943E-043542 8454  190
 4.2106E+04 0.0000E+00 5.9930E-05 5.2139E-05 4.2107E+04 0.0000E+003542 8454  191
 1.3317E-05 1.6513E-05 4.2108E+04 0.0000E+00 3.6929E-06 5.8717E-063542 8454  192
 4.2109E+04 0.0000E+00 1.6845E-06 2.9310E-06 4.2110E+04 0.0000E+003542 8454  193
 6.3980E-07 1.1196E-06 4.2111E+04 0.0000E+00 9.8392E-08 2.0367E-073542 8454  194
 4.2112E+04 0.0000E+00 7.2945E-09 2.5677E-08 4.2113E+04 0.0000E+003542 8454  195
 2.7434E-10 2.1261E-09 4.2114E+04 0.0000E+00 5.5517E-12 9.9928E-113542 8454  196
 4.2115E+04 0.0000E+00 6.3414E-14 2.6209E-12 4.3098E+04 0.0000E+003542 8454  197
 2.7856E-12 2.7853E-10 4.3099E+04 0.0000E+00 2.3615E-10 2.2295E-083542 8454  198
 4.3099E+04 1.0000E+00 8.1380E-11 7.6831E-09 4.3100E+04 0.0000E+003542 8454  199
 1.1367E-08 2.4472E-07 4.3101E+04 0.0000E+00 2.9450E-07 2.9185E-063542 8454  200
 4.3102E+04 0.0000E+00 6.9702E-07 6.3847E-06 4.3102E+04 1.0000E+003542 8454  201
 1.9382E-06 1.7754E-05 4.3103E+04 0.0000E+00 1.4755E-05 3.1575E-053542 8454  202
 4.3104E+04 0.0000E+00 2.9501E-05 3.1861E-05 4.3105E+04 0.0000E+003542 8454  203
 6.2828E-06 1.2566E-05 4.3106E+04 0.0000E+00 5.5303E-06 7.6318E-063542 8454  204
 4.3107E+04 0.0000E+00 3.5849E-06 4.9113E-06 4.3108E+04 0.0000E+003542 8454  205
 2.6616E-06 4.2852E-06 4.3109E+04 0.0000E+00 3.1452E-06 5.3469E-063542 8454  206
 4.3110E+04 0.0000E+00 3.1600E-06 5.2772E-06 4.3111E+04 0.0000E+003542 8454  207
 2.0448E-06 3.3943E-06 4.3112E+04 0.0000E+00 6.6581E-07 1.1319E-063542 8454  208
 4.3113E+04 0.0000E+00 1.1151E-07 2.2637E-07 4.3114E+04 0.0000E+003542 8454  209
 9.9407E-09 3.3103E-08 4.3115E+04 0.0000E+00 4.8906E-10 3.3696E-093542 8454  210
 4.3116E+04 0.0000E+00 1.3656E-11 2.0689E-10 4.3117E+04 0.0000E+003542 8454  211
 2.1971E-13 7.3297E-12 4.4099E+04 0.0000E+00 5.1663E-16 5.1658E-143542 8454  212
 4.4100E+04 0.0000E+00 1.2374E-13 1.2373E-11 4.4101E+04 0.0000E+003542 8454  213
 1.1421E-11 7.8521E-10 4.4102E+04 0.0000E+00 6.3254E-10 1.9665E-083542 8454  214
 4.4103E+04 0.0000E+00 5.4403E-09 1.5233E-07 4.4103E+04 1.0000E+003542 8454  215
 6.4113E-09 1.7952E-07 4.4104E+04 0.0000E+00 1.3782E-07 8.6554E-073542 8454  216
 4.4105E+04 0.0000E+00 1.9845E-10 6.0826E-09 4.4106E+04 0.0000E+003542 8454  217
 8.2998E-10 1.4018E-08 4.4107E+04 0.0000E+00 2.5023E-09 2.3297E-083542 8454  218
 4.4108E+04 0.0000E+00 8.1622E-09 4.3178E-08 4.4109E+04 0.0000E+003542 8454  219
 3.8418E-08 1.7771E-07 4.4110E+04 0.0000E+00 1.2061E-06 2.0624E-063542 8454  220
 4.4111E+04 0.0000E+00 2.9781E-06 4.9139E-06 4.4112E+04 0.0000E+003542 8454  221
 3.6175E-06 5.8242E-06 4.4113E+04 0.0000E+00 2.3218E-06 3.7380E-063542 8454  222
 4.4114E+04 0.0000E+00 8.1812E-07 1.3499E-06 4.4115E+04 0.0000E+003542 8454  223
 1.6144E-07 3.0997E-07 4.4116E+04 0.0000E+00 1.8093E-08 5.3013E-083542 8454  224
 4.4117E+04 0.0000E+00 1.1622E-09 6.5546E-09 4.4118E+04 0.0000E+003542 8454  225
 4.2852E-11 5.1036E-10 4.4119E+04 0.0000E+00 9.0090E-13 2.3090E-113542 8454  226
 4.5103E+04 0.0000E+00 3.4415E-14 3.4411E-12 4.5103E+04 1.0000E+003542 8454  227
 1.8812E-13 1.8810E-11 4.5104E+04 0.0000E+00 3.0846E-12 2.5620E-103542 8454  228
 4.5104E+04 1.0000E+00 6.1285E-12 5.0903E-10 4.5105E+04 0.0000E+003542 8454  229
 0.0000E+00 0.0000E+00 4.5105E+04 1.0000E+00 0.0000E+00 0.0000E+003542 8454  230
 4.5106E+04 0.0000E+00 2.7481E-17 2.7478E-15 4.5107E+04 0.0000E+003542 8454  231
 1.0771E-15 1.0770E-13 4.5108E+04 0.0000E+00 1.2078E-14 1.2076E-123542 8454  232
 4.5109E+04 0.0000E+00 4.2852E-13 1.9468E-11 4.5110E+04 0.0000E+003542 8454  233
 3.1840E-09 1.6111E-08 4.5110E+04 1.0000E+00 2.6882E-08 1.3602E-073542 8454  234
 4.5111E+04 0.0000E+00 3.2589E-07 5.8986E-07 4.5112E+04 0.0000E+003542 8454  235
 1.5149E-06 2.4844E-06 4.5113E+04 0.0000E+00 3.3873E-06 5.3858E-063542 8454  236
 4.5114E+04 0.0000E+00 1.0724E-06 3.3781E-06 4.5114E+04 1.0000E+003542 8454  237
 2.9821E-06 9.3938E-06 4.5115E+04 0.0000E+00 2.7810E-06 4.3662E-063542 8454  238
 4.5116E+04 0.0000E+00 3.7586E-07 1.2140E-06 4.5116E+04 1.0000E+003542 8454  239
 7.4676E-07 2.4120E-06 4.5117E+04 0.0000E+00 2.6726E-07 4.8107E-073542 8454  240
 4.5118E+04 0.0000E+00 3.7235E-08 9.3087E-08 4.5119E+04 0.0000E+003542 8454  241
 2.9987E-09 1.3374E-08 4.5120E+04 0.0000E+00 1.3734E-10 1.2511E-093542 8454  242
 4.5121E+04 0.0000E+00 3.5021E-12 6.8079E-11 4.6104E+04 0.0000E+003542 8454  243
 4.2783E-17 4.2779E-15 4.6105E+04 0.0000E+00 0.0000E+00 0.0000E+003542 8454  244
 4.6106E+04 0.0000E+00 0.0000E+00 0.0000E+00 4.6107E+04 0.0000E+003542 8454  245
 0.0000E+00 0.0000E+00 4.6108E+04 0.0000E+00 0.0000E+00 0.0000E+003542 8454  246
 4.6109E+04 0.0000E+00 0.0000E+00 0.0000E+00 4.6109E+04 1.0000E+003542 8454  247
 0.0000E+00 0.0000E+00 4.6110E+04 0.0000E+00 3.6253E-11 4.2089E-103542 8454  248
 4.6111E+04 0.0000E+00 9.1506E-10 8.6473E-09 4.6111E+04 1.0000E+003542 8454  249
 1.0784E-09 1.0191E-08 4.6112E+04 0.0000E+00 4.1915E-08 1.0060E-073542 8454  250
 4.6113E+04 0.0000E+00 1.4456E-07 5.0884E-07 4.6113E+04 1.0000E+003542 8454  251
 2.2678E-07 7.9827E-07 4.6114E+04 0.0000E+00 1.5527E-06 2.4999E-063542 8454  252
 4.6115E+04 0.0000E+00 3.4194E-06 5.3685E-06 4.6115E+04 1.0000E+003542 8454  253
 0.0000E+00 0.0000E+00 4.6116E+04 0.0000E+00 4.3303E-06 6.7120E-063542 8454  254
 4.6117E+04 0.0000E+00 3.3192E-06 5.1779E-06 4.6118E+04 0.0000E+003542 8454  255
 1.5597E-06 2.4799E-06 4.6119E+04 0.0000E+00 4.4348E-07 7.6278E-073542 8454  256
 4.6120E+04 0.0000E+00 7.4467E-08 1.6159E-07 4.6121E+04 0.0000E+003542 8454  257
 7.1796E-09 2.5559E-08 4.6122E+04 0.0000E+00 3.8555E-10 2.7104E-093542 8454  258
 4.6123E+04 0.0000E+00 1.1164E-11 1.6735E-10 4.7109E+04 0.0000E+003542 8454  259
 0.0000E+00 0.0000E+00 4.7109E+04 1.0000E+00 0.0000E+00 0.0000E+003542 8454  260
 4.7111E+04 0.0000E+00 9.9809E-14 5.4336E-12 4.7111E+04 1.0000E+003542 8454  261
 4.3915E-13 2.3907E-11 4.7112E+04 0.0000E+00 5.6573E-11 6.1608E-103542 8454  262
 4.7113E+04 0.0000E+00 4.2150E-10 3.9663E-09 4.7113E+04 1.0000E+003542 8454  263
 1.8545E-09 1.7451E-08 4.7114E+04 0.0000E+00 1.8145E-08 8.9453E-083542 8454  264
 4.7114E+04 1.0000E+00 2.0707E-08 1.0209E-07 4.7115E+04 0.0000E+003542 8454  265
 5.7756E-08 2.0503E-07 4.7115E+04 1.0000E+00 2.5412E-07 9.0212E-073542 8454  266
 4.7116E+04 0.0000E+00 5.1917E-07 1.6665E-06 4.7116E+04 1.0000E+003542 8454  267
 7.7648E-07 2.4925E-06 4.7117E+04 0.0000E+00 5.6078E-07 1.7552E-063542 8454  268
 4.7117E+04 1.0000E+00 2.4673E-06 7.7228E-06 4.7118E+04 0.0000E+003542 8454  269
 2.2762E-06 7.0791E-06 4.7118E+04 1.0000E+00 1.9700E-06 6.1267E-063542 8454  270
 4.7119E+04 0.0000E+00 3.7049E-06 5.8166E-06 4.7119E+04 1.0000E+003542 8454  271
 0.0000E+00 0.0000E+00 4.7120E+04 0.0000E+00 1.0820E-06 3.4626E-063542 8454  272
 4.7120E+04 1.0000E+00 9.3647E-07 2.9967E-06 4.7121E+04 0.0000E+003542 8454  273
 6.7118E-07 1.1343E-06 4.7122E+04 0.0000E+00 8.6479E-08 3.4419E-073542 8454  274
 4.7122E+04 1.0000E+00 4.4794E-08 1.7828E-07 4.7123E+04 0.0000E+003542 8454  275
 1.4503E-08 4.2930E-08 4.7124E+04 0.0000E+00 3.4670E-13 1.6396E-113542 8454  276
 4.7130E+04 0.0000E+00 6.6386E-12 3.1646E-10 4.8111E+04 0.0000E+003542 8454  277
 0.0000E+00 0.0000E+00 4.8112E+04 0.0000E+00 3.1744E-15 2.1084E-133542 8454  278
 4.8113E+04 0.0000E+00 1.9664E-13 1.0691E-11 4.8113E+04 1.0000E+003542 8454  279
 4.2004E-13 2.2837E-11 4.8114E+04 0.0000E+00 4.7037E-11 5.4422E-103542 8454  280
 4.8115E+04 0.0000E+00 4.9660E-10 5.2044E-09 4.8115E+04 1.0000E+003542 8454  281
 1.0608E-09 1.1117E-08 4.8116E+04 0.0000E+00 2.4547E-08 6.7013E-083542 8454  282
 4.8117E+04 0.0000E+00 6.3612E-08 2.3791E-07 4.8117E+04 1.0000E+003542 8454  283
 1.3588E-07 5.0819E-07 4.8118E+04 0.0000E+00 8.9417E-07 1.4575E-063542 8454  284
 4.8119E+04 0.0000E+00 7.4568E-07 2.3638E-06 4.8119E+04 1.0000E+003542 8454  285
 1.5928E-06 5.0493E-06 4.8120E+04 0.0000E+00 3.7305E-06 5.8941E-063542 8454  286
 4.8121E+04 0.0000E+00 1.1878E-06 3.8010E-06 4.8121E+04 1.0000E+003542 8454  287
 2.5373E-06 8.1192E-06 4.8122E+04 0.0000E+00 2.3259E-06 3.8145E-063542 8454  288
 4.8123E+04 0.0000E+00 3.4393E-07 1.1762E-06 4.8123E+04 1.0000E+003542 8454  289
 5.3956E-07 1.8453E-06 4.8124E+04 0.0000E+00 3.4582E-08 1.1620E-073542 8454  290
 4.8125E+04 0.0000E+00 3.3241E-09 3.2942E-08 4.8125E+04 1.0000E+003542 8454  291
 5.2148E-09 5.1679E-08 4.8126E+04 0.0000E+00 2.7991E-09 2.1665E-083542 8454  292
 4.8127E+04 0.0000E+00 1.3814E-09 1.3812E-07 4.8128E+04 0.0000E+003542 8454  293
 6.0367E-10 1.2641E-08 4.8129E+04 0.0000E+00 1.7471E-10 6.1829E-093542 8454  294
 4.8130E+04 0.0000E+00 1.4628E-07 1.0503E-06 4.8131E+04 0.0000E+003542 8454  295
 1.2400E-08 1.9294E-07 4.8132E+04 0.0000E+00 5.4226E-10 1.8806E-083542 8454  296
 4.9113E+04 0.0000E+00 0.0000E+00 0.0000E+00 4.9115E+04 0.0000E+003542 8454  297
 2.5310E-13 1.5553E-11 4.9115E+04 1.0000E+00 8.7220E-14 5.3597E-123542 8454  298
 4.9116E+04 0.0000E+00 5.7188E-12 2.3550E-10 4.9116E+04 1.0000E+003542 8454  299
 1.1362E-11 4.6790E-10 4.9116E+04 2.0000E+00 4.9494E-12 2.0382E-103542 8454  300
 4.9117E+04 0.0000E+00 5.1670E-10 6.5931E-09 4.9117E+04 1.0000E+003542 8454  301
 1.7806E-10 2.2721E-09 4.9118E+04 0.0000E+00 2.9593E-09 2.8883E-083542 8454  302
 4.9118E+04 1.0000E+00 5.8797E-09 5.7386E-08 4.9118E+04 2.0000E+003542 8454  303
 2.5612E-09 2.4997E-08 4.9119E+04 0.0000E+00 7.6207E-08 3.1397E-073542 8454  304
 4.9119E+04 1.0000E+00 2.6262E-08 1.0820E-07 4.9120E+04 0.0000E+003542 8454  305
 1.3644E-07 6.9856E-07 4.9120E+04 1.0000E+00 2.7108E-07 1.3879E-063542 8454  306
 4.9120E+04 2.0000E+00 1.1808E-07 6.0458E-07 4.9121E+04 0.0000E+003542 8454  307
 1.1842E-06 3.8605E-06 4.9121E+04 1.0000E+00 4.0809E-07 1.3304E-063542 8454  308
 4.9122E+04 0.0000E+00 7.6151E-07 3.7238E-06 4.9122E+04 1.0000E+003542 8454  309
 1.5130E-06 7.3985E-06 4.9122E+04 2.0000E+00 6.5906E-07 3.2228E-063542 8454  310
 4.9123E+04 0.0000E+00 2.4935E-06 8.2536E-06 4.9123E+04 1.0000E+003542 8454  311
 8.5930E-07 2.8443E-06 4.9124E+04 0.0000E+00 1.0558E-06 3.5791E-063542 8454  312
 4.9124E+04 1.0000E+00 2.0382E-06 6.9097E-06 4.9125E+04 0.0000E+003542 8454  313
 1.7159E-06 5.8168E-06 4.9125E+04 1.0000E+00 5.9132E-07 2.0046E-063542 8454  314
 4.9126E+04 0.0000E+00 8.4422E-07 2.5749E-06 4.9126E+04 1.0000E+003542 8454  315
 1.6298E-06 4.9710E-06 4.9127E+04 0.0000E+00 3.1918E-06 3.1915E-043542 8454  316
 4.9127E+04 1.0000E+00 1.1000E-06 1.0998E-04 4.9128E+04 0.0000E+003542 8454  317
 4.6331E-06 1.3946E-05 4.9128E+04 1.0000E+00 2.3999E-06 7.2236E-063542 8454  318
 4.9129E+04 0.0000E+00 6.0148E-06 2.7067E-05 4.9129E+04 1.0000E+003542 8454  319
 2.0728E-06 9.3275E-06 4.9130E+04 0.0000E+00 1.2041E-05 4.2865E-053542 8454  320
 4.9130E+04 1.0000E+00 1.8008E-05 6.4109E-05 4.9130E+04 2.0000E+003542 8454  321
 5.0438E-06 1.7956E-05 4.9131E+04 0.0000E+00 1.0555E-05 7.4728E-053542 8454  322
 4.9131E+04 1.0000E+00 3.6373E-06 2.5752E-05 4.9131E+04 2.0000E+003542 8454  323
 2.1590E-06 1.5286E-05 4.9132E+04 0.0000E+00 2.3979E-06 1.2205E-053542 8454  324
 4.9133E+04 0.0000E+00 1.9617E-07 2.2304E-06 4.9134E+04 0.0000E+003542 8454  325
 4.7701E-09 1.2407E-07 4.9135E+04 0.0000E+00 7.7255E-11 4.6848E-093542 8454  326
 5.0115E+04 0.0000E+00 0.0000E+00 0.0000E+00 5.0116E+04 0.0000E+003542 8454  327
 8.1202E-16 6.8381E-14 5.0117E+04 0.0000E+00 2.9609E-14 2.2539E-123542 8454  328
 5.0117E+04 1.0000E+00 7.4563E-14 5.6758E-12 5.0118E+04 0.0000E+003542 8454  329
 6.7009E-12 1.1713E-10 5.0119E+04 0.0000E+00 6.4808E-11 1.0622E-093542 8454  330
 5.0119E+04 1.0000E+00 1.6320E-10 2.6749E-09 5.0120E+04 0.0000E+003542 8454  331
 4.2654E-09 1.7360E-08 5.0121E+04 0.0000E+00 1.7553E-08 8.3376E-083542 8454  332
 5.0121E+04 1.0000E+00 2.7537E-08 1.3080E-07 5.0122E+04 0.0000E+003542 8454  333
 2.7502E-07 5.0329E-07 5.0123E+04 0.0000E+00 6.0281E-07 2.0556E-063542 8454  334
 5.0123E+04 1.0000E+00 3.8425E-07 1.3103E-06 5.0124E+04 0.0000E+003542 8454  335
 1.7667E-06 3.0563E-06 5.0125E+04 0.0000E+00 1.7243E-06 5.7935E-063542 8454  336
 5.0125E+04 1.0000E+00 1.0991E-06 3.6930E-06 5.0126E+04 0.0000E+003542 8454  337
 6.6523E-06 9.6458E-06 5.0127E+04 0.0000E+00 1.6532E-05 3.4882E-053542 8454  338
 5.0127E+04 1.0000E+00 1.0538E-05 2.2235E-05 5.0128E+04 0.0000E+003542 8454  339
 4.6059E-05 4.6054E-03 5.0128E+04 1.0000E+00 6.8885E-05 6.8879E-033542 8454  340
 5.0129E+04 0.0000E+00 1.5014E-04 1.5012E-02 5.0129E+04 1.0000E+003542 8454  341
 2.3554E-04 2.3551E-02 5.0130E+04 0.0000E+00 4.1407E-04 4.1403E-023542 8454  342
 5.0130E+04 1.0000E+00 6.1929E-04 6.1923E-02 5.0131E+04 0.0000E+003542 8454  343
 4.9005E-04 4.8515E-04 5.0131E+04 1.0000E+00 7.6879E-04 7.6110E-043542 8454  344
 5.0132E+04 0.0000E+00 9.7655E-04 8.0077E-04 5.0133E+04 0.0000E+003542 8454  345
 2.6169E-04 4.4226E-04 5.0134E+04 0.0000E+00 4.1077E-05 1.5281E-043542 8454  346
 5.0135E+04 0.0000E+00 2.5886E-06 2.1900E-05 5.0136E+04 0.0000E+003542 8454  347
 8.8260E-08 1.7334E-06 5.0137E+04 0.0000E+00 8.3650E-10 3.8713E-083542 8454  348
 5.1120E+04 0.0000E+00 8.3261E-13 3.8250E-11 5.1120E+04 1.0000E+003542 8454  349
 7.2059E-13 3.3104E-11 5.1121E+04 0.0000E+00 6.2400E-11 6.6956E-103542 8454  350
 5.1122E+04 0.0000E+00 8.4034E-10 8.6975E-09 5.1122E+04 1.0000E+003542 8454  351
 5.7569E-10 5.9584E-09 5.1123E+04 0.0000E+00 1.8361E-08 5.1595E-083542 8454  352
 5.1124E+04 0.0000E+00 1.4347E-09 2.6169E-08 5.1124E+04 1.0000E+003542 8454  353
 1.6373E-09 2.9865E-08 5.1124E+04 2.0000E+00 7.4316E-10 1.3555E-083542 8454  354
 5.1125E+04 0.0000E+00 1.8947E-08 7.5601E-08 5.1126E+04 0.0000E+003542 8454  355
 2.1657E-08 1.7282E-07 5.1126E+04 1.0000E+00 6.9167E-08 5.5195E-073542 8454  356
 5.1126E+04 2.0000E+00 4.1810E-08 3.3365E-07 5.1127E+04 0.0000E+003542 8454  357
 1.5106E-06 2.6133E-06 5.1128E+04 0.0000E+00 1.1811E-05 2.6458E-053542 8454  358
 5.1128E+04 1.0000E+00 4.9479E-06 1.1083E-05 5.1129E+04 0.0000E+003542 8454  359
 8.8947E-05 1.3164E-04 5.1129E+04 1.0000E+00 4.9029E-05 7.2563E-053542 8454  360
 5.1130E+04 0.0000E+00 4.3328E-04 3.8128E-04 5.1130E+04 1.0000E+003542 8454  361
 1.8150E-04 1.5972E-04 5.1131E+04 0.0000E+00 2.8997E-03 9.5689E-043542 8454  362
 5.1132E+04 0.0000E+00 3.7344E-03 2.1659E-03 5.1132E+04 1.0000E+003542 8454  363
 1.5643E-03 9.0731E-04 5.1133E+04 0.0000E+00 6.7756E-03 2.3715E-033542 8454  364
 5.1134E+04 0.0000E+00 1.2820E-03 1.5384E-03 5.1134E+04 1.0000E+003542 8454  365
 1.9174E-03 2.3009E-03 5.1135E+04 0.0000E+00 1.2178E-03 1.4978E-033542 8454  366
 5.1136E+04 0.0000E+00 1.5320E-04 4.1824E-04 5.1137E+04 0.0000E+003542 8454  367
 1.0415E-05 6.5302E-05 5.1138E+04 0.0000E+00 2.1842E-07 3.1999E-063542 8454  368
 5.1139E+04 0.0000E+00 3.3284E-09 1.1563E-07 5.2122E+04 0.0000E+003542 8454  369
 3.1951E-13 9.6395E-12 5.2123E+04 0.0000E+00 5.1526E-12 1.4314E-103542 8454  370
 5.2123E+04 1.0000E+00 1.1007E-11 3.0576E-10 5.2124E+04 0.0000E+003542 8454  371
 5.7148E-15 5.4873E-13 5.2125E+04 0.0000E+00 2.9514E-14 2.9511E-123542 8454  372
 5.2125E+04 1.0000E+00 7.4324E-14 7.4316E-12 5.2126E+04 0.0000E+003542 8454  373
 2.6913E-12 9.7612E-11 5.2127E+04 0.0000E+00 4.4639E-11 1.9610E-093542 8454  374
 5.2127E+04 1.0000E+00 7.0029E-11 3.0764E-09 5.2128E+04 0.0000E+003542 8454  375
 4.7838E-09 6.2955E-08 5.2129E+04 0.0000E+00 5.7329E-08 8.9434E-073542 8454  376
 5.2129E+04 1.0000E+00 8.9938E-08 1.4030E-06 5.2130E+04 0.0000E+003542 8454  377
 6.6229E-05 7.6163E-05 5.2131E+04 0.0000E+00 2.5249E-04 2.5247E-023542 8454  378
 5.2131E+04 1.0000E+00 4.5807E-04 4.5802E-02 5.2132E+04 0.0000E+003542 8454  379
 5.2309E-03 5.2304E-01 5.2133E+04 0.0000E+00 5.9078E-03 3.1311E-033542 8454  380
 5.2133E+04 1.0000E+00 9.2681E-03 4.9121E-03 5.2134E+04 0.0000E+003542 8454  381
 3.1107E-02 6.8436E-03 5.2135E+04 0.0000E+00 3.1926E-02 8.6200E-033542 8454  382
 5.2136E+04 0.0000E+00 2.2100E-02 9.9451E-03 5.2137E+04 0.0000E+003542 8454  383
 5.1756E-03 4.7098E-03 5.2138E+04 0.0000E+00 7.4181E-04 1.4762E-033542 8454  384
 5.2139E+04 0.0000E+00 4.6745E-05 2.1362E-04 5.2140E+04 0.0000E+003542 8454  385
 1.9070E-06 2.0443E-05 5.2141E+04 0.0000E+00 2.9051E-08 7.4284E-073542 8454  386
 5.2142E+04 0.0000E+00 2.3020E-10 1.4256E-08 5.3127E+04 0.0000E+003542 8454  387
 0.0000E+00 0.0000E+00 5.3129E+04 0.0000E+00 1.0088E-13 1.0087E-113542 8454  388
 5.3130E+04 0.0000E+00 5.9336E-08 8.1943E-07 5.3130E+04 1.0000E+003542 8454  389
 3.9673E-08 5.4789E-07 5.3131E+04 0.0000E+00 4.7786E-06 1.6439E-053542 8454  390
 5.3132E+04 0.0000E+00 4.1398E-05 1.4034E-04 5.3132E+04 1.0000E+003542 8454  391
 4.7245E-05 1.6016E-04 5.3133E+04 0.0000E+00 8.5568E-04 1.4461E-033542 8454  392
 5.3133E+04 1.0000E+00 2.8793E-04 4.8660E-04 5.3134E+04 0.0000E+003542 8454  393
 3.9503E-03 3.5553E-03 5.3134E+04 1.0000E+00 1.6548E-03 1.4893E-033542 8454  394
 5.3135E+04 0.0000E+00 2.4182E-02 6.5292E-03 5.3136E+04 0.0000E+003542 8454  395
 1.8817E-02 7.5267E-03 5.3136E+04 1.0000E+00 2.1474E-02 8.5897E-033542 8454  396
 5.3137E+04 0.0000E+00 4.4685E-02 1.0278E-02 5.3138E+04 0.0000E+003542 8454  397
 1.9180E-02 6.7130E-03 5.3139E+04 0.0000E+00 7.3970E-03 4.8820E-033542 8454  398
 5.3140E+04 0.0000E+00 1.1494E-03 1.6437E-03 5.3141E+04 0.0000E+003542 8454  399
 1.3175E-04 4.3084E-04 5.3142E+04 0.0000E+00 4.7528E-06 3.6596E-053542 8454  400
 5.3143E+04 0.0000E+00 9.4491E-08 1.7500E-06 5.3144E+04 0.0000E+003542 8454  401
 5.4384E-10 2.4647E-08 5.4130E+04 0.0000E+00 1.4397E-11 6.6027E-103542 8454  402
 5.4131E+04 0.0000E+00 5.0821E-10 2.3286E-08 5.4131E+04 1.0000E+003542 8454  403
 1.2798E-09 5.8640E-08 5.4132E+04 0.0000E+00 1.5961E-07 1.7908E-063542 8454  404
 5.4133E+04 0.0000E+00 2.2053E-06 2.3817E-05 5.4133E+04 1.0000E+003542 8454  405
 3.4597E-06 3.7364E-05 5.4134E+04 0.0000E+00 5.5349E-05 2.8505E-043542 8454  406
 5.4134E+04 1.0000E+00 8.2780E-05 4.2632E-04 5.4135E+04 0.0000E+003542 8454  407
 6.2924E-04 1.5479E-03 5.4135E+04 1.0000E+00 9.8715E-04 2.4284E-033542 8454  408
 5.4136E+04 0.0000E+00 1.2537E-02 7.6475E-03 5.4137E+04 0.0000E+003542 8454  409
 3.4326E-02 1.1328E-02 5.4138E+04 0.0000E+00 6.4849E-02 1.4267E-023542 8454  410
 5.4139E+04 0.0000E+00 6.5300E-02 1.3060E-02 5.4140E+04 0.0000E+003542 8454  411
 5.3853E-02 1.5079E-02 5.4141E+04 0.0000E+00 2.1018E-02 1.0088E-023542 8454  412
 5.4142E+04 0.0000E+00 5.2817E-03 5.3345E-03 5.4143E+04 0.0000E+003542 8454  413
 4.5460E-04 1.0501E-03 5.4144E+04 0.0000E+00 2.2392E-05 1.2226E-043542 8454  414
 5.4145E+04 0.0000E+00 4.3456E-07 5.7578E-06 5.4146E+04 0.0000E+003542 8454  415
 4.1405E-09 1.3585E-07 5.4147E+04 0.0000E+00 9.0925E-12 7.5204E-103542 8454  416
 5.5132E+04 0.0000E+00 2.6838E-12 2.0649E-10 5.5133E+04 0.0000E+003542 8454  417
 4.6751E-10 1.7485E-08 5.5134E+04 0.0000E+00 2.5533E-08 9.1332E-073542 8454  418
 5.5134E+04 1.0000E+00 6.7713E-09 2.4221E-07 5.5135E+04 0.0000E+003542 8454  419
 1.4760E-06 2.4930E-05 5.5135E+04 1.0000E+00 4.9666E-07 8.3886E-063542 8454  420
 5.5136E+04 0.0000E+00 3.4072E-05 2.6951E-04 5.5136E+04 1.0000E+003542 8454  421
 1.0668E-05 8.4386E-05 5.5137E+04 0.0000E+00 6.3231E-04 1.1698E-033542 8454  422
 5.5138E+04 0.0000E+00 1.7570E-03 3.1100E-03 5.5138E+04 1.0000E+003542 8454  423
 1.5206E-03 2.6915E-03 5.5139E+04 0.0000E+00 1.5290E-02 6.8805E-033542 8454  424
 5.5140E+04 0.0000E+00 3.1242E-02 8.1230E-03 5.5141E+04 0.0000E+003542 8454  425
 5.5880E-02 1.1176E-02 5.5142E+04 0.0000E+00 3.9939E-02 9.1859E-033542 8454  426
 5.5143E+04 0.0000E+00 2.0460E-02 7.3656E-03 5.5144E+04 0.0000E+003542 8454  427
 3.8821E-03 2.7951E-03 5.5144E+04 1.0000E+00 0.0000E+00 0.0000E+003542 8454  428
 5.5145E+04 0.0000E+00 5.9365E-04 9.5578E-04 5.5146E+04 0.0000E+003542 8454  429
 2.7683E-05 1.0603E-04 5.5147E+04 0.0000E+00 5.8916E-07 5.5322E-063542 8454  430
 5.5148E+04 0.0000E+00 3.1880E-09 7.5078E-08 5.5149E+04 0.0000E+003542 8454  431
 1.0141E-11 6.1062E-10 5.6134E+04 0.0000E+00 5.8170E-13 5.8164E-113542 8454  432
 5.6135E+04 0.0000E+00 2.9338E-11 2.9335E-09 5.6135E+04 1.0000E+003542 8454  433
 7.3881E-11 7.3874E-09 5.6136E+04 0.0000E+00 5.0619E-09 2.8929E-073542 8454  434
 5.6136E+04 1.0000E+00 7.5706E-09 4.3266E-07 5.6137E+04 0.0000E+003542 8454  435
 1.5604E-07 4.1695E-06 5.6137E+04 1.0000E+00 3.9296E-07 1.0500E-053542 8454  436
 5.6138E+04 0.0000E+00 1.5890E-05 9.8520E-05 5.6139E+04 0.0000E+003542 8454  437
 2.2829E-04 6.5519E-04 5.6140E+04 0.0000E+00 2.4895E-03 3.3111E-033542 8454  438
 5.6141E+04 0.0000E+00 1.2420E-02 7.9490E-03 5.6142E+04 0.0000E+003542 8454  439
 4.1755E-02 1.4197E-02 5.6143E+04 0.0000E+00 5.5369E-02 1.2735E-023542 8454  440
 5.6144E+04 0.0000E+00 5.2897E-02 1.1108E-02 5.6145E+04 0.0000E+003542 8454  441
 2.6401E-02 7.6563E-03 5.6146E+04 0.0000E+00 8.5701E-03 4.5421E-033542 8454  442
 5.6147E+04 0.0000E+00 8.2309E-04 9.3009E-04 5.6148E+04 0.0000E+003542 8454  443
 4.1009E-05 1.0949E-04 5.6149E+04 0.0000E+00 7.4542E-07 4.9198E-063542 8454  444
 5.6150E+04 0.0000E+00 6.7374E-09 1.1285E-07 5.6151E+04 0.0000E+003542 8454  445
 1.7175E-11 7.4524E-10 5.7137E+04 0.0000E+00 5.6339E-12 5.5832E-103542 8454  446
 5.7138E+04 0.0000E+00 5.0185E-10 2.3341E-08 5.7139E+04 0.0000E+003542 8454  447
 4.0938E-08 8.8550E-07 5.7140E+04 0.0000E+00 1.4362E-06 1.4319E-053542 8454  448
 5.7141E+04 0.0000E+00 4.1555E-05 1.8991E-04 5.7142E+04 0.0000E+003542 8454  449
 4.4166E-04 9.2308E-04 5.7143E+04 0.0000E+00 3.1557E-03 3.0610E-033542 8454  450
 5.7144E+04 0.0000E+00 8.3879E-03 4.0262E-03 5.7145E+04 0.0000E+003542 8454  451
 1.9893E-02 5.7690E-03 5.7146E+04 0.0000E+00 8.2586E-03 3.7990E-033542 8454  452
 5.7146E+04 1.0000E+00 9.4250E-03 4.3355E-03 5.7147E+04 0.0000E+003542 8454  453
 9.5690E-03 2.6793E-03 5.7148E+04 0.0000E+00 1.8013E-03 7.7457E-043542 8454  454
 5.7149E+04 0.0000E+00 2.6567E-04 2.2051E-04 5.7150E+04 0.0000E+003542 8454  455
 1.2571E-05 2.3633E-05 5.7151E+04 0.0000E+00 3.4042E-07 1.5693E-063542 8454  456
 5.7152E+04 0.0000E+00 2.1995E-09 2.5888E-08 5.7153E+04 0.0000E+003542 8454  457
 6.1869E-12 1.9025E-10 5.8139E+04 0.0000E+00 9.3970E-14 9.3961E-123542 8454  458
 5.8139E+04 1.0000E+00 1.4742E-13 1.4741E-11 5.8140E+04 0.0000E+003542 8454  459
 4.8757E-11 3.7855E-09 5.8141E+04 0.0000E+00 4.6676E-09 1.6771E-073542 8454  460
 5.8142E+04 0.0000E+00 3.0288E-07 4.9854E-06 5.8143E+04 0.0000E+003542 8454  461
 7.4707E-06 5.5806E-05 5.8144E+04 0.0000E+00 1.2265E-04 4.1211E-043542 8454  462
 5.8145E+04 0.0000E+00 9.6409E-04 1.4654E-03 5.8146E+04 0.0000E+003542 8454  463
 4.7433E-03 3.3677E-03 5.8147E+04 0.0000E+00 7.2931E-03 2.8443E-033542 8454  464
 5.8148E+04 0.0000E+00 6.8800E-03 2.1328E-03 5.8149E+04 0.0000E+003542 8454  465
 3.1179E-03 1.0601E-03 5.8150E+04 0.0000E+00 9.8222E-04 4.6164E-043542 8454  466
 5.8151E+04 0.0000E+00 1.2073E-04 8.9338E-05 5.8152E+04 0.0000E+003542 8454  467
 7.5490E-06 1.0870E-05 5.8153E+04 0.0000E+00 1.3094E-07 4.2950E-073542 8454  468
 5.8154E+04 0.0000E+00 1.1198E-09 9.1600E-09 5.8155E+04 0.0000E+003542 8454  469
 3.4425E-12 7.3257E-11 5.9141E+04 0.0000E+00 4.3607E-15 4.3602E-133542 8454  470
 5.9142E+04 0.0000E+00 3.7138E-13 3.7134E-11 5.9142E+04 1.0000E+003542 8454  471
 5.5544E-13 5.5538E-11 5.9143E+04 0.0000E+00 1.3981E-10 8.5379E-093542 8454  472
 5.9144E+04 0.0000E+00 1.1520E-09 6.3926E-08 5.9144E+04 1.0000E+003542 8454  473
 6.9389E-09 3.8504E-07 5.9145E+04 0.0000E+00 4.1382E-07 5.1562E-063542 8454  474
 5.9146E+04 0.0000E+00 7.4544E-06 4.1223E-05 5.9147E+04 0.0000E+003542 8454  475
 7.4073E-05 1.8148E-04 5.9148E+04 0.0000E+00 6.2599E-05 1.3897E-043542 8454  476
 5.9148E+04 1.0000E+00 1.7407E-04 3.8644E-04 5.9149E+04 0.0000E+003542 8454  477
 5.9368E-04 3.4433E-04 5.9150E+04 0.0000E+00 5.3688E-04 2.4696E-043542 8454  478
 5.9151E+04 0.0000E+00 3.5326E-04 1.9076E-04 5.9152E+04 0.0000E+003542 8454  479
 7.7520E-05 5.5814E-05 5.9153E+04 0.0000E+00 1.0553E-05 1.0975E-053542 8454  480
 5.9154E+04 0.0000E+00 4.7993E-07 7.8229E-07 5.9155E+04 0.0000E+003542 8454  481
 1.6428E-08 4.8297E-08 5.9156E+04 0.0000E+00 1.5326E-10 9.5330E-103542 8454  482
 5.9157E+04 0.0000E+00 4.0166E-13 6.5511E-12 6.0142E+04 0.0000E+003542 8454  483
 0.0000E+00 0.0000E+00 6.0143E+04 0.0000E+00 6.5160E-17 6.5154E-153542 8454  484
 6.0144E+04 0.0000E+00 2.3220E-14 2.3217E-12 6.0145E+04 0.0000E+003542 8454  485
 4.2542E-12 4.2538E-10 6.0146E+04 0.0000E+00 5.1439E-10 2.4511E-083542 8454  486
 6.0147E+04 0.0000E+00 1.9801E-08 4.1878E-07 6.0148E+04 0.0000E+003542 8454  487
 4.5104E-07 4.1812E-06 6.0149E+04 0.0000E+00 4.4898E-06 1.8094E-053542 8454  488
 6.0150E+04 0.0000E+00 2.7792E-05 4.9469E-05 6.0151E+04 0.0000E+003542 8454  489
 6.3533E-05 5.8450E-05 6.0152E+04 0.0000E+00 7.7978E-05 6.0823E-053542 8454  490
 6.0153E+04 0.0000E+00 3.1897E-05 3.1578E-05 6.0154E+04 0.0000E+003542 8454  491
 8.7349E-06 1.2229E-05 6.0155E+04 0.0000E+00 1.2430E-06 2.5855E-063542 8454  492
 6.0156E+04 0.0000E+00 1.0835E-07 3.4781E-07 6.0157E+04 0.0000E+003542 8454  493
 2.1902E-09 1.1367E-08 6.0158E+04 0.0000E+00 6.9726E-12 7.0353E-113542 8454  494
 6.1147E+04 0.0000E+00 2.7549E-14 2.7547E-12 6.1148E+04 0.0000E+003542 8454  495
 9.7708E-13 9.7698E-11 6.1148E+04 1.0000E+00 1.4613E-12 1.4612E-103542 8454  496
 6.1149E+04 0.0000E+00 1.7704E-10 6.4709E-09 6.1150E+04 0.0000E+003542 8454  497
 4.6028E-09 7.2862E-08 6.1151E+04 0.0000E+00 8.0586E-08 5.4718E-073542 8454  498
 6.1152E+04 0.0000E+00 1.0587E-07 9.4010E-07 6.1152E+04 1.0000E+003542 8454  499
 2.9439E-07 2.6142E-06 6.1152E+04 2.0000E+00 1.2539E-08 1.1135E-073542 8454  500
 6.1153E+04 0.0000E+00 1.1730E-06 1.8299E-06 6.1154E+04 0.0000E+003542 8454  501
 1.5578E-07 4.6579E-07 6.1154E+04 1.0000E+00 9.3830E-07 2.8055E-063542 8454  502
 6.1155E+04 0.0000E+00 8.5901E-07 1.7867E-06 6.1156E+04 0.0000E+003542 8454  503
 2.3629E-07 7.4669E-07 6.1157E+04 0.0000E+00 3.7465E-08 1.8695E-073542 8454  504
 6.1158E+04 0.0000E+00 1.3228E-09 1.0768E-08 6.1159E+04 0.0000E+003542 8454  505
 2.2873E-11 3.1496E-10 6.2147E+04 0.0000E+00 0.0000E+00 0.0000E+003542 8454  506
 6.2148E+04 0.0000E+00 0.0000E+00 0.0000E+00 6.2149E+04 0.0000E+003542 8454  507
 1.1854E-16 1.1852E-14 6.2150E+04 0.0000E+00 2.2805E-14 2.2803E-123542 8454  508
 6.2151E+04 0.0000E+00 1.7259E-12 1.1109E-10 6.2152E+04 0.0000E+003542 8454  509
 7.1493E-11 1.9739E-09 6.2153E+04 0.0000E+00 3.6483E-10 8.5698E-093542 8454  510
 6.2153E+04 1.0000E+00 5.7234E-10 1.3444E-08 6.2154E+04 0.0000E+003542 8454  511
 7.2152E-09 3.6870E-08 6.2155E+04 0.0000E+00 2.4675E-08 7.2050E-083542 8454  512
 6.2156E+04 0.0000E+00 4.7231E-08 1.5492E-07 6.2157E+04 0.0000E+003542 8454  513
 2.3442E-08 1.1721E-07 6.2158E+04 0.0000E+00 7.5863E-09 6.1676E-083542 8454  514
 6.2159E+04 0.0000E+00 1.0402E-09 1.4209E-08 6.2160E+04 0.0000E+003542 8454  515
 1.0410E-10 2.4682E-09 6.2161E+04 0.0000E+00 1.5724E-12 6.6920E-113542 8454  516
 6.3151E+04 0.0000E+00 0.0000E+00 0.0000E+00 6.3153E+04 0.0000E+003542 8454  517
 2.3296E-15 2.3294E-13 6.3154E+04 0.0000E+00 5.5261E-14 5.4863E-123542 8454  518
 6.3155E+04 0.0000E+00 2.4876E-12 5.2364E-11 6.3156E+04 0.0000E+003542 8454  519
 2.3226E-11 2.1646E-10 6.3157E+04 0.0000E+00 8.9751E-11 5.6902E-103542 8454  520
 6.3158E+04 0.0000E+00 5.4875E-11 4.6259E-10 6.3159E+04 0.0000E+003542 8454  521
 5.8868E-11 8.0709E-10 6.3160E+04 0.0000E+00 1.9471E-11 4.6186E-103542 8454  522
 6.3161E+04 0.0000E+00 1.0348E-11 4.3959E-10 6.3162E+04 0.0000E+003542 8454  523
 6.0350E-13 4.7411E-11 6.4155E+04 0.0000E+00 0.0000E+00 0.0000E+003542 8454  524
 6.4156E+04 0.0000E+00 2.2466E-16 2.0857E-14 6.4157E+04 0.0000E+003542 8454  525
 2.9828E-15 1.3121E-13 6.4158E+04 0.0000E+00 3.8990E-15 1.3491E-133542 8454  526
 6.4159E+04 0.0000E+00 5.5009E-15 1.5232E-13 6.4160E+04 0.0000E+003542 8454  527
 1.7717E-14 5.0193E-13 6.4161E+04 0.0000E+00 7.3729E-14 3.1932E-123542 8454  528
 6.4162E+04 0.0000E+00 4.2170E-13 3.3162E-11 6.4163E+04 0.0000E+003542 8454  529
 7.2486E-14 7.2479E-12 6.5159E+04 0.0000E+00 0.0000E+00 0.0000E+003542 8454  530
 6.5161E+04 0.0000E+00 0.0000E+00 0.0000E+00 6.5162E+04 0.0000E+003542 8454  531
 0.0000E+00 0.0000E+00 6.6161E+04 0.0000E+00 0.0000E+00 0.0000E+003542 8454  532
 6.6162E+04 0.0000E+00 0.0000E+00 0.0000E+00 0.0000E+00 0.0000E+003542 8454  533
 0.0000E+00 0.0000E+00          0          0          0          03542 8  099999
 9.2235E+04 2.3302E+02          1          0          0          03542 8459    1
 0.0000E+00 0.0000E+00          0          0       3184        7963542 8459    2
 2.8071E+04 0.0000E+00 1.5467E-13 1.5466E-11 2.8072E+04 0.0000E+003542 8459    3
 2.7647E-13 1.6339E-11 2.9071E+04 0.0000E+00 2.6069E-13 2.6067E-113542 8459    4
 2.9072E+04 0.0000E+00 3.1758E-12 1.8680E-10 2.9073E+04 0.0000E+003542 8459    5
 1.9420E-11 6.2688E-10 2.9074E+04 0.0000E+00 2.2763E-11 4.1632E-103542 8459    6
 2.9075E+04 0.0000E+00 6.1524E-11 6.6569E-10 2.9076E+04 0.0000E+003542 8459    7
 6.0824E-11 4.3428E-10 2.9077E+04 0.0000E+00 5.5794E-11 3.9390E-103542 8459    8
 2.9078E+04 0.0000E+00 7.9181E-12 1.1188E-10 2.9079E+04 0.0000E+003542 8459    9
 6.1677E-13 2.0391E-11 3.0071E+04 0.0000E+00 2.6069E-13 2.6066E-113542 8459   10
 3.0072E+04 0.0000E+00 3.2639E-12 1.9198E-10 3.0073E+04 0.0000E+003542 8459   11
 3.5998E-11 1.1620E-09 3.0073E+04 1.0000E+00 1.3508E-11 8.7222E-103542 8459   12
 3.0074E+04 0.0000E+00 3.5129E-10 6.4215E-09 3.0075E+04 0.0000E+003542 8459   13
 2.7301E-09 2.9185E-08 3.0076E+04 0.0000E+00 1.4935E-08 9.6333E-083542 8459   14
 3.0077E+04 0.0000E+00 2.1219E-08 1.4366E-07 3.0077E+04 1.0000E+003542 8459   15
 4.3193E-09 3.5073E-08 3.0078E+04 0.0000E+00 2.9088E-08 8.5229E-083542 8459   16
 3.0079E+04 0.0000E+00 1.1119E-08 4.0918E-08 3.0080E+04 0.0000E+003542 8459   17
 2.3697E-09 1.8602E-08 3.0081E+04 0.0000E+00 1.9437E-10 3.5745E-093542 8459   18
 3.0082E+04 0.0000E+00 9.5170E-12 4.0961E-10 3.0083E+04 0.0000E+003542 8459   19
 1.4416E-13 1.4354E-11 3.1071E+04 0.0000E+00 2.6069E-13 2.6066E-113542 8459   20
 3.1072E+04 0.0000E+00 3.2639E-12 1.9198E-10 3.1072E+04 1.0000E+003542 8459   21
 1.0876E-13 1.0876E-13 3.1073E+04 0.0000E+00 3.5998E-11 1.1621E-093542 8459   22
 3.1074E+04 0.0000E+00 2.6403E-10 4.8265E-09 3.1074E+04 1.0000E+003542 8459   23
 3.5141E-10 1.3167E-08 3.1075E+04 0.0000E+00 2.9925E-09 3.1990E-083542 8459   24
 3.1076E+04 0.0000E+00 2.2360E-08 1.4422E-07 3.1077E+04 0.0000E+003542 8459   25
 1.3742E-07 5.5244E-07 3.1078E+04 0.0000E+00 5.3611E-07 1.3831E-063542 8459   26
 3.1079E+04 0.0000E+00 1.4394E-06 2.5046E-06 3.1080E+04 0.0000E+003542 8459   27
 1.3591E-06 1.9435E-06 3.1081E+04 0.0000E+00 9.1332E-07 1.9088E-063542 8459   28
 3.1082E+04 0.0000E+00 2.0153E-07 9.1493E-07 3.1083E+04 0.0000E+003542 8459   29
 2.3896E-08 2.5234E-07 3.1084E+04 0.0000E+00 9.7946E-10 2.3997E-083542 8459   30
 3.1085E+04 0.0000E+00 2.8305E-11 1.5884E-09 3.1086E+04 0.0000E+003542 8459   31
 2.8213E-13 2.8210E-11 3.2072E+04 0.0000E+00 3.2639E-12 1.9198E-103542 8459   32
 3.2073E+04 0.0000E+00 3.5998E-11 1.1621E-09 3.2073E+04 1.0000E+003542 8459   33
 3.5469E-11 1.1449E-09 3.2074E+04 0.0000E+00 3.5188E-10 6.4325E-093542 8459   34
 3.2075E+04 0.0000E+00 2.9926E-09 3.1990E-08 3.2075E+04 1.0000E+003542 8459   35
 1.1980E-10 1.2806E-09 3.2076E+04 0.0000E+00 2.2561E-08 1.4551E-073542 8459   36
 3.2077E+04 0.0000E+00 3.6653E-08 1.4734E-07 3.2077E+04 1.0000E+003542 8459   37
 1.3972E-07 1.1471E-06 3.2078E+04 0.0000E+00 8.7589E-07 2.2599E-063542 8459   38
 3.2079E+04 0.0000E+00 2.0746E-06 5.5807E-06 3.2079E+04 1.0000E+003542 8459   39
 2.3914E-06 5.3806E-06 3.2080E+04 0.0000E+00 1.7676E-05 2.0680E-053542 8459   40
 3.2081E+04 0.0000E+00 3.0452E-05 5.2683E-05 3.2081E+04 1.0000E+003542 8459   41
 1.0704E-05 1.7341E-05 3.2082E+04 0.0000E+00 6.5370E-05 5.2296E-053542 8459   42
 3.2083E+04 0.0000E+00 3.3108E-05 4.1385E-05 3.2084E+04 0.0000E+003542 8459   43
 1.0430E-05 2.8266E-05 3.2085E+04 0.0000E+00 1.2566E-06 7.8162E-063542 8459   44
 3.2086E+04 0.0000E+00 9.0186E-08 1.2843E-06 3.2087E+04 0.0000E+003542 8459   45
 2.3958E-09 7.7263E-08 3.2088E+04 0.0000E+00 4.2216E-11 3.0472E-093542 8459   46
 3.2089E+04 0.0000E+00 2.6437E-13 2.6435E-11 3.3075E+04 0.0000E+003542 8459   47
 2.9926E-09 3.1990E-08 3.3077E+04 0.0000E+00 1.4984E-07 6.0235E-073542 8459   48
 3.3078E+04 0.0000E+00 8.7793E-07 2.2651E-06 3.3079E+04 0.0000E+003542 8459   49
 4.5155E-06 7.7667E-06 3.3080E+04 0.0000E+00 2.0598E-05 2.4099E-053542 8459   50
 3.3081E+04 0.0000E+00 8.1020E-05 6.7246E-05 3.3082E+04 0.0000E+003542 8459   51
 1.4269E-04 1.0986E-04 3.3082E+04 1.0000E+00 1.1564E-04 1.4339E-043542 8459   52
 3.3083E+04 0.0000E+00 6.0562E-04 2.8465E-04 3.3084E+04 0.0000E+003542 8459   53
 6.5676E-04 3.2182E-04 3.3084E+04 1.0000E+00 4.7399E-06 4.7399E-063542 8459   54
 3.3085E+04 0.0000E+00 5.4682E-04 4.3199E-04 3.3086E+04 0.0000E+003542 8459   55
 1.5423E-04 2.5603E-04 3.3087E+04 0.0000E+00 2.8570E-05 1.0657E-043542 8459   56
 3.3088E+04 0.0000E+00 1.8969E-06 1.5991E-05 3.3089E+04 0.0000E+003542 8459   57
 7.7418E-08 1.4640E-06 3.3090E+04 0.0000E+00 1.1322E-09 4.7496E-083542 8459   58
 3.3091E+04 0.0000E+00 1.3409E-11 1.2335E-09 3.3092E+04 0.0000E+003542 8459   59
 6.2710E-14 6.2704E-12 3.4077E+04 0.0000E+00 1.4984E-07 6.0235E-073542 8459   60
 3.4078E+04 0.0000E+00 8.7793E-07 2.2651E-06 3.4079E+04 0.0000E+003542 8459   61
 4.5131E-06 7.7175E-06 3.4079E+04 1.0000E+00 4.4086E-06 7.5828E-063542 8459   62
 3.4080E+04 0.0000E+00 2.0611E-05 2.4115E-05 3.4081E+04 0.0000E+003542 8459   63
 8.1908E-05 6.7983E-05 3.4081E+04 1.0000E+00 3.6348E-06 6.5062E-063542 8459   64
 3.4082E+04 0.0000E+00 2.8867E-04 1.7609E-04 3.4083E+04 0.0000E+003542 8459   65
 4.3339E-04 2.8605E-04 3.4083E+04 1.0000E+00 4.6242E-04 2.1272E-043542 8459   66
 3.4084E+04 0.0000E+00 2.4937E-03 8.9773E-04 3.4085E+04 0.0000E+003542 8459   67
 4.7505E-03 1.4252E-03 3.4086E+04 0.0000E+00 7.2048E-03 2.3776E-033542 8459   68
 3.4087E+04 0.0000E+00 4.6925E-03 2.4401E-03 3.4088E+04 0.0000E+003542 8459   69
 2.0560E-03 2.1587E-03 3.4089E+04 0.0000E+00 3.1012E-04 7.1016E-043542 8459   70
 3.4090E+04 0.0000E+00 2.9567E-05 1.5079E-04 3.4091E+04 0.0000E+003542 8459   71
 1.2317E-06 1.3942E-05 3.4092E+04 0.0000E+00 3.5006E-08 8.7060E-073542 8459   72
 3.4093E+04 0.0000E+00 3.7387E-10 2.0170E-08 3.4094E+04 0.0000E+003542 8459   73
 3.1842E-12 3.1839E-10 3.5079E+04 0.0000E+00 2.4688E-09 4.2217E-093542 8459   74
 3.5080E+04 0.0000E+00 2.4271E-13 1.7645E-11 3.5080E+04 1.0000E+003542 8459   75
 1.6145E-13 1.5763E-11 3.5081E+04 0.0000E+00 8.1911E-05 6.7986E-053542 8459   76
 3.5082E+04 0.0000E+00 3.5791E-08 2.1834E-08 3.5082E+04 1.0000E+003542 8459   77
 1.4481E-08 2.0824E-07 3.5083E+04 0.0000E+00 8.9883E-04 4.1346E-043542 8459   78
 3.5084E+04 0.0000E+00 2.5227E-03 9.0817E-04 3.5084E+04 1.0000E+003542 8459   79
 4.3390E-05 1.0544E-04 3.5085E+04 0.0000E+00 5.8203E-03 1.6879E-033542 8459   80
 3.5086E+04 0.0000E+00 1.2260E-02 3.0648E-03 3.5087E+04 0.0000E+003542 8459   81
 2.1144E-02 4.6516E-03 3.5088E+04 0.0000E+00 2.3208E-02 5.5698E-033542 8459   82
 3.5089E+04 0.0000E+00 1.8555E-02 6.6797E-03 3.5090E+04 0.0000E+003542 8459   83
 5.9037E-03 4.0146E-03 3.5091E+04 0.0000E+00 1.5118E-03 2.1920E-033542 8459   84
 3.5092E+04 0.0000E+00 1.4622E-04 4.6205E-04 3.5093E+04 0.0000E+003542 8459   85
 9.2894E-06 6.4004E-05 3.5094E+04 0.0000E+00 2.5173E-07 3.7508E-063542 8459   86
 3.5095E+04 0.0000E+00 6.2699E-09 1.9894E-07 3.5096E+04 0.0000E+003542 8459   87
 7.0293E-11 4.6604E-09 3.5097E+04 0.0000E+00 6.9740E-13 6.9733E-113542 8459   88
 3.6080E+04 0.0000E+00 2.2257E-13 1.3298E-11 3.6082E+04 0.0000E+003542 8459   89
 3.6140E-08 2.2046E-08 3.6083E+04 0.0000E+00 8.9883E-04 4.1346E-043542 8459   90
 3.6083E+04 1.0000E+00 8.9803E-04 4.2207E-04 3.6084E+04 0.0000E+003542 8459   91
 2.5661E-03 9.2381E-04 3.6085E+04 0.0000E+00 1.2575E-03 3.8984E-043542 8459   92
 3.6085E+04 1.0000E+00 5.8123E-03 1.7437E-03 3.6086E+04 0.0000E+003542 8459   93
 1.2990E-02 3.1174E-03 3.6087E+04 0.0000E+00 2.4411E-02 5.1265E-033542 8459   94
 3.6088E+04 0.0000E+00 3.9443E-02 8.2830E-03 3.6089E+04 0.0000E+003542 8459   95
 5.2618E-02 1.0523E-02 3.6090E+04 0.0000E+00 6.0399E-02 1.1476E-023542 8459   96
 3.6091E+04 0.0000E+00 4.3327E-02 1.1698E-02 3.6092E+04 0.0000E+003542 8459   97
 2.3058E-02 1.0837E-02 3.6093E+04 0.0000E+00 4.7221E-03 4.4389E-033542 8459   98
 3.6094E+04 0.0000E+00 7.4105E-04 1.4673E-03 3.6095E+04 0.0000E+003542 8459   99
 5.7948E-05 2.4397E-04 3.6096E+04 0.0000E+00 3.5182E-06 3.1242E-053542 8459  100
 3.6097E+04 0.0000E+00 1.0031E-07 1.8466E-06 3.6098E+04 0.0000E+003542 8459  101
 2.2346E-09 8.3864E-08 3.6099E+04 0.0000E+00 2.0508E-11 1.5443E-093542 8459  102
 3.6100E+04 0.0000E+00 1.3991E-13 1.3989E-11 3.7084E+04 0.0000E+003542 8459  103
 4.0078E-13 1.4428E-13 3.7084E+04 1.0000E+00 2.1361E-13 7.9035E-143542 8459  104
 3.7085E+04 0.0000E+00 5.8260E-03 1.6895E-03 3.7086E+04 0.0000E+003542 8459  105
 5.8432E-08 1.4024E-08 3.7086E+04 1.0000E+00 3.1143E-08 8.0971E-093542 8459  106
 3.7087E+04 0.0000E+00 2.4417E-02 4.8834E-03 3.7088E+04 0.0000E+003542 8459  107
 3.9600E-02 7.1280E-03 3.7089E+04 0.0000E+00 5.4927E-02 9.3376E-033542 8459  108
 3.7090E+04 0.0000E+00 5.5782E-02 9.4830E-03 3.7090E+04 1.0000E+003542 8459  109
 1.5883E-02 8.2593E-03 3.7091E+04 0.0000E+00 8.2242E-02 1.5625E-023542 8459  110
 3.7092E+04 0.0000E+00 7.7367E-02 1.5473E-02 3.7093E+04 0.0000E+003542 8459  111
 5.8211E-02 1.2807E-02 3.7094E+04 0.0000E+00 2.4478E-02 8.0778E-033542 8459  112
 3.7095E+04 0.0000E+00 9.8234E-03 6.0905E-03 3.7096E+04 0.0000E+003542 8459  113
 1.7423E-03 2.1605E-03 3.7096E+04 1.0000E+00 1.6974E-06 1.6974E-063542 8459  114
 3.7097E+04 0.0000E+00 2.5605E-04 6.5037E-04 3.7098E+04 0.0000E+003542 8459  115
 1.5841E-05 8.2373E-05 3.7098E+04 1.0000E+00 2.0793E-09 2.0793E-093542 8459  116
 3.7099E+04 0.0000E+00 7.0058E-07 7.3841E-06 3.7100E+04 0.0000E+003542 8459  117
 1.2428E-08 2.6298E-07 3.7101E+04 0.0000E+00 1.8833E-10 7.9662E-093542 8459  118
 3.7102E+04 0.0000E+00 1.0777E-12 9.1232E-11 3.8086E+04 0.0000E+003542 8459  119
 5.8429E-08 1.4023E-08 3.8087E+04 0.0000E+00 1.7971E-10 3.5941E-113542 8459  120
 3.8087E+04 1.0000E+00 1.7446E-10 4.0125E-11 3.8088E+04 0.0000E+003542 8459  121
 3.9601E-02 7.1281E-03 3.8089E+04 0.0000E+00 5.4930E-02 8.7888E-033542 8459  122
 3.8090E+04 0.0000E+00 7.1367E-02 1.0705E-02 3.8091E+04 0.0000E+003542 8459  123
 8.3729E-02 1.2560E-02 3.8092E+04 0.0000E+00 8.9714E-02 1.5251E-023542 8459  124
 3.8093E+04 0.0000E+00 9.0372E-02 1.6267E-02 3.8094E+04 0.0000E+003542 8459  125
 8.3374E-02 1.5841E-02 3.8095E+04 0.0000E+00 7.1015E-02 1.3493E-023542 8459  126
 3.8096E+04 0.0000E+00 5.2578E-02 1.3671E-02 3.8097E+04 0.0000E+003542 8459  127
 2.0222E-02 8.4931E-03 3.8098E+04 0.0000E+00 6.0386E-03 4.7101E-033542 8459  128
 3.8099E+04 0.0000E+00 7.1840E-04 1.0992E-03 3.8100E+04 0.0000E+003542 8459  129
 6.0957E-05 1.8592E-04 3.8101E+04 0.0000E+00 2.4349E-06 1.4902E-053542 8459  130
 3.8102E+04 0.0000E+00 6.5636E-08 8.1127E-07 3.8103E+04 0.0000E+003542 8459  131
 6.3214E-10 1.5911E-08 3.8104E+04 0.0000E+00 3.8507E-12 1.9927E-103542 8459  132
 3.9088E+04 0.0000E+00 8.3875E-14 1.5097E-14 3.9089E+04 0.0000E+003542 8459  133
 5.4930E-02 8.7888E-03 3.9089E+04 1.0000E+00 5.2953E-06 5.2948E-043542 8459  134
 3.9090E+04 0.0000E+00 7.1367E-02 1.0705E-02 3.9090E+04 1.0000E+003542 8459  135
 4.5044E-09 2.5535E-07 3.9091E+04 0.0000E+00 8.3730E-02 1.2560E-023542 8459  136
 3.9091E+04 1.0000E+00 4.9263E-02 8.8674E-03 3.9092E+04 0.0000E+003542 8459  137
 8.9746E-02 1.2564E-02 3.9093E+04 0.0000E+00 9.0921E-02 1.3638E-023542 8459  138
 3.9093E+04 1.0000E+00 2.3023E-02 4.8348E-03 3.9094E+04 0.0000E+003542 8459  139
 8.6743E-02 1.3011E-02 3.9095E+04 0.0000E+00 8.7489E-02 1.4873E-023542 8459  140
 3.9096E+04 0.0000E+00 5.7205E-02 9.7248E-03 3.9096E+04 1.0000E+003542 8459  141
 2.7845E-02 1.5315E-02 3.9097E+04 0.0000E+00 3.0909E-02 1.2054E-023542 8459  142
 3.9097E+04 1.0000E+00 4.1924E-02 1.2996E-02 3.9098E+04 0.0000E+003542 8459  143
 1.5665E-02 6.8925E-03 3.9098E+04 1.0000E+00 2.6768E-02 1.0440E-023542 8459  144
 3.9099E+04 0.0000E+00 1.9387E-02 6.0099E-03 3.9100E+04 0.0000E+003542 8459  145
 1.1001E-03 1.0891E-03 3.9100E+04 1.0000E+00 2.8910E-03 2.9777E-033542 8459  146
 3.9101E+04 0.0000E+00 7.2044E-04 6.8441E-04 3.9102E+04 0.0000E+003542 8459  147
 5.0269E-05 9.3500E-05 3.9102E+04 1.0000E+00 3.1013E-08 3.1013E-083542 8459  148
 3.9103E+04 0.0000E+00 2.2926E-06 8.6660E-06 3.9104E+04 0.0000E+003542 8459  149
 3.7245E-08 2.9088E-07 4.0090E+04 0.0000E+00 7.1367E-02 1.0705E-023542 8459  150
 4.0091E+04 0.0000E+00 8.3730E-02 1.2560E-02 4.0092E+04 0.0000E+003542 8459  151
 8.9746E-02 1.2564E-02 4.0093E+04 0.0000E+00 9.0921E-02 1.2729E-023542 8459  152
 4.0094E+04 0.0000E+00 8.6753E-02 1.2145E-02 4.0095E+04 0.0000E+003542 8459  153
 8.7670E-02 1.3150E-02 4.0096E+04 0.0000E+00 8.7073E-02 1.3061E-023542 8459  154
 4.0097E+04 0.0000E+00 8.2045E-02 1.3128E-02 4.0098E+04 0.0000E+003542 8459  155
 6.7258E-02 1.3452E-02 4.0099E+04 0.0000E+00 4.7945E-02 9.5892E-033542 8459  156
 4.0100E+04 0.0000E+00 2.7921E-02 6.1427E-03 4.0101E+04 0.0000E+003542 8459  157
 1.0671E-02 2.8811E-03 4.0102E+04 0.0000E+00 3.0595E-03 1.2544E-033542 8459  158
 4.0103E+04 0.0000E+00 3.5192E-04 2.4283E-04 4.0104E+04 0.0000E+003542 8459  159
 2.7195E-05 3.5081E-05 4.0105E+04 0.0000E+00 4.6599E-08 4.1939E-073542 8459  160
 4.0106E+04 0.0000E+00 9.6966E-10 1.5825E-08 4.0107E+04 0.0000E+003542 8459  161
 1.3577E-11 4.0527E-10 4.0108E+04 0.0000E+00 2.0134E-13 1.1021E-113542 8459  162
 4.0110E+04 0.0000E+00 4.3763E-12 7.8599E-11 4.1093E+04 0.0000E+003542 8459  163
 1.5136E-12 2.1189E-13 4.1093E+04 1.0000E+00 1.4651E-12 2.6372E-133542 8459  164
 4.1094E+04 0.0000E+00 2.9725E-10 4.1615E-11 4.1094E+04 1.0000E+003542 8459  165
 1.5977E-10 2.8759E-11 4.1095E+04 0.0000E+00 8.7617E-02 1.3142E-023542 8459  166
 4.1095E+04 1.0000E+00 9.4716E-04 1.7049E-04 4.1096E+04 0.0000E+003542 8459  167
 1.5569E-06 2.3354E-07 4.1097E+04 0.0000E+00 8.2085E-02 1.2313E-023542 8459  168
 4.1097E+04 1.0000E+00 7.7992E-02 1.4819E-02 4.1098E+04 0.0000E+003542 8459  169
 6.7379E-02 1.0781E-02 4.1098E+04 1.0000E+00 2.3930E-04 9.7635E-043542 8459  170
 4.1099E+04 0.0000E+00 3.2110E-02 5.4587E-03 4.1099E+04 1.0000E+003542 8459  171
 1.8142E-02 3.9913E-03 4.1100E+04 0.0000E+00 2.8934E-02 5.7869E-033542 8459  172
 4.1100E+04 1.0000E+00 2.8163E-03 2.9571E-03 4.1101E+04 0.0000E+003542 8459  173
 1.6962E-02 3.7316E-03 4.1102E+04 0.0000E+00 4.9725E-03 1.4420E-033542 8459  174
 4.1102E+04 1.0000E+00 2.1832E-03 1.3317E-03 4.1103E+04 0.0000E+003542 8459  175
 2.2500E-03 7.6502E-04 4.1104E+04 0.0000E+00 2.8193E-04 2.5655E-043542 8459  176
 4.1104E+04 1.0000E+00 9.4423E-05 9.4423E-05 4.1105E+04 0.0000E+003542 8459  177
 6.2417E-05 5.3054E-05 4.1106E+04 0.0000E+00 5.9040E-06 7.9703E-063542 8459  178
 4.1107E+04 0.0000E+00 4.0005E-07 8.8812E-07 4.1108E+04 0.0000E+003542 8459  179
 2.9701E-08 1.0989E-07 4.1109E+04 0.0000E+00 3.3027E-09 2.0840E-083542 8459  180
 4.1110E+04 0.0000E+00 7.8085E-09 2.6393E-08 4.1111E+04 0.0000E+003542 8459  181
 2.4259E-10 1.8801E-09 4.1112E+04 0.0000E+00 3.6496E-12 6.9925E-113542 8459  182
 4.2094E+04 0.0000E+00 7.9915E-13 1.1188E-13 4.2095E+04 0.0000E+003542 8459  183
 8.7670E-02 1.3150E-02 4.2096E+04 0.0000E+00 1.5570E-06 2.3355E-073542 8459  184
 4.2097E+04 0.0000E+00 8.2085E-02 1.2313E-02 4.2098E+04 0.0000E+003542 8459  185
 6.7618E-02 1.0143E-02 4.2099E+04 0.0000E+00 4.9895E-02 8.4821E-033542 8459  186
 4.2100E+04 0.0000E+00 3.1808E-02 6.0435E-03 4.2101E+04 0.0000E+003542 8459  187
 1.7222E-02 3.7887E-03 4.2102E+04 0.0000E+00 7.9211E-03 2.1387E-033542 8459  188
 4.2103E+04 0.0000E+00 3.0820E-03 1.0479E-03 4.2104E+04 0.0000E+003542 8459  189
 9.9804E-04 4.3914E-04 4.2105E+04 0.0000E+00 2.8294E-04 1.7260E-043542 8459  190
 4.2106E+04 0.0000E+00 6.5592E-05 5.6409E-05 4.2107E+04 0.0000E+003542 8459  191
 1.3695E-05 1.6846E-05 4.2108E+04 0.0000E+00 3.7212E-06 5.8794E-063542 8459  192
 4.2109E+04 0.0000E+00 1.6905E-06 2.9245E-06 4.2110E+04 0.0000E+003542 8459  193
 6.4449E-07 1.1150E-06 4.2111E+04 0.0000E+00 9.8635E-08 2.0417E-073542 8459  194
 4.2112E+04 0.0000E+00 7.2981E-09 2.5690E-08 4.2113E+04 0.0000E+003542 8459  195
 2.7437E-10 2.1263E-09 4.2114E+04 0.0000E+00 5.5517E-12 9.9930E-113542 8459  196
 4.2115E+04 0.0000E+00 6.3414E-14 2.6209E-12 4.3098E+04 0.0000E+003542 8459  197
 2.7856E-12 4.1785E-13 4.3099E+04 0.0000E+00 4.9893E-02 8.4818E-033542 8459  198
 4.3099E+04 1.0000E+00 4.3937E-02 8.3480E-03 4.3100E+04 0.0000E+003542 8459  199
 1.1367E-08 2.1598E-09 4.3101E+04 0.0000E+00 1.7222E-02 3.7888E-033542 8459  200
 4.3102E+04 0.0000E+00 7.9218E-03 2.0597E-03 4.3102E+04 1.0000E+003542 8459  201
 1.9382E-06 1.7754E-05 4.3103E+04 0.0000E+00 3.0968E-03 1.0529E-033542 8459  202
 4.3104E+04 0.0000E+00 1.0275E-03 4.5213E-04 4.3105E+04 0.0000E+003542 8459  203
 2.8922E-04 1.7643E-04 4.3106E+04 0.0000E+00 7.1123E-05 6.1166E-053542 8459  204
 4.3107E+04 0.0000E+00 1.7280E-05 2.1255E-05 4.3108E+04 0.0000E+003542 8459  205
 6.3917E-06 1.0035E-05 4.3109E+04 0.0000E+00 4.8267E-06 8.1089E-063542 8459  206
 4.3110E+04 0.0000E+00 3.8055E-06 6.3552E-06 4.3111E+04 0.0000E+003542 8459  207
 2.1426E-06 3.5138E-06 4.3112E+04 0.0000E+00 6.7296E-07 1.1306E-063542 8459  208
 4.3113E+04 0.0000E+00 1.1178E-07 2.2693E-07 4.3114E+04 0.0000E+003542 8459  209
 9.9463E-09 3.3121E-08 4.3115E+04 0.0000E+00 4.8912E-10 3.3701E-093542 8459  210
 4.3116E+04 0.0000E+00 1.3656E-11 2.0689E-10 4.3117E+04 0.0000E+003542 8459  211
 2.1971E-13 7.3294E-12 4.4099E+04 0.0000E+00 1.6257E-06 2.7637E-073542 8459  212
 4.4100E+04 0.0000E+00 1.1367E-08 2.1598E-09 4.4101E+04 0.0000E+003542 8459  213
 1.7222E-02 3.7888E-03 4.4102E+04 0.0000E+00 7.9237E-03 2.0602E-033542 8459  214
 4.4103E+04 0.0000E+00 3.0968E-03 1.0529E-03 4.4103E+04 1.0000E+003542 8459  215
 6.4113E-09 1.7952E-07 4.4104E+04 0.0000E+00 1.0277E-03 4.5217E-043542 8459  216
 4.4105E+04 0.0000E+00 2.8922E-04 1.7643E-04 4.4106E+04 0.0000E+003542 8459  217
 7.1123E-05 6.1165E-05 4.4107E+04 0.0000E+00 1.7282E-05 2.1257E-053542 8459  218
 4.4108E+04 0.0000E+00 6.4038E-06 1.0054E-05 4.4109E+04 0.0000E+003542 8459  219
 4.8628E-06 8.1695E-06 4.4110E+04 0.0000E+00 5.0101E-06 8.3669E-063542 8459  220
 4.4111E+04 0.0000E+00 5.1308E-06 8.4144E-06 4.4112E+04 0.0000E+003542 8459  221
 4.2884E-06 6.9044E-06 4.4113E+04 0.0000E+00 2.4262E-06 3.8333E-063542 8459  222
 4.4114E+04 0.0000E+00 8.2749E-07 1.3488E-06 4.4115E+04 0.0000E+003542 8459  223
 1.6186E-07 3.1077E-07 4.4116E+04 0.0000E+00 1.8105E-08 5.2867E-083542 8459  224
 4.4117E+04 0.0000E+00 1.1624E-09 6.5563E-09 4.4118E+04 0.0000E+003542 8459  225
 4.2854E-11 5.1039E-10 4.4119E+04 0.0000E+00 9.0090E-13 2.3090E-113542 8459  226
 4.5103E+04 0.0000E+00 3.0968E-03 1.0529E-03 4.5103E+04 1.0000E+003542 8459  227
 3.0597E-03 1.0709E-03 4.5104E+04 0.0000E+00 9.2051E-12 4.0502E-123542 8459  228
 4.5104E+04 1.0000E+00 6.1285E-12 2.7578E-12 4.5105E+04 0.0000E+003542 8459  229
 2.8922E-04 1.7643E-04 4.5105E+04 1.0000E+00 8.2104E-05 5.0083E-053542 8459  230
 4.5106E+04 0.0000E+00 7.1123E-05 6.1165E-05 4.5107E+04 0.0000E+003542 8459  231
 1.7282E-05 2.1257E-05 4.5108E+04 0.0000E+00 6.4038E-06 1.0054E-053542 8459  232
 4.5109E+04 0.0000E+00 4.8628E-06 8.1694E-06 4.5110E+04 0.0000E+003542 8459  233
 5.0133E-06 8.3722E-06 4.5110E+04 1.0000E+00 2.6882E-08 1.3602E-073542 8459  234
 4.5111E+04 0.0000E+00 5.4567E-06 8.9488E-06 4.5112E+04 0.0000E+003542 8459  235
 5.8033E-06 9.3433E-06 4.5113E+04 0.0000E+00 5.8135E-06 9.1853E-063542 8459  236
 4.5114E+04 0.0000E+00 1.9003E-06 3.6295E-06 4.5114E+04 1.0000E+003542 8459  237
 2.9821E-06 9.3938E-06 4.5115E+04 0.0000E+00 2.9427E-06 4.5907E-063542 8459  238
 4.5116E+04 0.0000E+00 3.9379E-07 1.2129E-06 4.5116E+04 1.0000E+003542 8459  239
 7.4676E-07 2.4120E-06 4.5117E+04 0.0000E+00 2.6840E-07 4.8312E-073542 8459  240
 4.5118E+04 0.0000E+00 3.7276E-08 9.2817E-08 4.5119E+04 0.0000E+003542 8459  241
 2.9996E-09 1.3378E-08 4.5120E+04 0.0000E+00 1.3735E-10 1.2512E-093542 8459  242
 4.5121E+04 0.0000E+00 3.5021E-12 6.8079E-11 4.6104E+04 0.0000E+003542 8459  243
 9.1717E-12 4.0354E-12 4.6105E+04 0.0000E+00 2.8922E-04 1.7643E-043542 8459  244
 4.6106E+04 0.0000E+00 7.1123E-05 6.1165E-05 4.6107E+04 0.0000E+003542 8459  245
 1.7282E-05 2.1257E-05 4.6108E+04 0.0000E+00 6.4038E-06 1.0054E-053542 8459  246
 4.6109E+04 0.0000E+00 4.8628E-06 8.1694E-06 4.6109E+04 1.0000E+003542 8459  247
 2.4314E-06 2.4314E-06 4.6110E+04 0.0000E+00 5.0402E-06 8.4171E-063542 8459  248
 4.6111E+04 0.0000E+00 5.4584E-06 8.9516E-06 4.6111E+04 1.0000E+003542 8459  249
 1.0784E-09 1.0191E-08 4.6112E+04 0.0000E+00 5.8452E-06 9.4108E-063542 8459  250
 4.6113E+04 0.0000E+00 6.1848E-06 9.7720E-06 4.6113E+04 1.0000E+003542 8459  251
 2.2678E-07 7.9827E-07 4.6114E+04 0.0000E+00 6.4351E-06 1.0104E-053542 8459  252
 4.6115E+04 0.0000E+00 5.9690E-06 9.3116E-06 4.6115E+04 1.0000E+003542 8459  253
 4.2728E-07 4.2728E-07 4.6116E+04 0.0000E+00 5.4709E-06 8.4798E-063542 8459  254
 4.6117E+04 0.0000E+00 3.5887E-06 5.5625E-06 4.6118E+04 0.0000E+003542 8459  255
 1.5959E-06 2.4896E-06 4.6119E+04 0.0000E+00 4.4649E-07 7.6349E-073542 8459  256
 4.6120E+04 0.0000E+00 7.4597E-08 1.6187E-07 4.6121E+04 0.0000E+003542 8459  257
 7.1826E-09 2.5498E-08 4.6122E+04 0.0000E+00 3.8560E-10 2.7108E-093542 8459  258
 4.6123E+04 0.0000E+00 1.1164E-11 1.6736E-10 4.7109E+04 0.0000E+003542 8459  259
 4.8628E-06 8.1694E-06 4.7109E+04 1.0000E+00 4.8605E-06 8.2141E-063542 8459  260
 4.7111E+04 0.0000E+00 5.4315E-06 8.9077E-06 4.7111E+04 1.0000E+003542 8459  261
 5.4201E-06 8.8889E-06 4.7112E+04 0.0000E+00 5.8453E-06 9.4108E-063542 8459  262
 4.7113E+04 0.0000E+00 4.0712E-06 6.4325E-06 4.7113E+04 1.0000E+003542 8459  263
 5.8775E-06 9.3454E-06 4.7114E+04 0.0000E+00 6.4739E-06 1.0164E-053542 8459  264
 4.7114E+04 1.0000E+00 2.0707E-08 1.0209E-07 4.7115E+04 0.0000E+003542 8459  265
 4.8895E-06 1.7357E-05 4.7115E+04 1.0000E+00 2.2588E-06 3.5237E-063542 8459  266
 4.7116E+04 0.0000E+00 6.0366E-06 9.3567E-06 4.7116E+04 1.0000E+003542 8459  267
 7.7648E-07 2.4925E-06 4.7117E+04 0.0000E+00 2.6108E-06 4.0469E-063542 8459  268
 4.7117E+04 1.0000E+00 4.2616E-06 8.2249E-06 4.7118E+04 0.0000E+003542 8459  269
 4.5452E-06 7.0904E-06 4.7118E+04 1.0000E+00 2.1981E-06 4.9679E-063542 8459  270
 4.7119E+04 0.0000E+00 3.9281E-06 6.1279E-06 4.7119E+04 1.0000E+003542 8459  271
 2.2324E-07 2.2324E-07 4.7120E+04 0.0000E+00 1.4796E-06 3.5808E-063542 8459  272
 4.7120E+04 1.0000E+00 9.7377E-07 3.1161E-06 4.7121E+04 0.0000E+003542 8459  273
 6.7834E-07 1.1328E-06 4.7122E+04 0.0000E+00 8.6865E-08 3.4399E-073542 8459  274
 4.7122E+04 1.0000E+00 4.4794E-08 1.7828E-07 4.7123E+04 0.0000E+003542 8459  275
 1.4514E-08 4.2962E-08 4.7124E+04 0.0000E+00 3.4670E-13 1.6396E-113542 8459  276
 4.7130E+04 0.0000E+00 6.6386E-12 3.1646E-10 4.8111E+04 0.0000E+003542 8459  277
 5.4586E-06 8.9521E-06 4.8112E+04 0.0000E+00 5.8453E-06 9.4108E-063542 8459  278
 4.8113E+04 0.0000E+00 6.1168E-06 9.6644E-06 4.8113E+04 1.0000E+003542 8459  279
 7.0388E-08 1.1192E-07 4.8114E+04 0.0000E+00 6.4740E-06 1.0165E-053542 8459  280
 4.8115E+04 0.0000E+00 6.3408E-06 9.8916E-06 4.8115E+04 1.0000E+003542 8459  281
 3.3476E-07 1.2419E-06 4.8116E+04 0.0000E+00 6.7910E-06 1.0526E-053542 8459  282
 4.8117E+04 0.0000E+00 5.2461E-06 9.5477E-06 4.8117E+04 1.0000E+003542 8459  283
 1.5702E-06 2.4338E-06 4.8118E+04 0.0000E+00 6.7363E-06 1.0442E-053542 8459  284
 4.8119E+04 0.0000E+00 2.9330E-06 4.5755E-06 4.8119E+04 1.0000E+003542 8459  285
 3.5569E-06 7.5405E-06 4.8120E+04 0.0000E+00 5.8235E-06 9.1429E-063542 8459  286
 4.8121E+04 0.0000E+00 1.7918E-06 3.8166E-06 4.8121E+04 1.0000E+003542 8459  287
 2.6116E-06 8.3570E-06 4.8122E+04 0.0000E+00 2.4576E-06 3.9812E-063542 8459  288
 4.8123E+04 0.0000E+00 3.5580E-07 8.4683E-07 4.8123E+04 1.0000E+003542 8459  289
 5.4220E-07 1.8543E-06 4.8124E+04 0.0000E+00 3.4582E-08 1.1620E-073542 8459  290
 4.8125E+04 0.0000E+00 3.3241E-09 2.3469E-08 4.8125E+04 1.0000E+003542 8459  291
 5.2148E-09 5.1679E-08 4.8126E+04 0.0000E+00 2.7991E-09 2.1665E-083542 8459  292
 4.8127E+04 0.0000E+00 1.3814E-09 1.7378E-08 4.8128E+04 0.0000E+003542 8459  293
 6.0367E-10 1.2641E-08 4.8129E+04 0.0000E+00 1.7471E-10 6.1829E-093542 8459  294
 4.8130E+04 0.0000E+00 1.4629E-07 1.0503E-06 4.8131E+04 0.0000E+003542 8459  295
 1.2400E-08 1.9294E-07 4.8132E+04 0.0000E+00 5.4226E-10 1.8806E-083542 8459  296
 4.9113E+04 0.0000E+00 7.0289E-08 1.1106E-07 4.9115E+04 0.0000E+003542 8459  297
 6.3585E-06 9.9192E-06 4.9115E+04 1.0000E+00 6.3408E-06 9.8920E-063542 8459  298
 4.9116E+04 0.0000E+00 5.7188E-12 8.8642E-12 4.9116E+04 1.0000E+003542 8459  299
 1.6311E-11 2.5283E-11 4.9116E+04 2.0000E+00 4.9494E-12 7.6715E-123542 8459  300
 4.9117E+04 0.0000E+00 4.2610E-06 6.6044E-06 4.9117E+04 1.0000E+003542 8459  301
 4.8317E-06 8.0690E-06 4.9118E+04 0.0000E+00 6.7392E-06 1.0446E-053542 8459  302
 4.9118E+04 1.0000E+00 8.4050E-09 6.2450E-08 4.9118E+04 2.0000E+003542 8459  303
 2.5612E-09 2.4997E-08 4.9119E+04 0.0000E+00 4.0606E-06 7.3090E-063542 8459  304
 4.9119E+04 1.0000E+00 2.6820E-06 4.1839E-06 4.9120E+04 0.0000E+003542 8459  305
 5.9600E-06 9.3572E-06 4.9120E+04 1.0000E+00 2.7108E-07 1.3879E-063542 8459  306
 4.9120E+04 2.0000E+00 1.1808E-07 6.0458E-07 4.9121E+04 0.0000E+003542 8459  307
 4.3987E-06 7.0379E-06 4.9121E+04 1.0000E+00 1.6164E-06 2.8934E-063542 8459  308
 4.9122E+04 0.0000E+00 3.2191E-06 5.2148E-06 4.9122E+04 1.0000E+003542 8459  309
 1.5130E-06 7.3985E-06 4.9122E+04 2.0000E+00 6.5906E-07 3.2228E-063542 8459  310
 4.9123E+04 0.0000E+00 3.1393E-06 5.2113E-06 4.9123E+04 1.0000E+003542 8459  311
 1.1115E-06 2.2231E-06 4.9124E+04 0.0000E+00 1.0904E-06 3.5872E-063542 8459  312
 4.9124E+04 1.0000E+00 2.0382E-06 6.9097E-06 4.9125E+04 0.0000E+003542 8459  313
 1.7227E-06 5.8227E-06 4.9125E+04 1.0000E+00 5.9305E-07 1.9867E-063542 8459  314
 4.9126E+04 0.0000E+00 8.4702E-07 2.5749E-06 4.9126E+04 1.0000E+003542 8459  315
 1.6298E-06 4.9710E-06 4.9127E+04 0.0000E+00 3.1918E-06 8.4584E-063542 8459  316
 4.9127E+04 1.0000E+00 1.1014E-06 2.9077E-06 4.9128E+04 0.0000E+003542 8459  317
 7.0336E-06 2.1170E-05 4.9128E+04 1.0000E+00 2.4005E-06 7.2254E-063542 8459  318
 4.9129E+04 0.0000E+00 6.0174E-06 2.7078E-05 4.9129E+04 1.0000E+003542 8459  319
 2.0755E-06 9.3398E-06 4.9130E+04 0.0000E+00 1.2183E-05 4.2883E-053542 8459  320
 4.9130E+04 1.0000E+00 1.8008E-05 6.4109E-05 4.9130E+04 2.0000E+003542 8459  321
 5.0438E-06 1.7956E-05 4.9131E+04 0.0000E+00 1.0589E-05 7.4864E-053542 8459  322
 4.9131E+04 1.0000E+00 3.6376E-06 2.5754E-05 4.9131E+04 2.0000E+003542 8459  323
 2.1590E-06 1.5286E-05 4.9132E+04 0.0000E+00 2.3981E-06 1.2207E-053542 8459  324
 4.9133E+04 0.0000E+00 1.9617E-07 2.2305E-06 4.9134E+04 0.0000E+003542 8459  325
 4.7701E-09 1.2407E-07 4.9135E+04 0.0000E+00 7.7255E-11 4.6848E-093542 8459  326
 5.0115E+04 0.0000E+00 3.1704E-07 4.9460E-07 5.0116E+04 0.0000E+003542 8459  327
 2.2031E-11 3.4148E-11 5.0117E+04 0.0000E+00 6.8170E-06 1.0566E-053542 8459  328
 5.0117E+04 1.0000E+00 1.4518E-08 2.2502E-08 5.0118E+04 0.0000E+003542 8459  329
 6.7477E-06 1.0459E-05 5.0119E+04 0.0000E+00 6.5926E-06 1.0284E-053542 8459  330
 5.0119E+04 1.0000E+00 3.6685E-06 6.6400E-06 5.0120E+04 0.0000E+003542 8459  331
 6.3534E-06 9.9749E-06 5.0121E+04 0.0000E+00 5.9230E-06 9.4176E-063542 8459  332
 5.0121E+04 1.0000E+00 5.2584E-07 8.3608E-07 5.0122E+04 0.0000E+003542 8459  333
 5.6662E-06 9.1791E-06 5.0123E+04 0.0000E+00 8.4216E-07 2.4928E-063542 8459  334
 5.0123E+04 1.0000E+00 4.3957E-06 7.2529E-06 5.0124E+04 0.0000E+003542 8459  335
 4.8953E-06 8.2730E-06 5.0125E+04 0.0000E+00 2.0153E-06 3.3655E-063542 8459  336
 5.0125E+04 1.0000E+00 3.1239E-06 6.9975E-06 5.0126E+04 0.0000E+003542 8459  337
 9.1367E-06 1.3065E-05 5.0127E+04 0.0000E+00 1.7776E-05 1.8665E-053542 8459  338
 5.0127E+04 1.0000E+00 1.3579E-05 2.2270E-05 5.0128E+04 0.0000E+003542 8459  339
 1.2198E-04 9.0267E-05 5.0128E+04 1.0000E+00 6.8885E-05 9.9192E-053542 8459  340
 5.0129E+04 0.0000E+00 1.5759E-04 1.7178E-04 5.0129E+04 1.0000E+003542 8459  341
 2.3618E-04 2.5744E-04 5.0130E+04 0.0000E+00 4.2781E-04 3.6792E-043542 8459  342
 5.0130E+04 1.0000E+00 6.4086E-04 5.5755E-04 5.0131E+04 0.0000E+003542 8459  343
 5.0364E-04 4.9357E-04 5.0131E+04 1.0000E+00 7.7149E-04 7.5606E-043542 8459  344
 5.0132E+04 0.0000E+00 9.7912E-04 8.0288E-04 5.0133E+04 0.0000E+003542 8459  345
 2.6172E-04 4.4231E-04 5.0134E+04 0.0000E+00 4.1078E-05 1.5281E-043542 8459  346
 5.0135E+04 0.0000E+00 2.5887E-06 2.1900E-05 5.0136E+04 0.0000E+003542 8459  347
 8.8260E-08 1.7334E-06 5.0137E+04 0.0000E+00 8.3650E-10 3.8713E-083542 8459  348
 5.1120E+04 0.0000E+00 8.3261E-13 1.3072E-12 5.1120E+04 1.0000E+003542 8459  349
 7.2059E-13 1.1385E-12 5.1121E+04 0.0000E+00 6.0409E-06 9.6050E-063542 8459  350
 5.1122E+04 0.0000E+00 1.4160E-09 2.2940E-09 5.1122E+04 1.0000E+003542 8459  351
 5.7569E-10 9.3261E-10 5.1123E+04 0.0000E+00 5.2562E-06 8.6728E-063542 8459  352
 5.1124E+04 0.0000E+00 3.2200E-09 5.4096E-09 5.1124E+04 1.0000E+003542 8459  353
 2.3805E-09 3.9991E-09 5.1124E+04 2.0000E+00 7.4316E-10 1.2559E-093542 8459  354
 5.1125E+04 0.0000E+00 5.1581E-06 8.5625E-06 5.1126E+04 0.0000E+003542 8459  355
 3.7194E-08 5.3188E-08 5.1126E+04 1.0000E+00 1.1098E-07 1.5870E-073542 8459  356
 5.1126E+04 2.0000E+00 4.1810E-08 5.9788E-08 5.1127E+04 0.0000E+003542 8459  357
 3.2866E-05 3.4181E-05 5.1128E+04 0.0000E+00 1.3397E-04 2.1837E-043542 8459  358
 5.1128E+04 1.0000E+00 4.9479E-06 3.6120E-06 5.1129E+04 0.0000E+003542 8459  359
 4.2784E-04 2.3103E-04 5.1129E+04 1.0000E+00 1.2224E-04 1.8092E-043542 8459  360
 5.1130E+04 0.0000E+00 9.7160E-04 3.8863E-04 5.1130E+04 1.0000E+003542 8459  361
 7.1185E-04 4.7694E-04 5.1131E+04 0.0000E+00 4.1748E-03 1.3359E-033542 8459  362
 5.1132E+04 0.0000E+00 4.7135E-03 2.3096E-03 5.1132E+04 1.0000E+003542 8459  363
 1.5643E-03 9.0731E-04 5.1133E+04 0.0000E+00 7.0443E-03 2.4655E-033542 8459  364
 5.1134E+04 0.0000E+00 1.3164E-03 1.5402E-03 5.1134E+04 1.0000E+003542 8459  365
 1.9177E-03 2.3012E-03 5.1135E+04 0.0000E+00 1.2199E-03 1.5005E-033542 8459  366
 5.1136E+04 0.0000E+00 1.5326E-04 4.1839E-04 5.1137E+04 0.0000E+003542 8459  367
 1.0415E-05 6.5303E-05 5.1138E+04 0.0000E+00 2.1842E-07 3.1999E-063542 8459  368
 5.1139E+04 0.0000E+00 3.3284E-09 1.1563E-07 5.2122E+04 0.0000E+003542 8459  369
 1.3795E-09 2.2348E-09 5.2123E+04 0.0000E+00 1.6160E-11 2.6664E-113542 8459  370
 5.2123E+04 1.0000E+00 1.1007E-11 1.8161E-11 5.2124E+04 0.0000E+003542 8459  371
 3.8152E-09 6.4095E-09 5.2125E+04 0.0000E+00 5.1581E-06 8.5625E-063542 8459  372
 5.2125E+04 1.0000E+00 1.1542E-06 1.9159E-06 5.2126E+04 0.0000E+003542 8459  373
 1.3264E-07 1.8967E-07 5.2127E+04 0.0000E+00 3.2736E-05 3.4046E-053542 8459  374
 5.2127E+04 1.0000E+00 5.4163E-06 5.6870E-06 5.2128E+04 0.0000E+003542 8459  375
 1.3874E-04 1.0129E-04 5.2129E+04 0.0000E+00 4.6804E-04 2.4339E-043542 8459  376
 5.2129E+04 1.0000E+00 1.7257E-04 9.4917E-05 5.2130E+04 0.0000E+003542 8459  377
 1.7497E-03 6.8238E-04 5.2131E+04 0.0000E+00 4.2595E-03 1.3204E-033542 8459  378
 5.2131E+04 1.0000E+00 7.9231E-04 6.2593E-04 5.2132E+04 0.0000E+003542 8459  379
 1.1509E-02 3.2223E-03 5.2133E+04 0.0000E+00 1.3570E-02 3.2569E-033542 8459  380
 5.2133E+04 1.0000E+00 1.0487E-02 4.6142E-03 5.2134E+04 0.0000E+003542 8459  381
 3.4531E-02 7.2516E-03 5.2135E+04 0.0000E+00 3.2979E-02 8.9045E-033542 8459  382
 5.2136E+04 0.0000E+00 2.2233E-02 1.0005E-02 5.2137E+04 0.0000E+003542 8459  383
 5.1809E-03 4.6628E-03 5.2138E+04 0.0000E+00 7.4203E-04 1.4766E-033542 8459  384
 5.2139E+04 0.0000E+00 4.6748E-05 2.1364E-04 5.2140E+04 0.0000E+003542 8459  385
 1.9070E-06 2.0443E-05 5.2141E+04 0.0000E+00 2.9051E-08 7.4284E-073542 8459  386
 5.2142E+04 0.0000E+00 2.3020E-10 1.4256E-08 5.3127E+04 0.0000E+003542 8459  387
 3.2866E-05 3.4181E-05 5.3129E+04 0.0000E+00 5.3190E-04 2.7658E-043542 8459  388
 5.3130E+04 0.0000E+00 9.2661E-08 3.6139E-08 5.3130E+04 1.0000E+003542 8459  389
 3.9673E-08 1.5869E-08 5.3131E+04 0.0000E+00 4.8902E-03 1.4670E-033542 8459  390
 5.3132E+04 0.0000E+00 1.1591E-02 2.7817E-03 5.3132E+04 1.0000E+003542 8459  391
 4.7245E-05 1.6016E-04 5.3133E+04 0.0000E+00 2.3366E-02 4.9067E-033542 8459  392
 5.3133E+04 1.0000E+00 2.8793E-04 4.8660E-04 5.3134E+04 0.0000E+003542 8459  393
 4.0098E-02 7.6187E-03 5.3134E+04 1.0000E+00 1.6548E-03 3.8061E-043542 8459  394
 5.3135E+04 0.0000E+00 5.7161E-02 1.0860E-02 5.3136E+04 0.0000E+003542 8459  395
 4.1127E-02 8.6368E-03 5.3136E+04 1.0000E+00 2.1551E-02 8.6207E-033542 8459  396
 5.3137E+04 0.0000E+00 4.9758E-02 1.0946E-02 5.3138E+04 0.0000E+003542 8459  397
 1.9875E-02 6.7575E-03 5.3139E+04 0.0000E+00 7.4437E-03 4.9129E-033542 8459  398
 5.3140E+04 0.0000E+00 1.1513E-03 1.6463E-03 5.3141E+04 0.0000E+003542 8459  399
 1.3178E-04 4.3092E-04 5.3142E+04 0.0000E+00 4.7530E-06 3.6598E-053542 8459  400
 5.3143E+04 0.0000E+00 9.4491E-08 1.7500E-06 5.3144E+04 0.0000E+003542 8459  401
 5.4384E-10 2.4647E-08 5.4130E+04 0.0000E+00 9.9023E-08 3.8619E-083542 8459  402
 5.4131E+04 0.0000E+00 4.8902E-03 1.4670E-03 5.4131E+04 1.0000E+003542 8459  403
 5.3118E-05 1.6998E-05 5.4132E+04 0.0000E+00 1.1598E-02 2.7835E-033542 8459  404
 5.4133E+04 0.0000E+00 2.3371E-02 4.6741E-03 5.4133E+04 1.0000E+003542 8459  405
 6.6853E-04 1.5376E-04 5.4134E+04 0.0000E+00 4.0274E-02 7.2494E-033542 8459  406
 5.4134E+04 1.0000E+00 1.2084E-04 6.8879E-05 5.4135E+04 0.0000E+003542 8459  407
 5.8715E-02 9.3944E-03 5.4135E+04 1.0000E+00 1.0424E-02 3.2314E-033542 8459  408
 5.4136E+04 0.0000E+00 7.8450E-02 1.4121E-02 5.4137E+04 0.0000E+003542 8459  409
 8.1903E-02 1.5562E-02 5.4138E+04 0.0000E+00 8.4400E-02 1.6037E-023542 8459  410
 5.4139E+04 0.0000E+00 7.2121E-02 1.3703E-02 5.4140E+04 0.0000E+003542 8459  411
 5.4925E-02 1.4830E-02 5.4141E+04 0.0000E+00 2.1123E-02 1.0139E-023542 8459  412
 5.4142E+04 0.0000E+00 5.2853E-03 5.3381E-03 5.4143E+04 0.0000E+003542 8459  413
 4.5466E-04 1.0503E-03 5.4144E+04 0.0000E+00 2.2392E-05 1.2226E-043542 8459  414
 5.4145E+04 0.0000E+00 4.3456E-07 5.7579E-06 5.4146E+04 0.0000E+003542 8459  415
 4.1405E-09 1.3585E-07 5.4147E+04 0.0000E+00 9.0925E-12 7.5204E-103542 8459  416
 5.5132E+04 0.0000E+00 2.6838E-12 6.4414E-13 5.5133E+04 0.0000E+003542 8459  417
 2.3371E-02 4.6741E-03 5.5134E+04 0.0000E+00 3.2304E-08 5.8147E-093542 8459  418
 5.5134E+04 1.0000E+00 6.7713E-09 1.3543E-09 5.5135E+04 0.0000E+003542 8459  419
 5.8780E-02 9.4047E-03 5.5135E+04 1.0000E+00 4.9666E-07 8.3886E-063542 8459  420
 5.5136E+04 0.0000E+00 3.9406E-05 5.9109E-06 5.5136E+04 1.0000E+003542 8459  421
 1.0668E-05 2.2403E-06 5.5137E+04 0.0000E+00 8.2535E-02 1.2380E-023542 8459  422
 5.5138E+04 0.0000E+00 8.7389E-02 1.3108E-02 5.5138E+04 1.0000E+003542 8459  423
 1.5206E-03 2.6915E-03 5.5139E+04 0.0000E+00 8.7411E-02 1.3986E-023542 8459  424
 5.5140E+04 0.0000E+00 8.6176E-02 1.4650E-02 5.5141E+04 0.0000E+003542 8459  425
 7.7013E-02 1.5403E-02 5.5142E+04 0.0000E+00 4.5210E-02 1.0398E-023542 8459  426
 5.5143E+04 0.0000E+00 2.0911E-02 7.5279E-03 5.5144E+04 0.0000E+003542 8459  427
 3.9038E-03 2.8107E-03 5.5144E+04 1.0000E+00 1.0864E-08 1.0864E-083542 8459  428
 5.5145E+04 0.0000E+00 5.9406E-04 9.5644E-04 5.5146E+04 0.0000E+003542 8459  429
 2.7687E-05 1.0604E-04 5.5147E+04 0.0000E+00 5.8917E-07 5.5323E-063542 8459  430
 5.5148E+04 0.0000E+00 3.1880E-09 7.5078E-08 5.5149E+04 0.0000E+003542 8459  431
 1.0141E-11 6.1062E-10 5.6134E+04 0.0000E+00 3.2305E-08 5.8149E-093542 8459  432
 5.6135E+04 0.0000E+00 1.0322E-10 1.6515E-11 5.6135E+04 1.0000E+003542 8459  433
 7.3881E-11 7.3874E-09 5.6136E+04 0.0000E+00 4.4753E-05 6.7129E-063542 8459  434
 5.6136E+04 1.0000E+00 7.5706E-09 1.1356E-09 5.6137E+04 0.0000E+003542 8459  435
 8.2536E-02 1.2381E-02 5.6137E+04 1.0000E+00 7.7913E-02 1.4024E-023542 8459  436
 5.6138E+04 0.0000E+00 8.7694E-02 1.3154E-02 5.6139E+04 0.0000E+003542 8459  437
 8.7640E-02 1.3146E-02 5.6140E+04 0.0000E+00 8.8666E-02 1.3300E-023542 8459  438
 5.6141E+04 0.0000E+00 8.9433E-02 1.5203E-02 5.6142E+04 0.0000E+003542 8459  439
 8.7308E-02 1.8335E-02 5.6143E+04 0.0000E+00 7.6062E-02 1.4452E-023542 8459  440
 5.6144E+04 0.0000E+00 5.6761E-02 1.1352E-02 5.6145E+04 0.0000E+003542 8459  441
 2.6914E-02 7.8051E-03 5.6146E+04 0.0000E+00 8.5940E-03 4.5548E-033542 8459  442
 5.6147E+04 0.0000E+00 8.2351E-04 9.3057E-04 5.6148E+04 0.0000E+003542 8459  443
 4.1011E-05 1.0950E-04 5.6149E+04 0.0000E+00 7.4543E-07 4.9199E-063542 8459  444
 5.6150E+04 0.0000E+00 6.7374E-09 1.1285E-07 5.6151E+04 0.0000E+003542 8459  445
 1.7175E-11 7.4524E-10 5.7137E+04 0.0000E+00 5.6339E-12 8.4509E-133542 8459  446
 5.7138E+04 0.0000E+00 5.0185E-10 7.5277E-11 5.7139E+04 0.0000E+003542 8459  447
 8.7640E-02 1.3146E-02 5.7140E+04 0.0000E+00 8.8667E-02 1.2413E-023542 8459  448
 5.7141E+04 0.0000E+00 8.9475E-02 1.2527E-02 5.7142E+04 0.0000E+003542 8459  449
 8.7749E-02 1.3163E-02 5.7143E+04 0.0000E+00 7.9217E-02 1.1883E-023542 8459  450
 5.7144E+04 0.0000E+00 6.5149E-02 1.1075E-02 5.7145E+04 0.0000E+003542 8459  451
 4.6807E-02 9.3614E-03 5.7146E+04 0.0000E+00 1.6853E-02 4.0446E-033542 8459  452
 5.7146E+04 1.0000E+00 9.4250E-03 4.3355E-03 5.7147E+04 0.0000E+003542 8459  453
 1.0393E-02 2.8061E-03 5.7148E+04 0.0000E+00 1.8422E-03 7.9212E-043542 8459  454
 5.7149E+04 0.0000E+00 2.6641E-04 2.2112E-04 5.7150E+04 0.0000E+003542 8459  455
 1.2578E-05 2.3645E-05 5.7151E+04 0.0000E+00 3.4044E-07 1.5694E-063542 8459  456
 5.7152E+04 0.0000E+00 2.1995E-09 2.5888E-08 5.7153E+04 0.0000E+003542 8459  457
 6.1869E-12 1.9025E-10 5.8139E+04 0.0000E+00 2.4139E-13 3.6209E-143542 8459  458
 5.8139E+04 1.0000E+00 1.4742E-13 2.6535E-14 5.8140E+04 0.0000E+003542 8459  459
 8.8667E-02 1.2413E-02 5.8141E+04 0.0000E+00 8.9475E-02 1.2527E-023542 8459  460
 5.8142E+04 0.0000E+00 8.7750E-02 1.3163E-02 5.8143E+04 0.0000E+003542 8459  461
 7.9225E-02 1.1884E-02 5.8144E+04 0.0000E+00 6.5271E-02 1.0443E-023542 8459  462
 5.8145E+04 0.0000E+00 4.7771E-02 8.1211E-03 5.8146E+04 0.0000E+003542 8459  463
 3.1021E-02 6.8246E-03 5.8147E+04 0.0000E+00 1.7686E-02 4.2445E-033542 8459  464
 5.8148E+04 0.0000E+00 8.7259E-03 2.2687E-03 5.8149E+04 0.0000E+003542 8459  465
 3.3809E-03 1.0819E-03 5.8150E+04 0.0000E+00 9.9446E-04 4.5745E-043542 8459  466
 5.8151E+04 0.0000E+00 1.2107E-04 8.9597E-05 5.8152E+04 0.0000E+003542 8459  467
 7.5511E-06 1.0873E-05 5.8153E+04 0.0000E+00 1.3095E-07 4.2951E-073542 8459  468
 5.8154E+04 0.0000E+00 1.1198E-09 9.1600E-09 5.8155E+04 0.0000E+003542 8459  469
 3.4425E-12 7.3257E-11 5.9141E+04 0.0000E+00 8.9475E-02 1.2527E-023542 8459  470
 5.9142E+04 0.0000E+00 9.2682E-13 1.3903E-13 5.9142E+04 1.0000E+003542 8459  471
 5.5544E-13 5.5538E-11 5.9143E+04 0.0000E+00 7.9225E-02 1.1884E-023542 8459  472
 5.9144E+04 0.0000E+00 6.5271E-02 1.0443E-02 5.9144E+04 1.0000E+003542 8459  473
 9.0071E-04 1.7113E-04 5.9145E+04 0.0000E+00 4.7772E-02 8.1212E-033542 8459  474
 5.9146E+04 0.0000E+00 3.1028E-02 5.8953E-03 5.9147E+04 0.0000E+003542 8459  475
 1.7760E-02 3.9071E-03 5.9148E+04 0.0000E+00 8.7885E-03 2.2850E-033542 8459  476
 5.9148E+04 1.0000E+00 1.7407E-04 3.8644E-04 5.9149E+04 0.0000E+003542 8459  477
 3.9746E-03 1.2321E-03 5.9150E+04 0.0000E+00 1.5313E-03 6.1256E-043542 8459  478
 5.9151E+04 0.0000E+00 4.7433E-04 2.4665E-04 5.9152E+04 0.0000E+003542 8459  479
 8.5072E-05 5.9550E-05 5.9153E+04 0.0000E+00 1.0683E-05 1.1004E-053542 8459  480
 5.9154E+04 0.0000E+00 4.8104E-07 7.8410E-07 5.9155E+04 0.0000E+003542 8459  481
 1.6431E-08 4.8308E-08 5.9156E+04 0.0000E+00 1.5326E-10 9.5330E-103542 8459  482
 5.9157E+04 0.0000E+00 4.0166E-13 6.5511E-12 6.0142E+04 0.0000E+003542 8459  483
 9.2667E-13 1.3900E-13 6.0143E+04 0.0000E+00 7.9225E-02 1.1884E-023542 8459  484
 6.0144E+04 0.0000E+00 6.5271E-02 1.0443E-02 6.0145E+04 0.0000E+003542 8459  485
 4.7772E-02 8.1212E-03 6.0146E+04 0.0000E+00 3.1028E-02 5.8953E-033542 8459  486
 6.0147E+04 0.0000E+00 1.7760E-02 3.9072E-03 6.0148E+04 0.0000E+003542 8459  487
 8.9630E-03 2.3304E-03 6.0149E+04 0.0000E+00 3.9791E-03 1.2335E-033542 8459  488
 6.0150E+04 0.0000E+00 1.5591E-03 6.2363E-04 6.0151E+04 0.0000E+003542 8459  489
 5.3786E-04 2.7969E-04 6.0152E+04 0.0000E+00 1.6305E-04 1.1414E-043542 8459  490
 6.0153E+04 0.0000E+00 4.2580E-05 4.1302E-05 6.0154E+04 0.0000E+003542 8459  491
 9.2159E-06 1.2810E-05 6.0155E+04 0.0000E+00 1.2594E-06 2.6071E-063542 8459  492
 6.0156E+04 0.0000E+00 1.0850E-07 3.4720E-07 6.0157E+04 0.0000E+003542 8459  493
 2.1906E-09 1.1347E-08 6.0158E+04 0.0000E+00 6.9726E-12 7.0354E-113542 8459  494
 6.1147E+04 0.0000E+00 1.7760E-02 3.9072E-03 6.1148E+04 0.0000E+003542 8459  495
 1.0501E-12 2.7305E-13 6.1148E+04 1.0000E+00 1.4613E-12 4.0915E-133542 8459  496
 6.1149E+04 0.0000E+00 3.9791E-03 1.2335E-03 6.1150E+04 0.0000E+003542 8459  497
 4.6028E-09 1.8411E-09 6.1151E+04 0.0000E+00 5.3794E-04 2.7973E-043542 8459  498
 6.1152E+04 0.0000E+00 1.6316E-04 1.1421E-04 6.1152E+04 1.0000E+003542 8459  499
 2.9439E-07 2.6142E-06 6.1152E+04 2.0000E+00 1.2539E-08 1.1135E-073542 8459  500
 6.1153E+04 0.0000E+00 4.3753E-05 4.2440E-05 6.1154E+04 0.0000E+003542 8459  501
 9.3717E-06 1.3026E-05 6.1154E+04 1.0000E+00 9.3830E-07 2.8055E-063542 8459  502
 6.1155E+04 0.0000E+00 2.1184E-06 4.3852E-06 6.1156E+04 0.0000E+003542 8459  503
 3.4479E-07 1.0896E-06 6.1157E+04 0.0000E+00 3.9656E-08 1.9788E-073542 8459  504
 6.1158E+04 0.0000E+00 1.3298E-09 1.0798E-08 6.1159E+04 0.0000E+003542 8459  505
 2.2874E-11 3.1496E-10 6.2147E+04 0.0000E+00 1.7760E-02 3.9072E-033542 8459  506
 6.2148E+04 0.0000E+00 2.4384E-12 6.3398E-13 6.2149E+04 0.0000E+003542 8459  507
 3.9791E-03 1.2335E-03 6.2150E+04 0.0000E+00 4.6028E-09 1.8411E-093542 8459  508
 6.2151E+04 0.0000E+00 5.3794E-04 2.7973E-04 6.2152E+04 0.0000E+003542 8459  509
 1.6346E-04 1.1442E-04 6.2153E+04 0.0000E+00 4.3754E-05 4.2442E-053542 8459  510
 6.2153E+04 1.0000E+00 5.7234E-10 1.3444E-08 6.2154E+04 0.0000E+003542 8459  511
 1.0317E-05 1.4341E-05 6.2155E+04 0.0000E+00 2.1431E-06 4.4363E-063542 8459  512
 6.2156E+04 0.0000E+00 3.9202E-07 1.2388E-06 6.2157E+04 0.0000E+003542 8459  513
 6.3098E-08 3.1486E-07 6.2158E+04 0.0000E+00 8.9161E-09 7.2399E-083542 8459  514
 6.2159E+04 0.0000E+00 1.0631E-09 1.4522E-08 6.2160E+04 0.0000E+003542 8459  515
 1.0411E-10 2.4684E-09 6.2161E+04 0.0000E+00 1.5724E-12 6.6920E-113542 8459  516
 6.3151E+04 0.0000E+00 5.3794E-04 2.7973E-04 6.3153E+04 0.0000E+003542 8459  517
 4.3754E-05 4.2442E-05 6.3154E+04 0.0000E+00 8.3885E-14 1.1660E-133542 8459  518
 6.3155E+04 0.0000E+00 2.1431E-06 4.4363E-06 6.3156E+04 0.0000E+003542 8459  519
 3.9204E-07 1.2389E-06 6.3157E+04 0.0000E+00 6.3187E-08 3.1531E-073542 8459  520
 6.3158E+04 0.0000E+00 8.9710E-09 7.2844E-08 6.3159E+04 0.0000E+003542 8459  521
 1.1219E-09 1.5326E-08 6.3160E+04 0.0000E+00 1.2358E-10 2.9301E-093542 8459  522
 6.3161E+04 0.0000E+00 1.1920E-11 5.0636E-10 6.3162E+04 0.0000E+003542 8459  523
 6.0363E-13 4.7421E-11 6.4155E+04 0.0000E+00 2.1431E-06 4.4363E-063542 8459  524
 6.4156E+04 0.0000E+00 3.9204E-07 1.2389E-06 6.4157E+04 0.0000E+003542 8459  525
 6.3187E-08 3.1531E-07 6.4158E+04 0.0000E+00 8.9710E-09 7.2844E-083542 8459  526
 6.4159E+04 0.0000E+00 1.1219E-09 1.5326E-08 6.4160E+04 0.0000E+003542 8459  527
 1.2360E-10 2.9305E-09 6.4161E+04 0.0000E+00 1.1994E-11 5.0953E-103542 8459  528
 6.4162E+04 0.0000E+00 1.0253E-12 8.0552E-11 6.4163E+04 0.0000E+003542 8459  529
 7.7209E-14 7.7202E-12 6.5159E+04 0.0000E+00 1.1219E-09 1.5326E-083542 8459  530
 6.5161E+04 0.0000E+00 1.1994E-11 5.0953E-10 6.5162E+04 0.0000E+003542 8459  531
 1.0253E-12 8.0552E-11 6.6161E+04 0.0000E+00 1.1994E-11 5.0953E-103542 8459  532
 6.6162E+04 0.0000E+00 1.0253E-12 8.0552E-11 0.0000E+00 0.0000E+003542 8459  533
 0.0000E+00 0.0000E+00          0          0          0          03542 8  099999
                                                                  3542 0  0    0
                                                                     0 0  0    0
 0.0000E+00 0.0000E+00          0          0          0          0  -1 0  0    0
