Fission Product Yields for u-234(s,f) fission                      231 0  0    0
 9.2234e+04 2.3203e+02         -1          1          2          13541 1451    1
 0.0000e+00 1.0000e+00          0          0          0          63541 1451    2
 0.0000e+00 1.5000e+08          1          0          5          63541 1451    3
 0.0000e+00 0.0000e+00          0          0         11          33541 1451    4
 92-U -234  NexiaSol   EVAL-DEC07                      R.W. Mills 3541 1451    5
                       DIST-DEC07DRAFT-DEC07           071212     3541 1451    6
 Energy dependent fission yields - UKFY4.1 (Issue 1)              3541 1451    7
 =====================================================            3541 1451    8
 The CYFP code developed by Wahl [1] was used to produce          3541 1451    9
 energy dependent fission yields for fission induced by           3541 1451   10
 neutron, proton, deuteron and alpha particles.                   3541 1451   11
                                                                  3541 1451   12
 References                                                       3541 1451   13
 1) "Systematics of Fission-Product Yields", LA-13928,            3541 1451   14
    A.C. Wahl (2002).                                             3541 1451   15
                                1        451         18          03541 1451   16
                                8        454        689          03541 1451   17
                                8        459        689          03541 1451   18
 0.0000e+00 0.0000e+00          0          0          0          03541 1  099999
                                                                  3541 0  0    0
 9.2234E+04 2.3203E+02          1          0          0          03541 8454    1
 0.0000E+00 0.0000E+00          0          0       3164        7913541 8454    2
 2.8070E+04 0.0000E+00 5.9159E-14 5.9153E-12 2.8071E+04 0.0000E+003541 8454    3
 2.2591E-13 1.8913E-11 2.8072E+04 0.0000E+00 1.3511E-13 1.3509E-113541 8454    4
 2.9071E+04 0.0000E+00 5.7320E-13 4.7931E-11 2.9072E+04 0.0000E+003541 8454    5
 8.1094E-12 8.1086E-10 2.9073E+04 0.0000E+00 3.2321E-11 3.2317E-093541 8454    6
 2.9074E+04 0.0000E+00 2.5833E-11 3.7329E-10 2.9075E+04 0.0000E+003541 8454    7
 5.6544E-11 5.0268E-10 2.9076E+04 0.0000E+00 4.8052E-11 3.2867E-103541 8454    8
 2.9077E+04 0.0000E+00 3.0648E-11 2.7522E-10 2.9078E+04 0.0000E+003541 8454    9
 2.7424E-12 5.5698E-11 2.9079E+04 0.0000E+00 1.4321E-13 6.9370E-123541 8454   10
 3.0071E+04 0.0000E+00 0.0000E+00 0.0000E+00 3.0072E+04 0.0000E+003541 8454   11
 1.2210E-12 5.5374E-11 3.0073E+04 0.0000E+00 1.2303E-11 1.2302E-093541 8454   12
 3.0073E+04 1.0000E+00 5.4133E-11 5.4128E-09 3.0074E+04 0.0000E+003541 8454   13
 8.7776E-10 1.2640E-08 3.0075E+04 0.0000E+00 6.1835E-09 5.2807E-083541 8454   14
 3.0076E+04 0.0000E+00 2.8089E-08 1.4719E-07 3.0077E+04 0.0000E+003541 8454   15
 2.5246E-08 1.7167E-07 3.0077E+04 1.0000E+00 5.7380E-09 3.9018E-083541 8454   16
 3.0078E+04 0.0000E+00 2.5693E-08 7.4508E-08 3.0079E+04 0.0000E+003541 8454   17
 6.8489E-09 3.3628E-08 3.0080E+04 0.0000E+00 1.0037E-09 1.1362E-083541 8454   18
 3.0081E+04 0.0000E+00 5.6316E-11 1.5143E-09 3.0082E+04 0.0000E+003541 8454   19
 1.8759E-12 1.1871E-10 3.1071E+04 0.0000E+00 0.0000E+00 0.0000E+003541 8454   20
 3.1072E+04 0.0000E+00 0.0000E+00 0.0000E+00 3.1072E+04 1.0000E+003541 8454   21
 0.0000E+00 0.0000E+00 3.1073E+04 0.0000E+00 1.5270E-15 1.5269E-133541 8454   22
 3.1074E+04 0.0000E+00 3.3262E-12 3.3259E-10 3.1074E+04 1.0000E+003541 8454   23
 8.8209E-13 8.8201E-11 3.1075E+04 0.0000E+00 1.1087E-09 9.4908E-093541 8454   24
 3.1076E+04 0.0000E+00 2.2957E-08 1.2006E-07 3.1077E+04 0.0000E+003541 8454   25
 2.4729E-07 8.1605E-07 3.1078E+04 0.0000E+00 8.0241E-07 1.7332E-063541 8454   26
 3.1079E+04 0.0000E+00 1.7099E-06 2.6162E-06 3.1080E+04 0.0000E+003541 8454   27
 1.1834E-06 1.8106E-06 3.1081E+04 0.0000E+00 5.6674E-07 1.6039E-063541 8454   28
 3.1082E+04 0.0000E+00 8.7445E-08 5.7102E-07 3.1083E+04 0.0000E+003541 8454   29
 7.0079E-09 1.0757E-07 3.1084E+04 0.0000E+00 1.8821E-10 6.7285E-093541 8454   30
 3.1085E+04 0.0000E+00 3.8592E-12 3.1700E-10 3.2072E+04 0.0000E+003541 8454   31
 0.0000E+00 0.0000E+00 3.2073E+04 0.0000E+00 0.0000E+00 0.0000E+003541 8454   32
 3.2073E+04 1.0000E+00 0.0000E+00 0.0000E+00 3.2074E+04 0.0000E+003541 8454   33
 2.2275E-17 2.2273E-15 3.2075E+04 0.0000E+00 2.5176E-13 6.4097E-123541 8454   34
 3.2075E+04 1.0000E+00 1.1077E-12 2.8202E-11 3.2076E+04 0.0000E+003541 8454   35
 1.3285E-09 7.3997E-09 3.2077E+04 0.0000E+00 4.1519E-08 2.7901E-073541 8454   36
 3.2077E+04 1.0000E+00 9.4363E-09 6.3412E-08 3.2078E+04 0.0000E+003541 8454   37
 9.8481E-07 2.1370E-06 3.2079E+04 0.0000E+00 1.2279E-06 3.5732E-063541 8454   38
 3.2079E+04 1.0000E+00 5.4026E-06 1.5721E-05 3.2080E+04 0.0000E+003541 8454   39
 2.8783E-05 2.9359E-05 3.2081E+04 0.0000E+00 4.0952E-05 6.4704E-053541 8454   40
 3.2081E+04 1.0000E+00 1.4113E-05 2.2298E-05 3.2082E+04 0.0000E+003541 8454   41
 6.6354E-05 5.9055E-05 3.2083E+04 0.0000E+00 2.3700E-05 4.0290E-053541 8454   42
 3.2084E+04 0.0000E+00 5.0289E-06 1.9412E-05 3.2085E+04 0.0000E+003541 8454   43
 4.3832E-07 3.9230E-06 3.2086E+04 0.0000E+00 2.3079E-08 4.7544E-073541 8454   44
 3.2087E+04 0.0000E+00 4.1886E-10 1.9619E-08 3.2088E+04 0.0000E+003541 8454   45
 4.8404E-12 4.8399E-10 3.3075E+04 0.0000E+00 0.0000E+00 0.0000E+003541 8454   46
 3.3077E+04 0.0000E+00 9.5273E-11 6.7167E-10 3.3078E+04 0.0000E+003541 8454   47
 1.0168E-08 3.2639E-08 3.3079E+04 0.0000E+00 5.3893E-07 9.3235E-073541 8454   48
 3.3080E+04 0.0000E+00 8.1170E-06 8.7664E-06 3.3081E+04 0.0000E+003541 8454   49
 8.4936E-05 6.3702E-05 3.3082E+04 0.0000E+00 1.2790E-04 1.4069E-043541 8454   50
 3.3082E+04 1.0000E+00 1.9129E-04 2.1041E-04 3.3083E+04 0.0000E+003541 8454   51
 7.1512E-04 3.3611E-04 3.3084E+04 0.0000E+00 5.8576E-04 3.2803E-043541 8454   52
 3.3084E+04 1.0000E+00 0.0000E+00 0.0000E+00 3.3085E+04 0.0000E+003541 8454   53
 3.7128E-04 3.9355E-04 3.3086E+04 0.0000E+00 7.9400E-05 1.8580E-043541 8454   54
 3.3087E+04 0.0000E+00 1.0290E-05 5.4843E-05 3.3088E+04 0.0000E+003541 8454   55
 4.5646E-07 5.5277E-06 3.3089E+04 0.0000E+00 1.3353E-08 3.6426E-073541 8454   56
 3.3090E+04 0.0000E+00 1.4087E-10 8.5607E-09 3.3091E+04 0.0000E+003541 8454   57
 1.2207E-12 1.2206E-10 3.4077E+04 0.0000E+00 1.5074E-16 1.5072E-143541 8454   58
 3.4078E+04 0.0000E+00 1.4123E-12 3.5251E-11 3.4079E+04 0.0000E+003541 8454   59
 4.0753E-10 7.6943E-09 3.4079E+04 1.0000E+00 9.2624E-11 1.7488E-093541 8454   60
 3.4080E+04 0.0000E+00 7.7434E-08 2.8728E-07 3.4081E+04 0.0000E+003541 8454   61
 7.0223E-07 2.2261E-06 3.4081E+04 1.0000E+00 3.0897E-06 9.7944E-063541 8454   62
 3.4082E+04 0.0000E+00 9.5234E-05 7.5235E-05 3.4083E+04 0.0000E+003541 8454   63
 4.9206E-04 4.8221E-04 3.4083E+04 1.0000E+00 1.6957E-04 1.6618E-043541 8454   64
 3.4084E+04 0.0000E+00 2.8658E-03 1.0030E-03 3.4085E+04 0.0000E+003541 8454   65
 5.7225E-03 1.7740E-03 3.4086E+04 0.0000E+00 7.6718E-03 2.9153E-033541 8454   66
 3.4087E+04 0.0000E+00 3.7156E-03 2.5266E-03 3.4088E+04 0.0000E+003541 8454   67
 1.1337E-03 1.6438E-03 3.4089E+04 0.0000E+00 1.2600E-04 4.0825E-043541 8454   68
 3.4090E+04 0.0000E+00 8.8449E-06 6.4391E-05 3.4091E+04 0.0000E+003541 8454   69
 2.7358E-07 4.4375E-06 3.4092E+04 0.0000E+00 5.8381E-09 2.0859E-073541 8454   70
 3.4093E+04 0.0000E+00 4.7211E-11 3.6584E-09 3.4094E+04 0.0000E+003541 8454   71
 3.0428E-13 3.0425E-11 3.5079E+04 0.0000E+00 4.9043E-16 4.9038E-143541 8454   72
 3.5080E+04 0.0000E+00 8.1957E-13 5.8968E-11 3.5080E+04 1.0000E+003541 8454   73
 1.6283E-12 1.1716E-10 3.5081E+04 0.0000E+00 1.3930E-09 1.8931E-083541 8454   74
 3.5082E+04 0.0000E+00 1.1821E-07 1.2424E-06 3.5082E+04 1.0000E+003541 8454   75
 7.9037E-08 8.3068E-07 3.5083E+04 0.0000E+00 1.1677E-05 2.4638E-053541 8454   76
 3.5084E+04 0.0000E+00 7.8028E-05 1.4279E-04 3.5084E+04 1.0000E+003541 8454   77
 1.1670E-04 2.1356E-04 3.5085E+04 0.0000E+00 2.2023E-03 1.0130E-033541 8454   78
 3.5086E+04 0.0000E+00 8.3202E-03 2.4129E-03 3.5087E+04 0.0000E+003541 8454   79
 2.0645E-02 4.7484E-03 3.5088E+04 0.0000E+00 1.9560E-02 5.4768E-033541 8454   80
 3.5089E+04 0.0000E+00 1.3170E-02 6.0583E-03 3.5090E+04 0.0000E+003541 8454   81
 3.2542E-03 3.0264E-03 3.5091E+04 0.0000E+00 6.4029E-04 1.2934E-033541 8454   82
 3.5092E+04 0.0000E+00 4.7426E-05 2.1104E-04 3.5093E+04 0.0000E+003541 8454   83
 2.3070E-06 2.2516E-05 3.5094E+04 0.0000E+00 4.7496E-08 1.0012E-063541 8454   84
 3.5095E+04 0.0000E+00 9.5385E-10 4.2637E-08 3.5096E+04 0.0000E+003541 8454   85
 8.4758E-12 7.8732E-10 3.5097E+04 0.0000E+00 6.1609E-14 6.1603E-123541 8454   86
 3.6080E+04 0.0000E+00 0.0000E+00 0.0000E+00 3.6082E+04 0.0000E+003541 8454   87
 6.8706E-12 3.4862E-10 3.6083E+04 0.0000E+00 8.1989E-11 3.1762E-093541 8454   88
 3.6083E+04 1.0000E+00 2.4790E-09 9.6038E-08 3.6084E+04 0.0000E+003541 8454   89
 4.2741E-07 3.2270E-06 3.6085E+04 0.0000E+00 1.7267E-05 1.0429E-043541 8454   90
 3.6085E+04 1.0000E+00 5.9503E-06 3.5940E-05 3.6086E+04 0.0000E+003541 8454   91
 6.3217E-04 7.9654E-04 3.6087E+04 0.0000E+00 5.1832E-03 2.9544E-033541 8454   92
 3.6088E+04 0.0000E+00 2.5141E-02 7.7937E-03 3.6089E+04 0.0000E+003541 8454   93
 4.6134E-02 9.6882E-03 3.6090E+04 0.0000E+00 5.8704E-02 1.2915E-023541 8454   94
 3.6091E+04 0.0000E+00 3.5853E-02 1.1832E-02 3.6092E+04 0.0000E+003541 8454   95
 1.5636E-02 9.6942E-03 3.6093E+04 0.0000E+00 2.5290E-03 3.2371E-033541 8454   96
 3.6094E+04 0.0000E+00 3.0591E-04 8.3820E-04 3.6095E+04 0.0000E+003541 8454   97
 1.9371E-05 1.1313E-04 3.6096E+04 0.0000E+00 9.3056E-07 1.1418E-053541 8454   98
 3.6097E+04 0.0000E+00 1.9367E-08 4.9058E-07 3.6098E+04 0.0000E+003541 8454   99
 2.9984E-10 1.5415E-08 3.6099E+04 0.0000E+00 1.9691E-12 1.9689E-103541 8454  100
 3.7084E+04 0.0000E+00 1.7286E-12 1.7284E-10 3.7084E+04 1.0000E+003541 8454  101
 1.9727E-12 1.9725E-10 3.7085E+04 0.0000E+00 2.1472E-09 5.8575E-083541 8454  102
 3.7086E+04 0.0000E+00 1.4555E-07 3.1324E-06 3.7086E+04 1.0000E+003541 8454  103
 1.6611E-07 3.5747E-06 3.7087E+04 0.0000E+00 2.1576E-05 9.3425E-053541 8454  104
 3.7088E+04 0.0000E+00 4.2232E-04 7.6018E-04 3.7089E+04 0.0000E+003541 8454  105
 4.7143E-03 3.7243E-03 3.7090E+04 0.0000E+00 4.5633E-03 3.5137E-033541 8454  106
 3.7090E+04 1.0000E+00 1.2689E-02 9.7709E-03 3.7091E+04 0.0000E+003541 8454  107
 4.9658E-02 1.1918E-02 3.7092E+04 0.0000E+00 5.6945E-02 1.0819E-023541 8454  108
 3.7093E+04 0.0000E+00 4.6082E-02 1.1981E-02 3.7094E+04 0.0000E+003541 8454  109
 1.6369E-02 7.0388E-03 3.7095E+04 0.0000E+00 5.5819E-03 4.5772E-033541 8454  110
 3.7096E+04 0.0000E+00 7.9548E-04 1.3285E-03 3.7096E+04 1.0000E+003541 8454  111
 0.0000E+00 0.0000E+00 3.7097E+04 0.0000E+00 8.5799E-05 2.9515E-043541 8454  112
 3.7098E+04 0.0000E+00 3.7026E-06 2.5992E-05 3.7098E+04 1.0000E+003541 8454  113
 0.0000E+00 0.0000E+00 3.7099E+04 0.0000E+00 1.1798E-07 1.6800E-063541 8454  114
 3.7100E+04 0.0000E+00 1.4591E-09 4.1889E-08 3.7101E+04 0.0000E+003541 8454  115
 1.5102E-11 8.7486E-10 3.7102E+04 0.0000E+00 5.6027E-14 5.6021E-123541 8454  116
 3.8084E+04 0.0000E+00 0.0000E+00 0.0000E+00 3.8086E+04 0.0000E+003541 8454  117
 3.4294E-12 3.3248E-10 3.8087E+04 0.0000E+00 4.3550E-11 3.3111E-093541 8454  118
 3.8087E+04 1.0000E+00 1.3168E-09 1.0012E-07 3.8088E+04 0.0000E+003541 8454  119
 2.4901E-07 3.7749E-06 3.8089E+04 0.0000E+00 1.2978E-05 7.9944E-053541 8454  120
 3.8090E+04 0.0000E+00 3.4980E-04 8.9548E-04 3.8091E+04 0.0000E+003541 8454  121
 3.5303E-03 3.9186E-03 3.8092E+04 0.0000E+00 2.1631E-02 1.1248E-023541 8454  122
 3.8093E+04 0.0000E+00 4.5846E-02 1.3295E-02 3.8094E+04 0.0000E+003541 8454  123
 7.2978E-02 1.4596E-02 3.8095E+04 0.0000E+00 6.3292E-02 1.3291E-023541 8454  124
 3.8096E+04 0.0000E+00 4.2983E-02 1.3325E-02 3.8097E+04 0.0000E+003541 8454  125
 1.2649E-02 6.7041E-03 3.8098E+04 0.0000E+00 2.6962E-03 2.7501E-033541 8454  126
 3.8099E+04 0.0000E+00 2.3502E-04 4.7475E-04 3.8100E+04 0.0000E+003541 8454  127
 1.4183E-05 5.7726E-05 3.8101E+04 0.0000E+00 3.9721E-07 3.2809E-063541 8454  128
 3.8102E+04 0.0000E+00 7.1697E-09 1.2153E-07 3.8103E+04 0.0000E+003541 8454  129
 4.2548E-11 1.4956E-09 3.9088E+04 0.0000E+00 7.1108E-13 7.1101E-113541 8454  130
 3.9089E+04 0.0000E+00 8.1083E-11 8.1075E-09 3.9089E+04 1.0000E+003541 8454  131
 2.7974E-10 2.7971E-08 3.9090E+04 0.0000E+00 2.5894E-08 1.0912E-063541 8454  132
 3.9090E+04 1.0000E+00 2.2410E-08 9.4437E-07 3.9091E+04 0.0000E+003541 8454  133
 1.0109E-06 1.7478E-05 3.9091E+04 1.0000E+00 2.9334E-06 5.0718E-053541 8454  134
 3.9092E+04 0.0000E+00 9.6833E-05 3.5150E-04 3.9093E+04 0.0000E+003541 8454  135
 3.2880E-04 1.0357E-03 3.9093E+04 1.0000E+00 9.5412E-04 3.0055E-033541 8454  136
 3.9094E+04 0.0000E+00 6.0618E-03 4.3645E-03 3.9095E+04 0.0000E+003541 8454  137
 2.4254E-02 9.2163E-03 3.9096E+04 0.0000E+00 5.5041E-03 2.6420E-033541 8454  138
 3.9096E+04 1.0000E+00 3.3152E-02 1.5913E-02 3.9097E+04 0.0000E+003541 8454  139
 1.2056E-02 4.7020E-03 3.9097E+04 1.0000E+00 3.4985E-02 1.3644E-023541 8454  140
 3.9098E+04 0.0000E+00 6.2783E-03 3.1392E-03 3.9098E+04 1.0000E+003541 8454  141
 1.7459E-02 8.7293E-03 3.9099E+04 0.0000E+00 9.1824E-03 3.4893E-033541 8454  142
 3.9100E+04 0.0000E+00 3.7584E-04 4.9235E-04 3.9100E+04 1.0000E+003541 8454  143
 1.0451E-03 1.3691E-03 3.9101E+04 0.0000E+00 1.8880E-04 2.3601E-043541 8454  144
 3.9102E+04 0.0000E+00 9.2110E-06 2.3120E-05 3.9102E+04 1.0000E+003541 8454  145
 0.0000E+00 0.0000E+00 3.9103E+04 0.0000E+00 2.7028E-07 1.4055E-063541 8454  146
 3.9104E+04 0.0000E+00 2.3207E-13 2.3205E-11 4.0090E+04 0.0000E+003541 8454  147
 5.2938E-14 5.2933E-12 4.0090E+04 1.0000E+00 1.4721E-13 1.4719E-113541 8454  148
 4.0091E+04 0.0000E+00 8.5450E-11 6.0644E-09 4.0092E+04 0.0000E+003541 8454  149
 1.8108E-08 5.2512E-07 4.0093E+04 0.0000E+00 1.0477E-06 1.2667E-053541 8454  150
 4.0094E+04 0.0000E+00 3.4778E-05 1.7980E-04 4.0095E+04 0.0000E+003541 8454  151
 4.7809E-04 1.0900E-03 4.0096E+04 0.0000E+00 4.0705E-03 4.3147E-033541 8454  152
 4.0097E+04 0.0000E+00 1.2775E-02 6.7707E-03 4.0098E+04 0.0000E+003541 8454  153
 2.6822E-02 8.3149E-03 4.0099E+04 0.0000E+00 2.2942E-02 5.5060E-033541 8454  154
 4.0100E+04 0.0000E+00 1.4335E-02 3.5837E-03 4.0101E+04 0.0000E+003541 8454  155
 4.5253E-03 1.5386E-03 4.0102E+04 0.0000E+00 1.0072E-03 5.2375E-043541 8454  156
 4.0103E+04 0.0000E+00 7.9510E-05 7.2354E-05 4.0104E+04 0.0000E+003541 8454  157
 1.9674E-07 1.2591E-06 4.0105E+04 0.0000E+00 5.4813E-09 6.2213E-083541 8454  158
 4.0106E+04 0.0000E+00 1.0125E-10 2.0614E-09 4.0107E+04 0.0000E+003541 8454  159
 1.8405E-12 6.7545E-11 4.0108E+04 0.0000E+00 5.0821E-14 3.3577E-123541 8454  160
 4.0109E+04 0.0000E+00 5.1577E-11 5.5339E-10 4.0110E+04 0.0000E+003541 8454  161
 4.3143E-13 1.2231E-11 4.1093E+04 0.0000E+00 3.2774E-13 3.2771E-113541 8454  162
 4.1093E+04 1.0000E+00 9.9096E-12 9.9086E-10 4.1094E+04 0.0000E+003541 8454  163
 7.0433E-10 5.6558E-08 4.1094E+04 1.0000E+00 8.1382E-10 6.5349E-083541 8454  164
 4.1095E+04 0.0000E+00 1.1325E-07 3.8925E-06 4.1095E+04 1.0000E+003541 8454  165
 3.9029E-08 1.3414E-06 4.1096E+04 0.0000E+00 4.7475E-06 3.5843E-053541 8454  166
 4.1097E+04 0.0000E+00 6.5197E-05 4.4530E-04 4.1097E+04 1.0000E+003541 8454  167
 2.2468E-05 1.5345E-04 4.1098E+04 0.0000E+00 1.7926E-04 5.7364E-043541 8454  168
 4.1098E+04 1.0000E+00 3.5616E-04 1.1397E-03 4.1099E+04 0.0000E+003541 8454  169
 1.5823E-03 2.5000E-03 4.1099E+04 1.0000E+00 5.4527E-04 8.6153E-043541 8454  170
 4.1100E+04 0.0000E+00 8.2268E-04 7.3219E-04 4.1100E+04 1.0000E+003541 8454  171
 2.2877E-03 2.0360E-03 4.1101E+04 0.0000E+00 3.8993E-03 1.3258E-033541 8454  172
 4.1102E+04 0.0000E+00 8.9823E-04 6.2876E-04 4.1102E+04 1.0000E+003541 8454  173
 1.0251E-03 7.1756E-04 4.1103E+04 0.0000E+00 6.3827E-04 2.9361E-043541 8454  174
 4.1104E+04 0.0000E+00 8.2296E-05 1.2015E-04 4.1104E+04 1.0000E+003541 8454  175
 3.0505E-05 4.4538E-05 4.1105E+04 0.0000E+00 1.3140E-05 1.4586E-053541 8454  176
 4.1106E+04 0.0000E+00 1.0927E-06 1.9013E-06 4.1107E+04 0.0000E+003541 8454  177
 9.3602E-08 2.5741E-07 4.1108E+04 0.0000E+00 1.2406E-08 5.4339E-083541 8454  178
 4.1109E+04 0.0000E+00 3.8368E-08 9.2850E-08 4.1110E+04 0.0000E+003541 8454  179
 1.7929E-09 8.6778E-09 4.1111E+04 0.0000E+00 3.8343E-11 4.5396E-103541 8454  180
 4.1112E+04 0.0000E+00 4.0230E-13 1.1860E-11 4.2094E+04 0.0000E+003541 8454  181
 2.6525E-15 2.6523E-13 4.2095E+04 0.0000E+00 1.2136E-12 1.2135E-103541 8454  182
 4.2096E+04 0.0000E+00 2.8383E-10 1.6181E-08 4.2097E+04 0.0000E+003541 8454  183
 2.0037E-08 5.0414E-07 4.2098E+04 0.0000E+00 7.7148E-07 8.7563E-063541 8454  184
 4.2099E+04 0.0000E+00 9.8970E-06 5.1564E-05 4.2100E+04 0.0000E+003541 8454  185
 7.7310E-05 1.8864E-04 4.2101E+04 0.0000E+00 2.6505E-04 3.1276E-043541 8454  186
 4.2102E+04 0.0000E+00 5.9188E-04 3.8472E-04 4.2103E+04 0.0000E+003541 8454  187
 4.6461E-04 2.3695E-04 4.2104E+04 0.0000E+00 2.2760E-04 1.4111E-043541 8454  188
 4.2105E+04 0.0000E+00 6.9279E-05 5.8194E-05 4.2106E+04 0.0000E+003541 8454  189
 1.6869E-05 2.0074E-05 4.2107E+04 0.0000E+00 4.8154E-06 7.5121E-063541 8454  190
 4.2108E+04 0.0000E+00 2.3740E-06 4.0833E-06 4.2109E+04 0.0000E+003541 8454  191
 1.3281E-06 2.2843E-06 4.2110E+04 0.0000E+00 3.1122E-07 5.6953E-073541 8454  192
 4.2111E+04 0.0000E+00 3.3973E-08 8.5272E-08 4.2112E+04 0.0000E+003541 8454  193
 1.7915E-09 8.9395E-09 4.2113E+04 0.0000E+00 4.8277E-11 5.5712E-103541 8454  194
 4.2114E+04 0.0000E+00 7.0063E-13 1.8959E-11 4.3097E+04 0.0000E+003541 8454  195
 6.4561E-14 6.4554E-12 4.3098E+04 0.0000E+00 9.5688E-12 7.9727E-103541 8454  196
 4.3099E+04 0.0000E+00 5.9143E-10 4.4357E-08 4.3099E+04 1.0000E+003541 8454  197
 2.0381E-10 1.5286E-08 4.3100E+04 0.0000E+00 2.1186E-08 3.6101E-073541 8454  198
 4.3101E+04 0.0000E+00 4.2388E-07 3.2936E-06 4.3102E+04 0.0000E+003541 8454  199
 7.7379E-07 5.4939E-06 4.3102E+04 1.0000E+00 2.1517E-06 1.5277E-053541 8454  200
 4.3103E+04 0.0000E+00 1.2007E-05 2.0052E-05 4.3104E+04 0.0000E+003541 8454  201
 3.0924E-06 8.4421E-06 4.3105E+04 0.0000E+00 3.1575E-06 5.4624E-063541 8454  202
 4.3106E+04 0.0000E+00 2.3335E-06 3.4303E-06 4.3107E+04 0.0000E+003541 8454  203
 1.8261E-06 2.9765E-06 4.3108E+04 0.0000E+00 2.3021E-06 3.9827E-063541 8454  204
 4.3109E+04 0.0000E+00 2.9414E-06 5.0003E-06 4.3110E+04 0.0000E+003541 8454  205
 2.8769E-06 4.7756E-06 4.3111E+04 0.0000E+00 1.3820E-06 2.2941E-063541 8454  206
 4.3112E+04 0.0000E+00 3.3211E-07 5.9447E-07 4.3113E+04 0.0000E+003541 8454  207
 4.0971E-08 9.9969E-08 4.3114E+04 0.0000E+00 2.6817E-09 1.2363E-083541 8454  208
 4.3115E+04 0.0000E+00 9.6042E-11 9.6714E-10 4.3116E+04 0.0000E+003541 8454  209
 1.9217E-12 4.3295E-11 4.4099E+04 0.0000E+00 2.0281E-15 2.0279E-133541 8454  210
 4.4100E+04 0.0000E+00 3.6621E-13 3.6618E-11 4.4101E+04 0.0000E+003541 8454  211
 2.6709E-11 1.4538E-09 4.4102E+04 0.0000E+00 1.1763E-09 2.8503E-083541 8454  212
 4.4103E+04 0.0000E+00 7.6649E-09 1.6418E-07 4.4103E+04 1.0000E+003541 8454  213
 9.0330E-09 1.9349E-07 4.4104E+04 0.0000E+00 3.9226E-11 1.6969E-093541 8454  214
 4.4105E+04 0.0000E+00 1.8350E-10 4.4609E-09 4.4106E+04 0.0000E+003541 8454  215
 6.1795E-10 8.3917E-09 4.4107E+04 0.0000E+00 2.1273E-09 1.6316E-083541 8454  216
 4.4108E+04 0.0000E+00 1.0988E-08 4.9774E-08 4.4109E+04 0.0000E+003541 8454  217
 4.8314E-07 1.2271E-06 4.4110E+04 0.0000E+00 1.9289E-06 3.2405E-063541 8454  218
 4.4111E+04 0.0000E+00 3.5312E-06 5.7559E-06 4.4112E+04 0.0000E+003541 8454  219
 3.2560E-06 5.2421E-06 4.4113E+04 0.0000E+00 1.6015E-06 2.5784E-063541 8454  220
 4.4114E+04 0.0000E+00 4.3048E-07 7.4473E-07 4.4115E+04 0.0000E+003541 8454  221
 6.4031E-08 1.4407E-07 4.4116E+04 0.0000E+00 5.3195E-09 2.0959E-083541 8454  222
 4.4117E+04 0.0000E+00 2.4792E-10 2.0230E-09 4.4118E+04 0.0000E+003541 8454  223
 6.4633E-12 1.1447E-10 4.4119E+04 0.0000E+00 9.3256E-14 3.6174E-123541 8454  224
 4.5103E+04 0.0000E+00 6.9487E-14 6.9480E-12 4.5103E+04 1.0000E+003541 8454  225
 3.7984E-13 3.7980E-11 4.5105E+04 0.0000E+00 0.0000E+00 0.0000E+003541 8454  226
 4.5105E+04 1.0000E+00 0.0000E+00 0.0000E+00 4.5106E+04 0.0000E+003541 8454  227
 3.7460E-17 3.7456E-15 4.5107E+04 0.0000E+00 1.6046E-15 1.6044E-133541 8454  228
 4.5108E+04 0.0000E+00 2.6963E-14 2.6960E-12 4.5109E+04 0.0000E+003541 8454  229
 4.4498E-09 1.7087E-08 4.5110E+04 0.0000E+00 9.1983E-09 3.9001E-083541 8454  230
 4.5110E+04 1.0000E+00 7.7659E-08 3.2927E-07 4.5111E+04 0.0000E+003541 8454  231
 6.7257E-07 1.1501E-06 4.5112E+04 0.0000E+00 2.3060E-06 3.7357E-063541 8454  232
 4.5113E+04 0.0000E+00 3.9502E-06 6.2412E-06 4.5114E+04 0.0000E+003541 8454  233
 9.8152E-07 3.0820E-06 4.5114E+04 1.0000E+00 2.7294E-06 8.5703E-063541 8454  234
 4.5115E+04 0.0000E+00 2.0037E-06 3.1658E-06 4.5116E+04 0.0000E+003541 8454  235
 2.1030E-07 7.0239E-07 4.5116E+04 1.0000E+00 4.1782E-07 1.3955E-063541 8454  236
 4.5117E+04 0.0000E+00 1.1356E-07 2.3166E-07 4.5118E+04 0.0000E+003541 8454  237
 1.1697E-08 3.8014E-08 4.5119E+04 0.0000E+00 6.7608E-10 4.3269E-093541 8454  238
 4.5120E+04 0.0000E+00 2.1521E-11 2.9398E-10 4.5121E+04 0.0000E+003541 8454  239
 3.6866E-13 1.1001E-11 4.6105E+04 0.0000E+00 0.0000E+00 0.0000E+003541 8454  240
 4.6106E+04 0.0000E+00 0.0000E+00 0.0000E+00 4.6107E+04 0.0000E+003541 8454  241
 0.0000E+00 0.0000E+00 4.6108E+04 0.0000E+00 0.0000E+00 0.0000E+003541 8454  242
 4.6109E+04 0.0000E+00 8.0643E-13 3.4572E-11 4.6109E+04 1.0000E+003541 8454  243
 9.5037E-13 4.0742E-11 4.6110E+04 0.0000E+00 1.8947E-10 1.5498E-093541 8454  244
 4.6111E+04 0.0000E+00 3.3603E-09 2.3623E-08 4.6111E+04 1.0000E+003541 8454  245
 3.9600E-09 2.7839E-08 4.6112E+04 0.0000E+00 1.1038E-07 2.2518E-073541 8454  246
 4.6113E+04 0.0000E+00 2.8241E-07 9.4326E-07 4.6113E+04 1.0000E+003541 8454  247
 4.4305E-07 1.4798E-06 4.6114E+04 0.0000E+00 2.3307E-06 3.6825E-063541 8454  248
 4.6115E+04 0.0000E+00 4.0575E-06 6.3296E-06 4.6115E+04 1.0000E+003541 8454  249
 0.0000E+00 0.0000E+00 4.6116E+04 0.0000E+00 4.1196E-06 6.3854E-063541 8454  250
 4.6117E+04 0.0000E+00 2.5199E-06 3.9562E-06 4.6118E+04 0.0000E+003541 8454  251
 9.2557E-07 1.5087E-06 4.6119E+04 0.0000E+00 1.9965E-07 3.7535E-073541 8454  252
 4.6120E+04 0.0000E+00 2.4585E-08 6.6624E-08 4.6121E+04 0.0000E+003541 8454  253
 1.6775E-09 8.4545E-09 4.6122E+04 0.0000E+00 6.1485E-11 6.5359E-103541 8454  254
 4.6123E+04 0.0000E+00 1.1721E-12 2.7428E-11 4.7109E+04 0.0000E+003541 8454  255
 0.0000E+00 0.0000E+00 4.7109E+04 1.0000E+00 2.2309E-17 2.2306E-153541 8454  256
 4.7111E+04 0.0000E+00 6.3901E-13 2.4781E-11 4.7111E+04 1.0000E+003541 8454  257
 2.8115E-12 1.0903E-10 4.7112E+04 0.0000E+00 2.5749E-10 2.0264E-093541 8454  258
 4.7113E+04 0.0000E+00 1.4034E-09 1.0006E-08 4.7113E+04 1.0000E+003541 8454  259
 6.1748E-09 4.4026E-08 4.7114E+04 0.0000E+00 4.5564E-08 1.9000E-073541 8454  260
 4.7114E+04 1.0000E+00 5.1998E-08 2.1683E-07 4.7115E+04 0.0000E+003541 8454  261
 1.1240E-07 3.7654E-07 4.7115E+04 1.0000E+00 4.9455E-07 1.6567E-063541 8454  262
 4.7116E+04 0.0000E+00 8.0047E-07 2.5295E-06 4.7116E+04 1.0000E+003541 8454  263
 1.1972E-06 3.7831E-06 4.7117E+04 0.0000E+00 6.9553E-07 2.1701E-063541 8454  264
 4.7117E+04 1.0000E+00 3.0602E-06 9.5480E-06 4.7118E+04 0.0000E+003541 8454  265
 2.2826E-06 7.1216E-06 4.7118E+04 1.0000E+00 1.9755E-06 6.1635E-063541 8454  266
 4.7119E+04 0.0000E+00 2.9747E-06 4.7000E-06 4.7119E+04 1.0000E+003541 8454  267
 0.0000E+00 0.0000E+00 4.7120E+04 0.0000E+00 6.7855E-07 2.2188E-063541 8454  268
 4.7120E+04 1.0000E+00 5.8726E-07 1.9203E-06 4.7121E+04 0.0000E+003541 8454  269
 3.1742E-07 5.7136E-07 4.7122E+04 0.0000E+00 2.9660E-08 1.4059E-073541 8454  270
 4.7122E+04 1.0000E+00 1.5363E-08 7.2821E-08 4.7123E+04 0.0000E+003541 8454  271
 3.4673E-09 1.4251E-08 4.7124E+04 0.0000E+00 5.8238E-14 3.7570E-123541 8454  272
 4.7130E+04 0.0000E+00 4.8620E-13 3.6042E-11 4.8111E+04 0.0000E+003541 8454  273
 1.7662E-17 1.7660E-15 4.8112E+04 0.0000E+00 2.4096E-14 1.1626E-123541 8454  274
 4.8113E+04 0.0000E+00 1.0904E-12 4.3332E-11 4.8113E+04 1.0000E+003541 8454  275
 2.3291E-12 9.2560E-11 4.8114E+04 0.0000E+00 1.9646E-10 1.6777E-093541 8454  276
 4.8115E+04 0.0000E+00 1.6042E-09 1.2770E-08 4.8115E+04 1.0000E+003541 8454  277
 3.4268E-09 2.7277E-08 4.8116E+04 0.0000E+00 6.2542E-08 1.4134E-073541 8454  278
 4.8117E+04 0.0000E+00 1.2946E-07 4.4793E-07 4.8117E+04 1.0000E+003541 8454  279
 2.7654E-07 9.5682E-07 4.8118E+04 0.0000E+00 1.4647E-06 2.3435E-063541 8454  280
 4.8119E+04 0.0000E+00 9.8697E-07 3.1188E-06 4.8119E+04 1.0000E+003541 8454  281
 2.1083E-06 6.6621E-06 4.8120E+04 0.0000E+00 3.9834E-06 6.3336E-063541 8454  282
 4.8121E+04 0.0000E+00 1.0107E-06 3.2646E-06 4.8121E+04 1.0000E+003541 8454  283
 2.1590E-06 6.9736E-06 4.8122E+04 0.0000E+00 1.5359E-06 2.5650E-063541 8454  284
 4.8123E+04 0.0000E+00 1.6971E-07 6.0755E-07 4.8123E+04 1.0000E+003541 8454  285
 2.6624E-07 9.5313E-07 4.8124E+04 0.0000E+00 1.3335E-08 5.7206E-083541 8454  286
 4.8125E+04 0.0000E+00 1.1544E-09 1.5042E-08 4.8125E+04 1.0000E+003541 8454  287
 1.8111E-09 2.3598E-08 4.8126E+04 0.0000E+00 8.9805E-10 9.2140E-093541 8454  288
 4.8127E+04 0.0000E+00 4.1282E-10 4.1278E-08 4.8128E+04 0.0000E+003541 8454  289
 1.6834E-10 4.6008E-09 4.8129E+04 0.0000E+00 4.6067E-11 2.0988E-093541 8454  290
 4.8130E+04 0.0000E+00 2.8335E-08 3.0800E-07 4.8131E+04 0.0000E+003541 8454  291
 1.5806E-09 3.7919E-08 4.8132E+04 0.0000E+00 4.2513E-11 2.3097E-093541 8454  292
 4.9113E+04 0.0000E+00 0.0000E+00 0.0000E+00 4.9115E+04 0.0000E+003541 8454  293
 1.3213E-12 6.0304E-11 4.9115E+04 1.0000E+00 4.5533E-13 2.0781E-113541 8454  294
 4.9116E+04 0.0000E+00 2.3814E-11 7.2872E-10 4.9116E+04 1.0000E+003541 8454  295
 4.7315E-11 1.4478E-09 4.9116E+04 2.0000E+00 2.0610E-11 6.3068E-103541 8454  296
 4.9117E+04 0.0000E+00 1.7381E-09 1.6703E-08 4.9117E+04 1.0000E+003541 8454  297
 5.9896E-10 5.7560E-09 4.9118E+04 0.0000E+00 8.0775E-09 6.3085E-083541 8454  298
 4.9118E+04 1.0000E+00 1.6049E-08 1.2534E-07 4.9118E+04 2.0000E+003541 8454  299
 6.9908E-09 5.4598E-08 4.9119E+04 0.0000E+00 1.6858E-07 6.2374E-073541 8454  300
 4.9119E+04 1.0000E+00 5.8094E-08 2.1495E-07 4.9120E+04 0.0000E+003541 8454  301
 2.4360E-07 1.2083E-06 4.9120E+04 1.0000E+00 4.8400E-07 2.4006E-063541 8454  302
 4.9120E+04 2.0000E+00 2.1083E-07 1.0457E-06 4.9121E+04 0.0000E+003541 8454  303
 1.6983E-06 5.5195E-06 4.9121E+04 1.0000E+00 5.8526E-07 1.9021E-063541 8454  304
 4.9122E+04 0.0000E+00 8.7165E-07 4.2885E-06 4.9122E+04 1.0000E+003541 8454  305
 1.7318E-06 8.5206E-06 4.9122E+04 2.0000E+00 7.5438E-07 3.7116E-063541 8454  306
 4.9123E+04 0.0000E+00 2.2484E-06 7.5321E-06 4.9123E+04 1.0000E+003541 8454  307
 7.7482E-07 2.5956E-06 4.9124E+04 0.0000E+00 8.2390E-07 2.8425E-063541 8454  308
 4.9124E+04 1.0000E+00 1.5906E-06 5.4876E-06 4.9125E+04 0.0000E+003541 8454  309
 1.2253E-06 4.2396E-06 4.9125E+04 1.0000E+00 4.2226E-07 1.4610E-063541 8454  310
 4.9126E+04 0.0000E+00 5.5878E-07 1.7769E-06 4.9126E+04 1.0000E+003541 8454  311
 1.0788E-06 3.4305E-06 4.9127E+04 0.0000E+00 1.9516E-06 1.9514E-043541 8454  312
 4.9127E+04 1.0000E+00 6.7255E-07 6.7248E-05 4.9128E+04 0.0000E+003541 8454  313
 2.5947E-06 9.6005E-06 4.9128E+04 1.0000E+00 1.3440E-06 4.9729E-063541 8454  314
 4.9129E+04 0.0000E+00 3.0991E-06 1.7665E-05 4.9129E+04 1.0000E+003541 8454  315
 1.0680E-06 6.0874E-06 4.9130E+04 0.0000E+00 4.7177E-06 2.3777E-053541 8454  316
 4.9130E+04 1.0000E+00 7.0559E-06 3.5562E-05 4.9130E+04 2.0000E+003541 8454  317
 1.9763E-06 9.9604E-06 4.9131E+04 0.0000E+00 2.9067E-06 3.0637E-053541 8454  318
 4.9131E+04 1.0000E+00 1.0017E-06 1.0558E-05 4.9131E+04 2.0000E+003541 8454  319
 5.9458E-07 6.2668E-06 4.9132E+04 0.0000E+00 4.3277E-07 3.3539E-063541 8454  320
 4.9133E+04 0.0000E+00 2.4769E-08 4.3644E-07 4.9134E+04 0.0000E+003541 8454  321
 4.1510E-10 1.7002E-08 4.9135E+04 0.0000E+00 4.3852E-12 4.2523E-103541 8454  322
 5.0115E+04 0.0000E+00 2.3811E-17 2.3808E-15 5.0116E+04 0.0000E+003541 8454  323
 5.3092E-15 3.3549E-13 5.0117E+04 0.0000E+00 1.5970E-13 9.0583E-123541 8454  324
 5.0117E+04 1.0000E+00 4.0217E-13 2.2811E-11 5.0118E+04 0.0000E+003541 8454  325
 3.0000E-11 3.8790E-10 5.0119E+04 0.0000E+00 2.4031E-10 2.9173E-093541 8454  326
 5.0119E+04 1.0000E+00 6.0515E-10 7.3466E-09 5.0120E+04 0.0000E+003541 8454  327
 1.2990E-08 4.0657E-08 5.0121E+04 0.0000E+00 4.3371E-08 1.7695E-073541 8454  328
 5.0121E+04 1.0000E+00 6.8040E-08 2.7760E-07 5.0122E+04 0.0000E+003541 8454  329
 5.4417E-07 9.4686E-07 5.0123E+04 0.0000E+00 9.4420E-07 3.2008E-063541 8454  330
 5.0123E+04 1.0000E+00 6.0186E-07 2.0403E-06 5.0124E+04 0.0000E+003541 8454  331
 2.2550E-06 3.9011E-06 5.0125E+04 0.0000E+00 1.9882E-06 6.7201E-063541 8454  332
 5.0125E+04 1.0000E+00 1.2673E-06 4.2836E-06 5.0126E+04 0.0000E+003541 8454  333
 7.1612E-06 1.0384E-05 5.0127E+04 0.0000E+00 1.6785E-05 3.5249E-053541 8454  334
 5.0127E+04 1.0000E+00 1.0699E-05 2.2469E-05 5.0128E+04 0.0000E+003541 8454  335
 4.3876E-05 4.3872E-03 5.0128E+04 1.0000E+00 6.5621E-05 6.5615E-033541 8454  336
 5.0129E+04 0.0000E+00 1.3379E-04 1.3378E-02 5.0129E+04 1.0000E+003541 8454  337
 2.0989E-04 2.0987E-02 5.0130E+04 0.0000E+00 3.3260E-04 3.2262E-043541 8454  338
 5.0130E+04 1.0000E+00 4.9743E-04 4.8251E-04 5.0131E+04 0.0000E+003541 8454  339
 2.9832E-04 3.7589E-04 5.0131E+04 1.0000E+00 4.6801E-04 5.8969E-043541 8454  340
 5.0132E+04 0.0000E+00 4.1912E-04 4.9037E-04 5.0133E+04 0.0000E+003541 8454  341
 8.4209E-05 2.1221E-04 5.0134E+04 0.0000E+00 9.7341E-06 5.5289E-053541 8454  342
 5.0135E+04 0.0000E+00 4.2698E-07 5.6190E-06 5.0136E+04 0.0000E+003541 8454  343
 9.3591E-09 2.9079E-07 5.0137E+04 0.0000E+00 5.4301E-11 4.0400E-093541 8454  344
 5.1119E+04 0.0000E+00 1.2900E-13 4.7278E-12 5.1120E+04 0.0000E+003541 8454  345
 4.2401E-12 1.4221E-10 5.1120E+04 1.0000E+00 3.6696E-12 1.2308E-103541 8454  346
 5.1121E+04 0.0000E+00 2.6538E-10 2.0646E-09 5.1122E+04 0.0000E+003541 8454  347
 2.9295E-09 2.2498E-08 5.1122E+04 1.0000E+00 2.0069E-09 1.5413E-083541 8454  348
 5.1123E+04 0.0000E+00 5.1390E-08 1.1871E-07 5.1124E+04 0.0000E+003541 8454  349
 3.8281E-09 5.3058E-08 5.1124E+04 1.0000E+00 4.3688E-09 6.0551E-083541 8454  350
 5.1124E+04 2.0000E+00 1.9829E-09 2.7483E-08 5.1125E+04 0.0000E+003541 8454  351
 4.2987E-08 1.3670E-07 5.1126E+04 0.0000E+00 4.2810E-08 2.8511E-073541 8454  352
 5.1126E+04 1.0000E+00 1.3673E-07 9.1059E-07 5.1126E+04 2.0000E+003541 8454  353
 8.2648E-08 5.5044E-07 5.1127E+04 0.0000E+00 2.6168E-06 3.8991E-063541 8454  354
 5.1128E+04 0.0000E+00 1.7909E-05 3.5281E-05 5.1128E+04 1.0000E+003541 8454  355
 7.5021E-06 1.4779E-05 5.1129E+04 0.0000E+00 1.1930E-04 1.5986E-043541 8454  356
 5.1129E+04 1.0000E+00 6.5759E-05 8.8118E-05 5.1130E+04 0.0000E+003541 8454  357
 5.3859E-04 5.3854E-02 5.1130E+04 1.0000E+00 2.2562E-04 2.2559E-023541 8454  358
 5.1131E+04 0.0000E+00 2.8658E-03 9.4572E-04 5.1132E+04 0.0000E+003541 8454  359
 2.7892E-03 1.7851E-03 5.1132E+04 1.0000E+00 1.1684E-03 7.4779E-043541 8454  360
 5.1133E+04 0.0000E+00 4.1093E-03 1.8492E-03 5.1134E+04 0.0000E+003541 8454  361
 6.1995E-04 1.0539E-03 5.1134E+04 1.0000E+00 9.2720E-04 1.5762E-033541 8454  362
 5.1135E+04 0.0000E+00 4.4191E-04 8.1312E-04 5.1136E+04 0.0000E+003541 8454  363
 3.8389E-05 1.6085E-04 5.1137E+04 0.0000E+00 1.7127E-06 1.6767E-053541 8454  364
 5.1138E+04 0.0000E+00 2.3220E-08 5.4056E-07 5.1139E+04 0.0000E+003541 8454  365
 2.3864E-10 1.3397E-08 5.2122E+04 0.0000E+00 1.9178E-12 4.1482E-113541 8454  366
 5.2123E+04 0.0000E+00 2.5654E-11 5.0539E-10 5.2123E+04 1.0000E+003541 8454  367
 5.4799E-11 1.0796E-09 5.2124E+04 0.0000E+00 3.5221E-14 2.4781E-123541 8454  368
 5.2125E+04 0.0000E+00 1.4972E-13 1.3132E-11 5.2125E+04 1.0000E+003541 8454  369
 3.7703E-13 3.3070E-11 5.2126E+04 0.0000E+00 1.1463E-11 3.1089E-103541 8454  370
 5.2127E+04 0.0000E+00 1.5964E-10 5.3080E-09 5.2127E+04 1.0000E+003541 8454  371
 2.5044E-10 8.3273E-09 5.2128E+04 0.0000E+00 1.4242E-08 1.4384E-073541 8454  372
 5.2129E+04 0.0000E+00 1.4240E-07 1.7315E-06 5.2129E+04 1.0000E+003541 8454  373
 2.2339E-07 2.7164E-06 5.2130E+04 0.0000E+00 1.4812E-04 1.4811E-023541 8454  374
 5.2131E+04 0.0000E+00 4.5020E-04 4.5015E-02 5.2131E+04 1.0000E+003541 8454  375
 8.1674E-04 8.1666E-02 5.2132E+04 0.0000E+00 7.1195E-03 7.1188E-013541 8454  376
 5.2133E+04 0.0000E+00 6.7545E-03 3.3097E-03 5.2133E+04 1.0000E+003541 8454  377
 1.0596E-02 5.1923E-03 5.2134E+04 0.0000E+00 3.0215E-02 7.2517E-033541 8454  378
 5.2135E+04 0.0000E+00 2.5266E-02 8.5905E-03 5.2136E+04 0.0000E+003541 8454  379
 1.3161E-02 8.2916E-03 5.2137E+04 0.0000E+00 2.1949E-03 2.9412E-033541 8454  380
 5.2138E+04 0.0000E+00 2.1961E-04 6.6979E-04 5.2139E+04 0.0000E+003541 8454  381
 1.0047E-05 7.1937E-05 5.2140E+04 0.0000E+00 2.8005E-07 4.7944E-063541 8454  382
 5.2141E+04 0.0000E+00 2.4328E-09 1.0111E-07 5.2142E+04 0.0000E+003541 8454  383
 1.0044E-11 1.0043E-09 5.3127E+04 0.0000E+00 3.5476E-17 3.5472E-153541 8454  384
 5.3129E+04 0.0000E+00 4.9619E-13 4.9420E-11 5.3130E+04 0.0000E+003541 8454  385
 2.0286E-07 2.0793E-06 5.3130E+04 1.0000E+00 1.3564E-07 1.3903E-063541 8454  386
 5.3131E+04 0.0000E+00 1.3321E-05 3.3702E-05 5.3132E+04 0.0000E+003541 8454  387
 8.9054E-05 2.2174E-04 5.3132E+04 1.0000E+00 1.0163E-04 2.5306E-043541 8454  388
 5.3133E+04 0.0000E+00 1.5464E-03 1.9639E-03 5.3133E+04 1.0000E+003541 8454  389
 5.2033E-04 6.6082E-04 5.3134E+04 0.0000E+00 6.0651E-03 4.3062E-033541 8454  390
 5.3134E+04 1.0000E+00 2.5407E-03 1.8039E-03 5.3135E+04 0.0000E+003541 8454  391
 3.0863E-02 7.0985E-03 5.3136E+04 0.0000E+00 1.9077E-02 7.6307E-033541 8454  392
 5.3136E+04 1.0000E+00 2.1771E-02 8.7084E-03 5.3137E+04 0.0000E+003541 8454  393
 3.5039E-02 9.4606E-03 5.3138E+04 0.0000E+00 1.1521E-02 5.4147E-033541 8454  394
 5.3139E+04 0.0000E+00 3.5296E-03 3.4237E-03 5.3140E+04 0.0000E+003541 8454  395
 4.0751E-04 8.9245E-04 5.3141E+04 0.0000E+00 2.8834E-05 1.4821E-043541 8454  396
 5.3142E+04 0.0000E+00 5.8543E-07 7.2301E-06 5.3143E+04 0.0000E+003541 8454  397
 7.1531E-09 2.1645E-07 5.3144E+04 0.0000E+00 2.4819E-11 1.8703E-093541 8454  398
 5.4130E+04 0.0000E+00 8.3110E-11 2.8831E-09 5.4131E+04 0.0000E+003541 8454  399
 2.4820E-09 8.4911E-08 5.4131E+04 1.0000E+00 6.2504E-09 2.1383E-073541 8454  400
 5.4132E+04 0.0000E+00 6.2156E-07 5.1403E-06 5.4133E+04 0.0000E+003541 8454  401
 7.4029E-06 5.8409E-05 5.4133E+04 1.0000E+00 1.1614E-05 9.1632E-053541 8454  402
 5.4134E+04 0.0000E+00 1.6024E-04 5.9928E-04 5.4134E+04 1.0000E+003541 8454  403
 2.3965E-04 8.9629E-04 5.4135E+04 0.0000E+00 1.5170E-03 2.7154E-033541 8454  404
 5.4135E+04 1.0000E+00 2.3798E-03 4.2599E-03 5.4136E+04 0.0000E+003541 8454  405
 2.3873E-02 1.0982E-02 5.4137E+04 0.0000E+00 5.0854E-02 1.3731E-023541 8454  406
 5.4138E+04 0.0000E+00 7.6551E-02 1.4545E-02 5.4139E+04 0.0000E+003541 8454  407
 6.6126E-02 1.4548E-02 5.4140E+04 0.0000E+00 4.4653E-02 1.5628E-023541 8454  408
 5.4141E+04 0.0000E+00 1.1868E-02 8.3072E-03 5.4142E+04 0.0000E+003541 8454  409
 1.8392E-03 2.8324E-03 5.4143E+04 0.0000E+00 1.0595E-04 3.8458E-043541 8454  410
 5.4144E+04 0.0000E+00 3.4141E-06 3.0010E-05 5.4145E+04 0.0000E+003541 8454  411
 3.9788E-08 8.6579E-07 5.4146E+04 0.0000E+00 2.0418E-10 1.1205E-083541 8454  412
 5.4147E+04 0.0000E+00 2.2697E-13 2.2695E-11 5.5131E+04 0.0000E+003541 8454  413
 7.8422E-14 7.8414E-12 5.5132E+04 0.0000E+00 1.5167E-11 8.8001E-103541 8454  414
 5.5133E+04 0.0000E+00 2.3673E-09 6.5953E-08 5.5134E+04 0.0000E+003541 8454  415
 1.1559E-07 3.0435E-06 5.5134E+04 1.0000E+00 3.0655E-08 8.0713E-073541 8454  416
 5.5135E+04 0.0000E+00 5.7391E-06 7.0533E-05 5.5135E+04 1.0000E+003541 8454  417
 1.9311E-06 2.3734E-05 5.5136E+04 0.0000E+00 1.0694E-04 6.0957E-043541 8454  418
 5.5136E+04 1.0000E+00 3.3485E-05 1.9086E-04 5.5137E+04 0.0000E+003541 8454  419
 1.5566E-03 2.0703E-03 5.5138E+04 0.0000E+00 3.4278E-03 4.3876E-033541 8454  420
 5.5138E+04 1.0000E+00 2.9667E-03 3.7973E-03 5.5139E+04 0.0000E+003541 8454  421
 2.5464E-02 8.6577E-03 5.5140E+04 0.0000E+00 4.3536E-02 9.5779E-033541 8454  422
 5.5141E+04 0.0000E+00 5.6585E-02 1.1317E-02 5.5142E+04 0.0000E+003541 8454  423
 2.7515E-02 7.7042E-03 5.5143E+04 0.0000E+00 1.0503E-02 5.2517E-033541 8454  424
 5.5144E+04 0.0000E+00 1.4433E-03 1.5588E-03 5.5144E+04 1.0000E+003541 8454  425
 0.0000E+00 0.0000E+00 5.5145E+04 0.0000E+00 1.4553E-04 3.6966E-043541 8454  426
 5.5146E+04 0.0000E+00 3.9928E-06 2.4676E-05 5.5147E+04 0.0000E+003541 8454  427
 4.6892E-08 7.2635E-07 5.5148E+04 0.0000E+00 1.3894E-10 5.5036E-093541 8454  428
 5.5149E+04 0.0000E+00 2.5569E-13 2.5566E-11 5.6132E+04 0.0000E+003541 8454  429
 3.1857E-17 3.1854E-15 5.6134E+04 0.0000E+00 4.4601E-12 4.2567E-103541 8454  430
 5.6135E+04 0.0000E+00 2.0121E-10 1.8129E-08 5.6135E+04 1.0000E+003541 8454  431
 5.0671E-10 4.5655E-08 5.6136E+04 0.0000E+00 2.9142E-08 1.2243E-063541 8454  432
 5.6136E+04 1.0000E+00 4.3585E-08 1.8310E-06 5.6137E+04 0.0000E+003541 8454  433
 7.3009E-07 1.4164E-05 5.6137E+04 1.0000E+00 1.8385E-06 3.5668E-053541 8454  434
 5.6138E+04 0.0000E+00 6.0605E-05 2.6969E-04 5.6139E+04 0.0000E+003541 8454  435
 7.5485E-04 1.5399E-03 5.6140E+04 0.0000E+00 6.8791E-03 6.5352E-033541 8454  436
 5.6141E+04 0.0000E+00 2.4651E-02 1.1586E-02 5.6142E+04 0.0000E+003541 8454  437
 5.6519E-02 1.5260E-02 5.6143E+04 0.0000E+00 5.8418E-02 1.1684E-023541 8454  438
 5.6144E+04 0.0000E+00 4.4296E-02 1.0631E-02 5.6145E+04 0.0000E+003541 8454  439
 1.6344E-02 6.2107E-03 5.6146E+04 0.0000E+00 3.4940E-03 2.6904E-033541 8454  440
 5.6147E+04 0.0000E+00 2.0529E-04 3.6336E-04 5.6148E+04 0.0000E+003541 8454  441
 6.1624E-06 2.6621E-05 5.6149E+04 0.0000E+00 7.1032E-08 7.7638E-073541 8454  442
 5.6150E+04 0.0000E+00 3.8632E-10 1.0945E-08 5.6151E+04 0.0000E+003541 8454  443
 4.8022E-13 3.5949E-11 5.7136E+04 0.0000E+00 2.0192E-13 2.0190E-113541 8454  444
 5.7137E+04 0.0000E+00 3.9902E-11 2.9412E-09 5.7138E+04 0.0000E+003541 8454  445
 3.0250E-09 1.0330E-07 5.7139E+04 0.0000E+00 2.2281E-07 3.4937E-063541 8454  446
 5.7140E+04 0.0000E+00 6.7654E-06 4.8305E-05 5.7141E+04 0.0000E+003541 8454  447
 1.4406E-04 4.6676E-04 5.7142E+04 0.0000E+00 1.0518E-03 1.5462E-033541 8454  448
 5.7143E+04 0.0000E+00 5.7940E-03 3.9978E-03 5.7144E+04 0.0000E+003541 8454  449
 1.2074E-02 4.3465E-03 5.7145E+04 0.0000E+00 2.1618E-02 5.4044E-033541 8454  450
 5.7146E+04 0.0000E+00 6.3802E-03 3.0625E-03 5.7146E+04 1.0000E+003541 8454  451
 7.2813E-03 3.4950E-03 5.7147E+04 0.0000E+00 5.0850E-03 1.7289E-033541 8454  452
 5.7148E+04 0.0000E+00 6.5384E-04 3.8576E-04 5.7149E+04 0.0000E+003541 8454  453
 6.8655E-05 8.5819E-05 5.7150E+04 0.0000E+00 2.1717E-06 6.5369E-063541 8454  454
 5.7151E+04 0.0000E+00 3.1673E-08 2.4230E-07 5.7152E+04 0.0000E+003541 8454  455
 1.0039E-10 2.0089E-09 5.7153E+04 0.0000E+00 1.5661E-13 8.3628E-123541 8454  456
 5.8139E+04 0.0000E+00 9.0123E-13 9.0113E-11 5.8139E+04 1.0000E+003541 8454  457
 1.4138E-12 1.4137E-10 5.8140E+04 0.0000E+00 4.2368E-10 2.4129E-083541 8454  458
 5.8141E+04 0.0000E+00 3.1203E-08 8.1128E-07 5.8142E+04 0.0000E+003541 8454  459
 1.4483E-06 1.7018E-05 5.8143E+04 0.0000E+00 2.8441E-05 1.4988E-043541 8454  460
 5.8144E+04 0.0000E+00 3.7232E-04 8.7496E-04 5.8145E+04 0.0000E+003541 8454  461
 2.1990E-03 2.3310E-03 5.8146E+04 0.0000E+00 7.5375E-03 3.9195E-033541 8454  462
 5.8147E+04 0.0000E+00 7.9392E-03 2.6199E-03 5.8148E+04 0.0000E+003541 8454  463
 5.3829E-03 1.6687E-03 5.8149E+04 0.0000E+00 1.9394E-03 7.5638E-043541 8454  464
 5.8150E+04 0.0000E+00 4.6792E-04 2.6672E-04 5.8151E+04 0.0000E+003541 8454  465
 3.5277E-05 3.5630E-05 5.8152E+04 0.0000E+00 1.2161E-06 2.6633E-063541 8454  466
 5.8153E+04 0.0000E+00 1.3032E-08 6.9720E-08 5.8154E+04 0.0000E+003541 8454  467
 6.7102E-11 9.3271E-10 5.8155E+04 0.0000E+00 1.1147E-13 4.1424E-123541 8454  468
 5.9141E+04 0.0000E+00 4.4019E-14 4.4015E-12 5.9142E+04 0.0000E+003541 8454  469
 2.8165E-12 2.8162E-10 5.9142E+04 1.0000E+00 4.2124E-12 4.2119E-103541 8454  470
 5.9143E+04 0.0000E+00 8.8602E-10 3.9118E-08 5.9144E+04 0.0000E+003541 8454  471
 6.0958E-09 2.4115E-07 5.9144E+04 1.0000E+00 3.6716E-08 1.4525E-063541 8454  472
 5.9145E+04 0.0000E+00 1.7126E-06 1.5002E-05 5.9146E+04 0.0000E+003541 8454  473
 2.2100E-05 8.5083E-05 5.9147E+04 0.0000E+00 1.5145E-04 2.5746E-043541 8454  474
 5.9148E+04 0.0000E+00 9.0330E-05 1.4362E-04 5.9148E+04 1.0000E+003541 8454  475
 2.5119E-04 3.9939E-04 5.9149E+04 0.0000E+00 6.6578E-04 3.2623E-043541 8454  476
 5.9150E+04 0.0000E+00 4.7021E-04 2.2570E-04 5.9151E+04 0.0000E+003541 8454  477
 2.0799E-04 1.2480E-04 5.9152E+04 0.0000E+00 2.8986E-05 2.4348E-053541 8454  478
 5.9153E+04 0.0000E+00 2.8237E-06 3.5860E-06 5.9154E+04 0.0000E+003541 8454  479
 8.8265E-08 1.8889E-07 5.9155E+04 0.0000E+00 1.8406E-09 7.8964E-093541 8454  480
 5.9156E+04 0.0000E+00 8.9342E-12 9.0325E-11 6.0142E+04 0.0000E+003541 8454  481
 0.0000E+00 0.0000E+00 6.0143E+04 0.0000E+00 7.2187E-16 7.2180E-143541 8454  482
 6.0144E+04 0.0000E+00 2.2610E-13 2.2608E-11 6.0145E+04 0.0000E+003541 8454  483
 3.4112E-11 2.6095E-09 6.0146E+04 0.0000E+00 3.1074E-09 1.0543E-073541 8454  484
 6.0147E+04 0.0000E+00 8.6411E-08 1.2832E-06 6.0148E+04 0.0000E+003541 8454  485
 1.4419E-06 9.2571E-06 6.0149E+04 0.0000E+00 1.1371E-05 3.1498E-053541 8454  486
 6.0150E+04 0.0000E+00 5.4489E-05 6.8656E-05 6.0151E+04 0.0000E+003541 8454  487
 8.1146E-05 6.4105E-05 6.0152E+04 0.0000E+00 6.2462E-05 5.2468E-053541 8454  488
 6.0153E+04 0.0000E+00 1.9392E-05 2.2106E-05 6.0154E+04 0.0000E+003541 8454  489
 4.1741E-06 6.9291E-06 6.0155E+04 0.0000E+00 4.2563E-07 1.0683E-063541 8454  490
 6.0156E+04 0.0000E+00 2.1640E-08 8.5479E-08 6.0157E+04 0.0000E+003541 8454  491
 1.2320E-10 8.6979E-10 6.1147E+04 0.0000E+00 2.0050E-13 2.0048E-113541 8454  492
 6.1148E+04 0.0000E+00 5.5037E-12 5.5031E-10 6.1148E+04 1.0000E+003541 8454  493
 8.2313E-12 8.2305E-10 6.1149E+04 0.0000E+00 8.3278E-10 2.1328E-083541 8454  494
 6.1150E+04 0.0000E+00 1.7556E-08 1.9188E-07 6.1151E+04 0.0000E+003541 8454  495
 2.0683E-07 9.6176E-07 6.1152E+04 0.0000E+00 1.7154E-07 1.0790E-063541 8454  496
 6.1152E+04 1.0000E+00 4.7703E-07 3.0005E-06 6.1152E+04 2.0000E+003541 8454  497
 2.0319E-08 1.2780E-07 6.1153E+04 0.0000E+00 1.4050E-06 1.9669E-063541 8454  498
 6.1154E+04 0.0000E+00 1.4158E-07 4.7854E-07 6.1154E+04 1.0000E+003541 8454  499
 8.5277E-07 2.8824E-06 6.1155E+04 0.0000E+00 5.6926E-07 1.4118E-063541 8454  500
 6.1156E+04 0.0000E+00 1.1017E-07 4.2306E-07 6.1157E+04 0.0000E+003541 8454  501
 1.0077E-08 6.1975E-08 6.1158E+04 0.0000E+00 1.3066E-10 1.3327E-093541 8454  502
 6.1159E+04 0.0000E+00 5.2830E-13 9.6995E-12 6.2147E+04 0.0000E+003541 8454  503
 0.0000E+00 0.0000E+00 6.2148E+04 0.0000E+00 0.0000E+00 0.0000E+003541 8454  504
 6.2149E+04 0.0000E+00 1.0757E-15 1.0756E-13 6.2150E+04 0.0000E+003541 8454  505
 1.7792E-13 1.7790E-11 6.2151E+04 0.0000E+00 9.5994E-12 4.3255E-103541 8454  506
 6.2152E+04 0.0000E+00 2.6492E-10 5.0442E-09 6.2153E+04 0.0000E+003541 8454  507
 1.0444E-09 1.6751E-08 6.2153E+04 1.0000E+00 1.6384E-09 2.6280E-083541 8454  508
 6.2154E+04 0.0000E+00 1.6048E-08 5.9056E-08 6.2155E+04 0.0000E+003541 8454  509
 3.9588E-08 1.1203E-07 6.2156E+04 0.0000E+00 4.7463E-08 1.8463E-073541 8454  510
 6.2157E+04 0.0000E+00 1.7078E-08 1.0503E-07 6.2158E+04 0.0000E+003541 8454  511
 3.5065E-09 3.5626E-08 6.2159E+04 0.0000E+00 3.8399E-10 6.6507E-093541 8454  512
 6.2160E+04 0.0000E+00 2.7877E-11 8.5026E-10 6.3151E+04 0.0000E+003541 8454  513
 0.0000E+00 0.0000E+00 6.3153E+04 0.0000E+00 1.2523E-14 1.0186E-123541 8454  514
 6.3154E+04 0.0000E+00 2.4547E-13 1.6771E-11 6.3154E+04 1.0000E+003541 8454  515
 1.2715E-13 8.6869E-12 6.3155E+04 0.0000E+00 8.4271E-12 1.2118E-103541 8454  516
 6.3156E+04 0.0000E+00 5.3687E-11 3.7796E-10 6.3157E+04 0.0000E+003541 8454  517
 6.7275E-11 4.7765E-10 6.3158E+04 0.0000E+00 3.5762E-11 3.6942E-103541 8454  518
 6.3159E+04 0.0000E+00 5.0060E-11 8.6755E-10 6.3160E+04 0.0000E+003541 8454  519
 1.7386E-11 5.2993E-10 6.3161E+04 0.0000E+00 4.0066E-12 2.2180E-103541 8454  520
 6.4154E+04 0.0000E+00 0.0000E+00 0.0000E+00 6.4155E+04 0.0000E+003541 8454  521
 0.0000E+00 0.0000E+00 6.4156E+04 0.0000E+00 1.0724E-15 6.9490E-143541 8454  522
 6.4157E+04 0.0000E+00 1.0669E-15 5.5959E-14 6.4158E+04 0.0000E+003541 8454  523
 1.5283E-15 6.2387E-14 6.4159E+04 0.0000E+00 3.6181E-15 1.1755E-133541 8454  524
 6.4160E+04 0.0000E+00 3.1173E-14 1.0826E-12 6.4161E+04 0.0000E+003541 8454  525
 1.3892E-13 7.7700E-12 6.4162E+04 0.0000E+00 2.8969E-13 2.8966E-113541 8454  526
 6.5159E+04 0.0000E+00 0.0000E+00 0.0000E+00 6.5161E+04 0.0000E+003541 8454  527
 0.0000E+00 0.0000E+00 6.5162E+04 0.0000E+00 0.0000E+00 0.0000E+003541 8454  528
 6.6161E+04 0.0000E+00 0.0000E+00 0.0000E+00 6.6162E+04 0.0000E+003541 8454  529
 0.0000E+00 0.0000E+00 0.0000E+00 0.0000E+00 0.0000E+00 0.0000E+003541 8454  530
 0.0000E+00 0.0000E+00          0          0          0          03541 8  099999
 9.2234E+04 2.3203E+02          1          0          0          03541 8459    1
 0.0000E+00 0.0000E+00          0          0       3164        7913541 8459    2
 2.8070E+04 0.0000E+00 5.9159E-14 5.9153E-12 2.8071E+04 0.0000E+003541 8459    3
 2.2591E-13 1.8913E-11 2.8072E+04 0.0000E+00 1.3511E-13 6.2730E-123541 8459    4
 2.9071E+04 0.0000E+00 7.9911E-13 6.6821E-11 2.9072E+04 0.0000E+003541 8459    5
 8.2445E-12 3.7158E-10 2.9073E+04 0.0000E+00 3.2329E-11 8.1080E-103541 8459    6
 2.9074E+04 0.0000E+00 2.5835E-11 3.7332E-10 2.9075E+04 0.0000E+003541 8459    7
 5.6545E-11 5.0268E-10 2.9076E+04 0.0000E+00 4.8053E-11 3.2868E-103541 8459    8
 2.9077E+04 0.0000E+00 3.0648E-11 2.7522E-10 2.9078E+04 0.0000E+003541 8459    9
 2.7424E-12 5.5698E-11 2.9079E+04 0.0000E+00 1.4321E-13 6.9370E-123541 8459   10
 3.0071E+04 0.0000E+00 7.9911E-13 6.6821E-11 3.0072E+04 0.0000E+003541 8459   11
 9.4655E-12 4.2662E-10 3.0073E+04 0.0000E+00 9.8765E-11 2.4771E-093541 8459   12
 3.0073E+04 1.0000E+00 5.4133E-11 2.7159E-09 3.0074E+04 0.0000E+003541 8459   13
 9.0557E-10 1.3040E-08 3.0075E+04 0.0000E+00 6.2395E-09 5.3285E-083541 8459   14
 3.0076E+04 0.0000E+00 2.8136E-08 1.4715E-07 3.0077E+04 0.0000E+003541 8459   15
 2.8146E-08 1.5987E-07 3.0077E+04 1.0000E+00 5.7380E-09 3.9018E-083541 8459   16
 3.0078E+04 0.0000E+00 2.5696E-08 7.4518E-08 3.0079E+04 0.0000E+003541 8459   17
 6.8490E-09 3.3628E-08 3.0080E+04 0.0000E+00 1.0037E-09 1.1362E-083541 8459   18
 3.0081E+04 0.0000E+00 5.6316E-11 1.5143E-09 3.0082E+04 0.0000E+003541 8459   19
 1.8759E-12 1.1871E-10 3.1071E+04 0.0000E+00 7.9911E-13 6.6821E-113541 8459   20
 3.1072E+04 0.0000E+00 9.4655E-12 4.2662E-10 3.1072E+04 1.0000E+003541 8459   21
 3.1540E-13 3.1540E-13 3.1073E+04 0.0000E+00 9.8766E-11 2.4770E-093541 8459   22
 3.1074E+04 0.0000E+00 6.8317E-10 9.8378E-09 3.1074E+04 1.0000E+003541 8459   23
 9.0646E-10 2.6577E-08 3.1075E+04 0.0000E+00 7.3482E-09 6.2754E-083541 8459   24
 3.1076E+04 0.0000E+00 5.1093E-08 2.6670E-07 3.1077E+04 0.0000E+003541 8459   25
 2.7830E-07 9.1841E-07 3.1078E+04 0.0000E+00 8.2819E-07 1.7806E-063541 8459   26
 3.1079E+04 0.0000E+00 1.7167E-06 2.6265E-06 3.1080E+04 0.0000E+003541 8459   27
 1.1844E-06 1.8121E-06 3.1081E+04 0.0000E+00 5.6679E-07 1.6040E-063541 8459   28
 3.1082E+04 0.0000E+00 8.7447E-08 5.7103E-07 3.1083E+04 0.0000E+003541 8459   29
 7.0079E-09 1.0757E-07 3.1084E+04 0.0000E+00 1.8821E-10 6.7285E-093541 8459   30
 3.1085E+04 0.0000E+00 3.8592E-12 3.1700E-10 3.2072E+04 0.0000E+003541 8459   31
 9.4655E-12 4.2662E-10 3.2073E+04 0.0000E+00 9.8766E-11 2.4770E-093541 8459   32
 3.2073E+04 1.0000E+00 9.7316E-11 2.4407E-09 3.2074E+04 0.0000E+003541 8459   33
 9.0978E-10 1.3101E-08 3.2075E+04 0.0000E+00 7.3495E-09 6.2765E-083541 8459   34
 3.2075E+04 1.0000E+00 2.9504E-10 2.5196E-09 3.2076E+04 0.0000E+003541 8459   35
 5.2421E-08 2.7364E-07 3.2077E+04 0.0000E+00 9.6190E-08 3.1742E-073541 8459   36
 3.2077E+04 1.0000E+00 2.8774E-07 1.9336E-06 3.2078E+04 0.0000E+003541 8459   37
 1.8145E-06 3.9013E-06 3.2079E+04 0.0000E+00 3.1567E-06 7.5131E-063541 8459   38
 3.2079E+04 1.0000E+00 5.4052E-06 1.2108E-05 3.2080E+04 0.0000E+003541 8459   39
 3.0035E-05 3.0335E-05 3.2081E+04 0.0000E+00 4.1369E-05 6.5363E-053541 8459   40
 3.2081E+04 1.0000E+00 1.4358E-05 2.1969E-05 3.2082E+04 0.0000E+003541 8459   41
 6.6425E-05 5.9118E-05 3.2083E+04 0.0000E+00 2.3705E-05 4.0298E-053541 8459   42
 3.2084E+04 0.0000E+00 5.0290E-06 1.9411E-05 3.2085E+04 0.0000E+003541 8459   43
 4.3832E-07 3.9230E-06 3.2086E+04 0.0000E+00 2.3079E-08 4.7544E-073541 8459   44
 3.2087E+04 0.0000E+00 4.1886E-10 1.9619E-08 3.2088E+04 0.0000E+003541 8459   45
 4.8404E-12 4.8399E-10 3.3075E+04 0.0000E+00 7.3496E-09 6.2766E-083541 8459   46
 3.3077E+04 0.0000E+00 3.2936E-07 1.0869E-06 3.3078E+04 0.0000E+003541 8459   47
 1.8247E-06 3.9231E-06 3.3079E+04 0.0000E+00 8.8846E-06 1.2883E-053541 8459   48
 3.3080E+04 0.0000E+00 3.8152E-05 3.8533E-05 3.3081E+04 0.0000E+003541 8459   49
 1.4052E-04 1.0117E-04 3.3082E+04 0.0000E+00 1.9433E-04 1.5158E-043541 8459   50
 3.3082E+04 1.0000E+00 1.9129E-04 2.1041E-04 3.3083E+04 0.0000E+003541 8459   51
 7.3937E-04 3.3272E-04 3.3084E+04 0.0000E+00 5.8803E-04 3.2930E-043541 8459   52
 3.3084E+04 1.0000E+00 2.2736E-06 2.2736E-06 3.3085E+04 0.0000E+003541 8459   53
 3.7166E-04 3.9024E-04 3.3086E+04 0.0000E+00 7.9423E-05 1.8585E-043541 8459   54
 3.3087E+04 0.0000E+00 1.0290E-05 5.4847E-05 3.3088E+04 0.0000E+003541 8459   55
 4.5646E-07 5.5278E-06 3.3089E+04 0.0000E+00 1.3353E-08 3.6426E-073541 8459   56
 3.3090E+04 0.0000E+00 1.4087E-10 8.5608E-09 3.3091E+04 0.0000E+003541 8459   57
 1.2207E-12 1.2206E-10 3.4077E+04 0.0000E+00 3.2936E-07 1.0869E-063541 8459   58
 3.4078E+04 0.0000E+00 1.8247E-06 3.9231E-06 3.4079E+04 0.0000E+003541 8459   59
 8.8802E-06 1.2877E-05 3.4079E+04 1.0000E+00 8.6742E-06 1.2577E-053541 8459   60
 3.4080E+04 0.0000E+00 3.8229E-05 3.8611E-05 3.4081E+04 0.0000E+003541 8459   61
 1.4431E-04 1.0390E-04 3.4081E+04 1.0000E+00 8.1341E-06 1.6350E-053541 8459   62
 3.4082E+04 0.0000E+00 4.8085E-04 2.6447E-04 3.4083E+04 0.0000E+003541 8459   63
 7.5906E-04 3.2640E-04 3.4083E+04 1.0000E+00 6.4359E-04 2.7675E-043541 8459   64
 3.4084E+04 0.0000E+00 3.5362E-03 1.1316E-03 3.4085E+04 0.0000E+003541 8459   65
 6.0386E-03 1.8116E-03 3.4086E+04 0.0000E+00 7.7266E-03 2.9361E-033541 8459   66
 3.4087E+04 0.0000E+00 3.7243E-03 2.5325E-03 3.4088E+04 0.0000E+003541 8459   67
 1.1342E-03 1.6445E-03 3.4089E+04 0.0000E+00 1.2601E-04 4.0829E-043541 8459   68
 3.4090E+04 0.0000E+00 8.8450E-06 6.4392E-05 3.4091E+04 0.0000E+003541 8459   69
 2.7358E-07 4.4375E-06 3.4092E+04 0.0000E+00 5.8381E-09 2.0859E-073541 8459   70
 3.4093E+04 0.0000E+00 4.7211E-11 3.6584E-09 3.4094E+04 0.0000E+003541 8459   71
 3.0428E-13 3.0425E-11 3.5079E+04 0.0000E+00 4.8576E-09 7.0437E-093541 8459   72
 3.5080E+04 0.0000E+00 2.4479E-12 1.3116E-10 3.5080E+04 1.0000E+003541 8459   73
 1.6283E-12 1.1716E-10 3.5081E+04 0.0000E+00 1.4431E-04 1.0390E-043541 8459   74
 3.5082E+04 0.0000E+00 1.9535E-07 1.0354E-07 3.5082E+04 1.0000E+003541 8459   75
 7.9037E-08 8.3068E-07 3.5083E+04 0.0000E+00 1.4143E-03 5.7988E-043541 8459   76
 3.5084E+04 0.0000E+00 3.6143E-03 1.1565E-03 3.5084E+04 1.0000E+003541 8459   77
 1.1670E-04 2.1356E-04 3.5085E+04 0.0000E+00 8.2409E-03 2.1427E-033541 8459   78
 3.5086E+04 0.0000E+00 1.6047E-02 3.8513E-03 3.5087E+04 0.0000E+003541 8459   79
 2.4381E-02 5.3638E-03 3.5088E+04 0.0000E+00 2.0693E-02 5.5869E-033541 8459   80
 3.5089E+04 0.0000E+00 1.3286E-02 6.1118E-03 3.5090E+04 0.0000E+003541 8459   81
 3.2631E-03 3.0346E-03 3.5091E+04 0.0000E+00 6.4051E-04 1.2938E-033541 8459   82
 3.5092E+04 0.0000E+00 4.7432E-05 2.1107E-04 3.5093E+04 0.0000E+003541 8459   83
 2.3070E-06 2.2516E-05 3.5094E+04 0.0000E+00 4.7496E-08 1.0012E-063541 8459   84
 3.5095E+04 0.0000E+00 9.5385E-10 4.2637E-08 3.5096E+04 0.0000E+003541 8459   85
 8.4758E-12 7.8732E-10 3.5097E+04 0.0000E+00 6.1609E-14 6.1603E-123541 8459   86
 3.6080E+04 0.0000E+00 2.2447E-12 9.8834E-11 3.6082E+04 0.0000E+003541 8459   87
 1.9725E-07 1.0454E-07 3.6083E+04 0.0000E+00 1.4143E-03 5.7988E-043541 8459   88
 3.6083E+04 1.0000E+00 1.4131E-03 5.9351E-04 3.6084E+04 0.0000E+003541 8459   89
 3.7314E-03 1.1940E-03 3.6085E+04 0.0000E+00 1.7926E-03 5.3779E-043541 8459   90
 3.6085E+04 1.0000E+00 8.2335E-03 2.3054E-03 3.6086E+04 0.0000E+003541 8459   91
 1.7291E-02 3.8041E-03 3.6087E+04 0.0000E+00 3.0338E-02 6.3710E-033541 8459   92
 3.6088E+04 0.0000E+00 4.6321E-02 9.7273E-03 3.6089E+04 0.0000E+003541 8459   93
 5.8350E-02 1.1087E-02 3.6090E+04 0.0000E+00 6.1292E-02 1.2871E-023541 8459   94
 3.6091E+04 0.0000E+00 3.6381E-02 1.2006E-02 3.6092E+04 0.0000E+003541 8459   95
 1.5669E-02 9.7148E-03 3.6093E+04 0.0000E+00 2.5298E-03 3.2380E-033541 8459   96
 3.6094E+04 0.0000E+00 3.0592E-04 8.3822E-04 3.6095E+04 0.0000E+003541 8459   97
 1.9372E-05 1.1313E-04 3.6096E+04 0.0000E+00 9.3057E-07 1.1418E-053541 8459   98
 3.6097E+04 0.0000E+00 1.9367E-08 4.9056E-07 3.6098E+04 0.0000E+003541 8459   99
 2.9984E-10 1.5415E-08 3.6099E+04 0.0000E+00 1.9691E-12 1.9689E-103541 8459  100
 3.7084E+04 0.0000E+00 3.7013E-12 1.1844E-12 3.7084E+04 1.0000E+003541 8459  101
 1.9727E-12 6.7073E-13 3.7085E+04 0.0000E+00 8.2641E-03 2.1487E-033541 8459  102
 3.7086E+04 0.0000E+00 3.1166E-07 6.8565E-08 3.7086E+04 1.0000E+003541 8459  103
 1.6611E-07 4.1527E-08 3.7087E+04 0.0000E+00 3.0360E-02 5.7683E-033541 8459  104
 3.7088E+04 0.0000E+00 4.6743E-02 7.9464E-03 3.7089E+04 0.0000E+003541 8459  105
 6.3064E-02 1.0721E-02 3.7090E+04 0.0000E+00 5.8377E-02 9.9243E-033541 8459  106
 3.7090E+04 1.0000E+00 2.0706E-02 1.0146E-02 3.7091E+04 0.0000E+003541 8459  107
 8.6039E-02 1.6347E-02 3.7092E+04 0.0000E+00 7.2614E-02 1.4523E-023541 8459  108
 3.7093E+04 0.0000E+00 4.8615E-02 1.2154E-02 3.7094E+04 0.0000E+003541 8459  109
 1.6672E-02 7.0024E-03 3.7095E+04 0.0000E+00 5.6008E-03 4.5926E-033541 8459  110
 3.7096E+04 0.0000E+00 7.9615E-04 1.3296E-03 3.7096E+04 1.0000E+003541 8459  111
 4.4872E-07 4.4872E-07 3.7097E+04 0.0000E+00 8.5817E-05 2.9521E-043541 8459  112
 3.7098E+04 0.0000E+00 3.7026E-06 2.5993E-05 3.7098E+04 1.0000E+003541 8459  113
 2.7896E-10 2.7896E-10 3.7099E+04 0.0000E+00 1.1798E-07 1.6801E-063541 8459  114
 3.7100E+04 0.0000E+00 1.4591E-09 4.1890E-08 3.7101E+04 0.0000E+003541 8459  115
 1.5102E-11 8.7486E-10 3.7102E+04 0.0000E+00 5.6027E-14 5.6021E-123541 8459  116
 3.8084E+04 0.0000E+00 1.1844E-13 3.7902E-14 3.8086E+04 0.0000E+003541 8459  117
 3.1165E-07 6.8562E-08 3.8087E+04 0.0000E+00 1.3564E-09 2.5771E-103541 8459  118
 3.8087E+04 1.0000E+00 1.3168E-09 2.8970E-10 3.8088E+04 0.0000E+003541 8459  119
 4.6743E-02 7.9464E-03 3.8089E+04 0.0000E+00 6.3077E-02 1.0092E-023541 8459  120
 3.8090E+04 0.0000E+00 7.8895E-02 1.1834E-02 3.8091E+04 0.0000E+003541 8459  121
 8.9569E-02 1.3435E-02 3.8092E+04 0.0000E+00 9.4926E-02 1.7086E-023541 8459  122
 3.8093E+04 0.0000E+00 9.5464E-02 1.8138E-02 3.8094E+04 0.0000E+003541 8459  123
 8.8448E-02 1.5921E-02 3.8095E+04 0.0000E+00 6.8518E-02 1.4389E-023541 8459  124
 3.8096E+04 0.0000E+00 4.3694E-02 1.3109E-02 3.8097E+04 0.0000E+003541 8459  125
 1.2714E-02 6.7381E-03 3.8098E+04 0.0000E+00 2.6994E-03 2.7534E-033541 8459  126
 3.8099E+04 0.0000E+00 2.3512E-04 4.7495E-04 3.8100E+04 0.0000E+003541 8459  127
 1.4184E-05 5.7587E-05 3.8101E+04 0.0000E+00 3.9723E-07 3.2810E-063541 8459  128
 3.8102E+04 0.0000E+00 7.1697E-09 1.2153E-07 3.8103E+04 0.0000E+003541 8459  129
 4.2548E-11 1.4956E-09 3.9088E+04 0.0000E+00 7.1108E-13 1.2088E-133541 8459  130
 3.9089E+04 0.0000E+00 6.3077E-02 1.0092E-02 3.9089E+04 1.0000E+003541 8459  131
 6.0809E-06 6.0802E-04 3.9090E+04 0.0000E+00 7.8895E-02 1.1834E-023541 8459  132
 3.9090E+04 1.0000E+00 2.2410E-08 9.4437E-07 3.9091E+04 0.0000E+003541 8459  133
 8.9573E-02 1.2540E-02 3.9091E+04 1.0000E+00 5.2701E-02 9.4862E-033541 8459  134
 3.9092E+04 0.0000E+00 9.5023E-02 1.3304E-02 3.9093E+04 0.0000E+003541 8459  135
 9.6747E-02 1.3545E-02 3.9093E+04 1.0000E+00 2.4843E-02 5.4656E-033541 8459  136
 3.9094E+04 0.0000E+00 9.4510E-02 1.4176E-02 3.9095E+04 0.0000E+003541 8459  137
 9.2772E-02 1.5771E-02 3.9096E+04 0.0000E+00 4.9202E-02 8.8563E-033541 8459  138
 3.9096E+04 1.0000E+00 3.3155E-02 1.5915E-02 3.9097E+04 0.0000E+003541 8459  139
 2.3131E-02 8.7897E-03 3.9097E+04 1.0000E+00 3.6876E-02 1.1800E-023541 8459  140
 3.9098E+04 0.0000E+00 8.9777E-03 4.4889E-03 3.9098E+04 1.0000E+003541 8459  141
 1.7459E-02 7.8567E-03 3.9099E+04 0.0000E+00 9.4176E-03 3.4845E-033541 8459  142
 3.9100E+04 0.0000E+00 3.8992E-04 4.9521E-04 3.9100E+04 1.0000E+003541 8459  143
 1.0451E-03 1.3691E-03 3.9101E+04 0.0000E+00 1.8919E-04 2.3649E-043541 8459  144
 3.9102E+04 0.0000E+00 9.2144E-06 2.3128E-05 3.9102E+04 1.0000E+003541 8459  145
 3.3877E-09 3.3877E-09 3.9103E+04 0.0000E+00 2.7032E-07 1.4057E-063541 8459  146
 3.9104E+04 0.0000E+00 2.3207E-13 2.3205E-11 4.0090E+04 0.0000E+003541 8459  147
 7.8895E-02 1.1834E-02 4.0090E+04 1.0000E+00 1.4721E-13 6.1975E-123541 8459  148
 4.0091E+04 0.0000E+00 8.9573E-02 1.2540E-02 4.0092E+04 0.0000E+003541 8459  149
 9.5023E-02 1.3304E-02 4.0093E+04 0.0000E+00 9.6748E-02 1.3545E-023541 8459  150
 4.0094E+04 0.0000E+00 9.4544E-02 1.3237E-02 4.0095E+04 0.0000E+003541 8459  151
 9.3250E-02 1.3055E-02 4.0096E+04 0.0000E+00 8.6458E-02 1.2969E-023541 8459  152
 4.0097E+04 0.0000E+00 7.3117E-02 1.3162E-02 4.0098E+04 0.0000E+003541 8459  153
 5.2794E-02 1.1086E-02 4.0099E+04 0.0000E+00 3.2203E-02 6.4406E-033541 8459  154
 4.0100E+04 0.0000E+00 1.5766E-02 3.9417E-03 4.0101E+04 0.0000E+003541 8459  155
 4.7149E-03 1.5560E-03 4.0102E+04 0.0000E+00 1.0160E-03 5.2832E-043541 8459  156
 4.0103E+04 0.0000E+00 7.9759E-05 7.2581E-05 4.0104E+04 0.0000E+003541 8459  157
 1.9674E-07 1.2591E-06 4.0105E+04 0.0000E+00 5.4813E-09 6.2213E-083541 8459  158
 4.0106E+04 0.0000E+00 1.0125E-10 2.0614E-09 4.0107E+04 0.0000E+003541 8459  159
 1.8405E-12 6.7545E-11 4.0108E+04 0.0000E+00 5.0821E-14 3.3577E-123541 8459  160
 4.0109E+04 0.0000E+00 5.1577E-11 5.5342E-10 4.0110E+04 0.0000E+003541 8459  161
 4.3143E-13 1.2231E-11 4.1093E+04 0.0000E+00 1.0237E-11 1.4332E-123541 8459  162
 4.1093E+04 1.0000E+00 9.9096E-12 1.6846E-12 4.1094E+04 0.0000E+003541 8459  163
 1.5141E-09 2.1197E-10 4.1094E+04 1.0000E+00 8.1382E-10 1.3835E-103541 8459  164
 4.1095E+04 0.0000E+00 9.3194E-02 1.3047E-02 4.1095E+04 1.0000E+003541 8459  165
 1.0075E-03 1.7127E-04 4.1096E+04 0.0000E+00 4.7475E-06 7.1210E-073541 8459  166
 4.1097E+04 0.0000E+00 7.3205E-02 1.0981E-02 4.1097E+04 1.0000E+003541 8459  167
 6.9519E-02 1.3904E-02 4.1098E+04 0.0000E+00 5.2973E-02 8.4758E-033541 8459  168
 4.1098E+04 1.0000E+00 3.5616E-04 1.1397E-03 4.1099E+04 0.0000E+003541 8459  169
 2.2183E-02 4.2148E-03 4.1099E+04 1.0000E+00 1.2396E-02 2.8512E-033541 8459  170
 4.1100E+04 0.0000E+00 1.6589E-02 3.6496E-03 4.1100E+04 1.0000E+003541 8459  171
 2.2877E-03 2.0360E-03 4.1101E+04 0.0000E+00 8.6142E-03 2.2397E-033541 8459  172
 4.1102E+04 0.0000E+00 1.9142E-03 6.6997E-04 4.1102E+04 1.0000E+003541 8459  173
 1.0251E-03 7.1756E-04 4.1103E+04 0.0000E+00 7.1803E-04 3.0875E-043541 8459  174
 4.1104E+04 0.0000E+00 8.2493E-05 1.1962E-04 4.1104E+04 1.0000E+003541 8459  175
 3.0505E-05 4.4538E-05 4.1105E+04 0.0000E+00 1.3145E-05 1.4459E-053541 8459  176
 4.1106E+04 0.0000E+00 1.0928E-06 1.9015E-06 4.1107E+04 0.0000E+003541 8459  177
 9.3604E-08 2.5741E-07 4.1108E+04 0.0000E+00 1.2406E-08 5.4339E-083541 8459  178
 4.1109E+04 0.0000E+00 3.8420E-08 9.2975E-08 4.1110E+04 0.0000E+003541 8459  179
 1.7933E-09 8.6796E-09 4.1111E+04 0.0000E+00 3.8343E-11 4.5359E-103541 8459  180
 4.1112E+04 0.0000E+00 4.0230E-13 1.1856E-11 4.2094E+04 0.0000E+003541 8459  181
 4.0718E-12 5.7006E-13 4.2095E+04 0.0000E+00 9.3250E-02 1.3055E-023541 8459  182
 4.2096E+04 0.0000E+00 4.7478E-06 7.1215E-07 4.2097E+04 0.0000E+003541 8459  183
 7.3205E-02 1.0981E-02 4.2098E+04 0.0000E+00 5.3330E-02 8.5329E-033541 8459  184
 4.2099E+04 0.0000E+00 3.4341E-02 6.1814E-03 4.2100E+04 0.0000E+003541 8459  185
 1.8954E-02 3.9804E-03 4.2101E+04 0.0000E+00 8.8793E-03 2.3086E-033541 8459  186
 4.2102E+04 0.0000E+00 3.5312E-03 1.1300E-03 4.2103E+04 0.0000E+003541 8459  187
 1.1827E-03 5.0858E-04 4.2104E+04 0.0000E+00 3.4076E-04 1.9764E-043541 8459  188
 4.2105E+04 0.0000E+00 8.2250E-05 6.7445E-05 4.2106E+04 0.0000E+003541 8459  189
 1.7918E-05 2.1144E-05 4.2107E+04 0.0000E+00 4.9042E-06 7.6015E-063541 8459  190
 4.2108E+04 0.0000E+00 2.3905E-06 4.0877E-06 4.2109E+04 0.0000E+003541 8459  191
 1.3624E-06 2.3025E-06 4.2110E+04 0.0000E+00 3.1230E-07 5.6838E-073541 8459  192
 4.2111E+04 0.0000E+00 3.4011E-08 8.5369E-08 4.2112E+04 0.0000E+003541 8459  193
 1.7919E-09 8.9415E-09 4.2113E+04 0.0000E+00 4.8279E-11 5.5714E-103541 8459  194
 4.2114E+04 0.0000E+00 7.0063E-13 1.8959E-11 4.3097E+04 0.0000E+003541 8459  195
 6.4561E-14 9.6840E-15 4.3098E+04 0.0000E+00 9.5688E-12 1.5310E-123541 8459  196
 4.3099E+04 0.0000E+00 3.4339E-02 6.1812E-03 4.3099E+04 1.0000E+003541 8459  197
 3.0240E-02 6.3506E-03 4.3100E+04 0.0000E+00 2.1186E-08 4.4491E-093541 8459  198
 4.3101E+04 0.0000E+00 8.8797E-03 2.3087E-03 4.3102E+04 0.0000E+003541 8459  199
 3.5320E-03 1.1303E-03 4.3102E+04 1.0000E+00 2.1517E-06 1.5277E-053541 8459  200
 4.3103E+04 0.0000E+00 1.1947E-03 5.1371E-04 4.3104E+04 0.0000E+003541 8459  201
 3.4385E-04 1.9943E-04 4.3105E+04 0.0000E+00 8.5408E-05 7.0034E-053541 8459  202
 4.3106E+04 0.0000E+00 2.0252E-05 2.3897E-05 4.3107E+04 0.0000E+003541 8459  203
 6.7303E-06 1.0432E-05 4.3108E+04 0.0000E+00 4.6998E-06 7.9896E-063541 8459  204
 4.3109E+04 0.0000E+00 4.2966E-06 7.2611E-06 4.3110E+04 0.0000E+003541 8459  205
 3.1895E-06 5.2946E-06 4.3111E+04 0.0000E+00 1.4157E-06 2.2934E-063541 8459  206
 4.3112E+04 0.0000E+00 3.3386E-07 5.9429E-07 4.3113E+04 0.0000E+003541 8459  207
 4.1019E-08 1.0009E-07 4.3114E+04 0.0000E+00 2.6824E-09 1.2366E-083541 8459  208
 4.3115E+04 0.0000E+00 9.6048E-11 9.6721E-10 4.3116E+04 0.0000E+003541 8459  209
 1.9217E-12 4.3297E-11 4.4099E+04 0.0000E+00 1.1189E-06 2.0140E-073541 8459  210
 4.4100E+04 0.0000E+00 2.1186E-08 4.4491E-09 4.4101E+04 0.0000E+003541 8459  211
 8.8797E-03 2.3087E-03 4.4102E+04 0.0000E+00 3.5341E-03 1.1309E-033541 8459  212
 4.4103E+04 0.0000E+00 1.1947E-03 5.1371E-04 4.4103E+04 1.0000E+003541 8459  213
 9.0330E-09 1.9349E-07 4.4104E+04 0.0000E+00 3.4385E-04 1.9943E-043541 8459  214
 4.4105E+04 0.0000E+00 8.5408E-05 7.0034E-05 4.4106E+04 0.0000E+003541 8459  215
 2.0252E-05 2.3898E-05 4.4107E+04 0.0000E+00 6.7324E-06 1.0435E-053541 8459  216
 4.4108E+04 0.0000E+00 4.7142E-06 8.0143E-06 4.4109E+04 0.0000E+003541 8459  217
 4.7775E-06 8.0741E-06 4.4110E+04 0.0000E+00 5.1172E-06 8.4945E-063541 8459  218
 4.4111E+04 0.0000E+00 4.9519E-06 8.0221E-06 4.4112E+04 0.0000E+003541 8459  219
 3.5878E-06 5.7404E-06 4.4113E+04 0.0000E+00 1.6397E-06 2.5909E-063541 8459  220
 4.4114E+04 0.0000E+00 4.3300E-07 7.4476E-07 4.4115E+04 0.0000E+003541 8459  221
 6.4114E-08 1.4425E-07 4.4116E+04 0.0000E+00 5.3212E-09 2.0965E-083541 8459  222
 4.4117E+04 0.0000E+00 2.4794E-10 2.0231E-09 4.4118E+04 0.0000E+003541 8459  223
 6.4634E-12 1.1447E-10 4.4119E+04 0.0000E+00 9.3256E-14 3.6174E-123541 8459  224
 4.5103E+04 0.0000E+00 1.1947E-03 5.1371E-04 4.5103E+04 1.0000E+003541 8459  225
 1.1804E-03 5.1938E-04 4.5105E+04 0.0000E+00 8.5408E-05 7.0034E-053541 8459  226
 4.5105E+04 1.0000E+00 2.4245E-05 2.0123E-05 4.5106E+04 0.0000E+003541 8459  227
 2.0252E-05 2.3898E-05 4.5107E+04 0.0000E+00 6.7324E-06 1.0435E-053541 8459  228
 4.5108E+04 0.0000E+00 4.7142E-06 8.0143E-06 4.5109E+04 0.0000E+003541 8459  229
 4.7820E-06 8.0816E-06 4.5110E+04 0.0000E+00 5.1264E-06 8.5098E-063541 8459  230
 4.5110E+04 1.0000E+00 7.7659E-08 3.2927E-07 4.5111E+04 0.0000E+003541 8459  231
 5.6245E-06 9.1115E-06 4.5112E+04 0.0000E+00 5.8938E-06 9.4300E-063541 8459  232
 4.5113E+04 0.0000E+00 5.5899E-06 8.8321E-06 4.5114E+04 0.0000E+003541 8459  233
 1.4147E-06 3.1689E-06 4.5114E+04 1.0000E+00 2.7294E-06 8.5703E-063541 8459  234
 4.5115E+04 0.0000E+00 2.0677E-06 3.2049E-06 4.5116E+04 0.0000E+003541 8459  235
 2.1557E-07 7.0274E-07 4.5116E+04 1.0000E+00 4.1782E-07 1.3955E-063541 8459  236
 4.5117E+04 0.0000E+00 1.1380E-07 2.3102E-07 4.5118E+04 0.0000E+003541 8459  237
 1.1703E-08 3.8035E-08 4.5119E+04 0.0000E+00 6.7617E-10 4.3275E-093541 8459  238
 4.5120E+04 0.0000E+00 2.1522E-11 2.9399E-10 4.5121E+04 0.0000E+003541 8459  239
 3.6866E-13 1.1001E-11 4.6105E+04 0.0000E+00 8.5408E-05 7.0034E-053541 8459  240
 4.6106E+04 0.0000E+00 2.0252E-05 2.3898E-05 4.6107E+04 0.0000E+003541 8459  241
 6.7324E-06 1.0435E-05 4.6108E+04 0.0000E+00 4.7142E-06 8.0143E-063541 8459  242
 4.6109E+04 0.0000E+00 4.7820E-06 8.0816E-06 4.6109E+04 1.0000E+003541 8459  243
 2.3910E-06 1.0250E-04 4.6110E+04 0.0000E+00 5.2042E-06 8.6391E-063541 8459  244
 4.6111E+04 0.0000E+00 5.6307E-06 9.1217E-06 4.6111E+04 1.0000E+003541 8459  245
 3.9600E-09 2.7839E-08 4.6112E+04 0.0000E+00 6.0042E-06 9.6068E-063541 8459  246
 4.6113E+04 0.0000E+00 6.3154E-06 9.9784E-06 4.6113E+04 1.0000E+003541 8459  247
 4.4305E-07 1.4798E-06 4.6114E+04 0.0000E+00 6.4748E-06 1.0101E-053541 8459  248
 4.6115E+04 0.0000E+00 5.8490E-06 9.0660E-06 4.6115E+04 1.0000E+003541 8459  249
 3.0023E-07 3.0023E-07 4.6116E+04 0.0000E+00 4.7530E-06 7.3672E-063541 8459  250
 4.6117E+04 0.0000E+00 2.6340E-06 4.0828E-06 4.6118E+04 0.0000E+003541 8459  251
 9.3693E-07 1.5085E-06 4.6119E+04 0.0000E+00 2.0033E-07 3.7460E-073541 8459  252
 4.6120E+04 0.0000E+00 2.4605E-08 6.6680E-08 4.6121E+04 0.0000E+003541 8459  253
 1.6778E-09 8.4562E-09 4.6122E+04 0.0000E+00 6.1488E-11 6.5362E-103541 8459  254
 4.6123E+04 0.0000E+00 1.1721E-12 2.7428E-11 4.7109E+04 0.0000E+003541 8459  255
 4.7820E-06 8.0816E-06 4.7109E+04 1.0000E+00 4.7797E-06 8.0777E-063541 8459  256
 4.7111E+04 0.0000E+00 5.6038E-06 9.0782E-06 4.7111E+04 1.0000E+003541 8459  257
 5.5918E-06 9.1148E-06 4.7112E+04 0.0000E+00 6.0044E-06 9.6071E-063541 8459  258
 4.7113E+04 0.0000E+00 4.1609E-06 6.5742E-06 4.7113E+04 1.0000E+003541 8459  259
 6.0058E-06 9.4893E-06 4.7114E+04 0.0000E+00 6.5723E-06 1.0253E-053541 8459  260
 4.7114E+04 1.0000E+00 5.1998E-08 2.1683E-07 4.7115E+04 0.0000E+003541 8459  261
 4.8757E-06 1.6334E-05 4.7115E+04 1.0000E+00 2.3500E-06 3.6426E-063541 8459  262
 4.7116E+04 0.0000E+00 5.6253E-06 8.7193E-06 4.7116E+04 1.0000E+003541 8459  263
 1.1972E-06 3.7831E-06 4.7117E+04 0.0000E+00 2.2752E-06 3.5265E-063541 8459  264
 4.7117E+04 1.0000E+00 4.3772E-06 9.7612E-06 4.7118E+04 0.0000E+003541 8459  265
 3.9505E-06 6.1627E-06 4.7118E+04 1.0000E+00 2.1094E-06 5.3579E-063541 8459  266
 4.7119E+04 0.0000E+00 3.0749E-06 4.8276E-06 4.7119E+04 1.0000E+003541 8459  267
 1.0016E-07 1.0016E-07 4.7120E+04 0.0000E+00 9.1270E-07 2.3091E-063541 8459  268
 4.7120E+04 1.0000E+00 5.9956E-07 1.9605E-06 4.7121E+04 0.0000E+003541 8459  269
 3.1909E-07 5.7118E-07 4.7122E+04 0.0000E+00 2.9721E-08 1.4058E-073541 8459  270
 4.7122E+04 1.0000E+00 1.5363E-08 7.2821E-08 4.7123E+04 0.0000E+003541 8459  271
 3.4685E-09 1.4255E-08 4.7124E+04 0.0000E+00 5.8238E-14 3.7570E-123541 8459  272
 4.7130E+04 0.0000E+00 4.8620E-13 3.6042E-11 4.8111E+04 0.0000E+003541 8459  273
 5.6318E-06 9.1235E-06 4.8112E+04 0.0000E+00 6.0044E-06 9.6071E-063541 8459  274
 4.8113E+04 0.0000E+00 6.2511E-06 9.8769E-06 4.8113E+04 1.0000E+003541 8459  275
 7.1940E-08 1.1366E-07 4.8114E+04 0.0000E+00 6.5725E-06 1.0253E-053541 8459  276
 4.8115E+04 0.0000E+00 6.3988E-06 9.9179E-06 4.8115E+04 1.0000E+003541 8459  277
 3.3843E-07 1.1946E-06 4.8116E+04 0.0000E+00 6.8132E-06 1.0560E-053541 8459  278
 4.8117E+04 0.0000E+00 5.1149E-06 1.0281E-05 4.8117E+04 1.0000E+003541 8459  279
 1.6809E-06 2.6054E-06 4.8118E+04 0.0000E+00 6.6597E-06 1.0323E-053541 8459  280
 4.8119E+04 0.0000E+00 2.6246E-06 4.1205E-06 4.8119E+04 1.0000E+003541 8459  281
 3.6457E-06 8.8591E-06 4.8120E+04 0.0000E+00 5.2738E-06 8.3326E-063541 8459  282
 4.8121E+04 0.0000E+00 1.2948E-06 3.2243E-06 4.8121E+04 1.0000E+003541 8459  283
 2.1940E-06 7.0865E-06 4.8122E+04 0.0000E+00 1.5810E-06 2.5770E-063541 8459  284
 4.8123E+04 0.0000E+00 1.7255E-07 4.3483E-07 4.8123E+04 1.0000E+003541 8459  285
 2.6687E-07 9.5539E-07 4.8124E+04 0.0000E+00 1.3335E-08 5.7207E-083541 8459  286
 4.8125E+04 0.0000E+00 1.1544E-09 1.0713E-08 4.8125E+04 1.0000E+003541 8459  287
 1.8111E-09 2.3598E-08 4.8126E+04 0.0000E+00 8.9805E-10 9.2140E-093541 8459  288
 4.8127E+04 0.0000E+00 4.1282E-10 6.8529E-09 4.8128E+04 0.0000E+003541 8459  289
 1.6834E-10 4.6008E-09 4.8129E+04 0.0000E+00 4.6067E-11 2.0988E-093541 8459  290
 4.8130E+04 0.0000E+00 2.8335E-08 3.0801E-07 4.8131E+04 0.0000E+003541 8459  291
 1.5806E-09 3.7920E-08 4.8132E+04 0.0000E+00 4.2513E-11 2.3097E-093541 8459  292
 4.9113E+04 0.0000E+00 7.1839E-08 1.1351E-07 4.9115E+04 0.0000E+003541 8459  293
 6.4173E-06 9.9468E-06 4.9115E+04 1.0000E+00 6.3988E-06 9.9176E-063541 8459  294
 4.9116E+04 0.0000E+00 2.3814E-11 3.6912E-11 4.9116E+04 1.0000E+003541 8459  295
 6.7925E-11 1.0528E-10 4.9116E+04 2.0000E+00 2.0610E-11 3.1946E-113541 8459  296
 4.9117E+04 0.0000E+00 4.3046E-06 6.6722E-06 4.9117E+04 1.0000E+003541 8459  297
 4.7136E-06 8.7673E-06 4.9118E+04 0.0000E+00 6.6678E-06 1.0335E-053541 8459  298
 4.9118E+04 1.0000E+00 2.2942E-08 1.3650E-07 4.9118E+04 2.0000E+003541 8459  299
 6.9908E-09 5.4598E-08 4.9119E+04 0.0000E+00 4.1978E-06 8.6894E-063541 8459  300
 4.9119E+04 1.0000E+00 2.4356E-06 3.8238E-06 4.9120E+04 0.0000E+003541 8459  301
 5.5174E-06 8.7175E-06 4.9120E+04 1.0000E+00 4.8400E-07 2.4006E-063541 8459  302
 4.9120E+04 2.0000E+00 2.1083E-07 1.0457E-06 4.9121E+04 0.0000E+003541 8459  303
 4.3314E-06 6.9737E-06 4.9121E+04 1.0000E+00 1.4585E-06 2.8878E-063541 8459  304
 4.9122E+04 0.0000E+00 2.4526E-06 5.0034E-06 4.9122E+04 1.0000E+003541 8459  305
 1.7318E-06 8.5206E-06 4.9122E+04 2.0000E+00 7.5438E-07 3.7116E-063541 8459  306
 4.9123E+04 0.0000E+00 2.5655E-06 8.3378E-06 4.9123E+04 1.0000E+003541 8459  307
 8.9718E-07 2.1264E-06 4.9124E+04 0.0000E+00 8.3724E-07 2.8382E-063541 8459  308
 4.9124E+04 1.0000E+00 1.5906E-06 5.4876E-06 4.9125E+04 0.0000E+003541 8459  309
 1.2277E-06 4.2475E-06 4.9125E+04 1.0000E+00 4.2286E-07 1.4546E-063541 8459  310
 4.9126E+04 0.0000E+00 5.5968E-07 1.7742E-06 4.9126E+04 1.0000E+003541 8459  311
 1.0788E-06 3.4305E-06 4.9127E+04 0.0000E+00 1.9516E-06 5.7963E-063541 8459  312
 4.9127E+04 1.0000E+00 6.7296E-07 1.9987E-06 4.9128E+04 0.0000E+003541 8459  313
 3.9389E-06 1.4574E-05 4.9128E+04 1.0000E+00 1.3442E-06 4.9735E-063541 8459  314
 4.9129E+04 0.0000E+00 3.0996E-06 1.7667E-05 4.9129E+04 1.0000E+003541 8459  315
 1.0685E-06 6.0905E-06 4.9130E+04 0.0000E+00 4.7451E-06 2.3773E-053541 8459  316
 4.9130E+04 1.0000E+00 7.0559E-06 3.5562E-05 4.9130E+04 2.0000E+003541 8459  317
 1.9763E-06 9.9604E-06 4.9131E+04 0.0000E+00 2.9144E-06 3.0688E-053541 8459  318
 4.9131E+04 1.0000E+00 1.0017E-06 1.0558E-05 4.9131E+04 2.0000E+003541 8459  319
 5.9458E-07 6.2668E-06 4.9132E+04 0.0000E+00 4.3279E-07 3.3541E-063541 8459  320
 4.9133E+04 0.0000E+00 2.4769E-08 4.3643E-07 4.9134E+04 0.0000E+003541 8459  321
 4.1510E-10 1.7002E-08 4.9135E+04 0.0000E+00 4.3852E-12 4.2523E-103541 8459  322
 5.0115E+04 0.0000E+00 3.1994E-07 4.9588E-07 5.0116E+04 0.0000E+003541 8459  323
 9.1744E-11 1.4220E-10 5.0117E+04 0.0000E+00 6.7981E-06 1.0538E-053541 8459  324
 5.0117E+04 1.0000E+00 1.4667E-08 2.2733E-08 5.0118E+04 0.0000E+003541 8459  325
 6.6909E-06 1.0371E-05 5.0119E+04 0.0000E+00 6.4978E-06 1.0201E-053541 8459  326
 5.0119E+04 1.0000E+00 3.7929E-06 7.8892E-06 5.0120E+04 0.0000E+003541 8459  327
 6.2252E-06 9.8359E-06 5.0121E+04 0.0000E+00 5.7586E-06 9.2713E-063541 8459  328
 5.0121E+04 1.0000E+00 5.5872E-07 8.9954E-07 5.0122E+04 0.0000E+003541 8459  329
 5.4831E-06 8.9375E-06 5.0123E+04 0.0000E+00 1.1398E-06 3.5676E-063541 8459  330
 5.0123E+04 1.0000E+00 3.8689E-06 7.7766E-06 5.0124E+04 0.0000E+003541 8459  331
 4.6828E-06 7.9609E-06 5.0125E+04 0.0000E+00 2.1956E-06 3.6886E-063541 8459  332
 5.0125E+04 1.0000E+00 2.7104E-06 6.7219E-06 5.0126E+04 0.0000E+003541 8459  333
 8.8043E-06 1.2679E-05 5.0127E+04 0.0000E+00 1.7546E-05 1.8423E-053541 8459  334
 5.0127E+04 1.0000E+00 1.2558E-05 2.2353E-05 5.0128E+04 0.0000E+003541 8459  335
 1.1344E-04 8.5078E-05 5.0128E+04 1.0000E+00 6.5621E-05 9.6462E-053541 8459  336
 5.0129E+04 0.0000E+00 1.3763E-04 1.5413E-04 5.0129E+04 1.0000E+003541 8459  337
 2.1022E-04 2.3545E-04 5.0130E+04 0.0000E+00 3.3796E-04 3.2106E-043541 8459  338
 5.0130E+04 1.0000E+00 5.0587E-04 4.8057E-04 5.0131E+04 0.0000E+003541 8459  339
 3.0206E-04 3.7758E-04 5.0131E+04 1.0000E+00 4.6875E-04 5.8594E-043541 8459  340
 5.0132E+04 0.0000E+00 4.1957E-04 4.9090E-04 5.0133E+04 0.0000E+003541 8459  341
 8.4213E-05 2.1222E-04 5.0134E+04 0.0000E+00 9.7342E-06 5.5291E-053541 8459  342
 5.0135E+04 0.0000E+00 4.2698E-07 5.6192E-06 5.0136E+04 0.0000E+003541 8459  343
 9.3591E-09 2.9069E-07 5.0137E+04 0.0000E+00 5.4301E-11 4.0400E-093541 8459  344
 5.1119E+04 0.0000E+00 1.2900E-13 2.0254E-13 5.1120E+04 0.0000E+003541 8459  345
 4.2401E-12 6.6993E-12 5.1120E+04 1.0000E+00 3.6696E-12 5.8347E-123541 8459  346
 5.1121E+04 0.0000E+00 5.8840E-06 9.4733E-06 5.1122E+04 0.0000E+003541 8459  347
 4.9364E-09 8.0463E-09 5.1122E+04 1.0000E+00 2.0069E-09 3.2913E-093541 8459  348
 5.1123E+04 0.0000E+00 5.0601E-06 8.4504E-06 5.1124E+04 0.0000E+003541 8459  349
 8.5919E-09 1.4606E-08 5.1124E+04 1.0000E+00 6.3517E-09 1.0798E-083541 8459  350
 5.1124E+04 2.0000E+00 1.9829E-09 3.3710E-09 5.1125E+04 0.0000E+003541 8459  351
 4.9490E-06 8.3143E-06 5.1126E+04 0.0000E+00 7.3523E-08 1.0587E-073541 8459  352
 5.1126E+04 1.0000E+00 2.1938E-07 3.1592E-07 5.1126E+04 2.0000E+003541 8459  353
 8.2648E-08 1.1901E-07 5.1127E+04 0.0000E+00 3.2721E-05 3.4357E-053541 8459  354
 5.1128E+04 0.0000E+00 1.3161E-04 2.0927E-04 5.1128E+04 1.0000E+003541 8459  355
 7.5021E-06 5.4767E-06 5.1129E+04 0.0000E+00 4.2162E-04 2.2767E-043541 8459  356
 5.1129E+04 1.0000E+00 1.3093E-04 1.7544E-04 5.1130E+04 0.0000E+003541 8459  357
 9.6352E-04 3.8541E-04 5.1130E+04 1.0000E+00 6.4452E-04 4.3183E-043541 8459  358
 5.1131E+04 0.0000E+00 3.6366E-03 1.1637E-03 5.1132E+04 0.0000E+003541 8459  359
 3.2088E-03 1.8611E-03 5.1132E+04 1.0000E+00 1.1684E-03 7.4779E-043541 8459  360
 5.1133E+04 0.0000E+00 4.1952E-03 1.8459E-03 5.1134E+04 0.0000E+003541 8459  361
 6.2807E-04 1.0552E-03 5.1134E+04 1.0000E+00 9.2724E-04 1.5763E-033541 8459  362
 5.1135E+04 0.0000E+00 4.4225E-04 8.1375E-04 5.1136E+04 0.0000E+003541 8459  363
 3.8396E-05 1.6087E-04 5.1137E+04 0.0000E+00 1.7127E-06 1.6768E-053541 8459  364
 5.1138E+04 0.0000E+00 2.3220E-08 5.4056E-07 5.1139E+04 0.0000E+003541 8459  365
 2.3864E-10 1.3397E-08 5.2122E+04 0.0000E+00 4.8100E-09 7.8403E-093541 8459  366
 5.2123E+04 0.0000E+00 8.0458E-11 1.3436E-10 5.2123E+04 1.0000E+003541 8459  367
 5.4799E-11 9.1513E-11 5.2124E+04 0.0000E+00 1.0180E-08 1.7306E-083541 8459  368
 5.2125E+04 0.0000E+00 4.9490E-06 8.3143E-06 5.2125E+04 1.0000E+003541 8459  369
 1.1074E-06 1.8604E-06 5.2126E+04 0.0000E+00 2.6220E-07 3.7756E-073541 8459  370
 5.2127E+04 0.0000E+00 3.2592E-05 3.4221E-05 5.2127E+04 1.0000E+003541 8459  371
 5.3925E-06 5.6621E-06 5.2128E+04 0.0000E+00 1.3886E-04 1.0136E-043541 8459  372
 5.2129E+04 0.0000E+00 4.6709E-04 2.4289E-04 5.2129E+04 1.0000E+003541 8459  373
 1.7888E-04 9.8384E-05 5.2130E+04 0.0000E+00 1.7562E-03 6.8492E-043541 8459  374
 5.2131E+04 0.0000E+00 4.0283E-03 1.2488E-03 5.2131E+04 1.0000E+003541 8459  375
 1.1079E-03 8.7526E-04 5.2132E+04 0.0000E+00 1.1497E-02 3.1040E-033541 8459  376
 5.2133E+04 0.0000E+00 1.2206E-02 3.7839E-03 5.2133E+04 1.0000E+003541 8459  377
 1.1322E-02 4.9816E-03 5.2134E+04 0.0000E+00 3.1839E-02 7.6413E-033541 8459  378
 5.2135E+04 0.0000E+00 2.5645E-02 8.7194E-03 5.2136E+04 0.0000E+003541 8459  379
 1.3194E-02 8.3124E-03 5.2137E+04 0.0000E+00 2.1958E-03 2.9424E-033541 8459  380
 5.2138E+04 0.0000E+00 2.1963E-04 6.6989E-04 5.2139E+04 0.0000E+003541 8459  381
 1.0047E-05 7.1940E-05 5.2140E+04 0.0000E+00 2.8005E-07 4.7944E-063541 8459  382
 5.2141E+04 0.0000E+00 2.4328E-09 1.0111E-07 5.2142E+04 0.0000E+003541 8459  383
 1.0044E-11 1.0043E-09 5.3127E+04 0.0000E+00 3.2721E-05 3.4357E-053541 8459  384
 5.3129E+04 0.0000E+00 5.3327E-04 2.7731E-04 5.3130E+04 0.0000E+003541 8459  385
 3.1680E-07 1.2355E-07 5.3130E+04 1.0000E+00 1.3564E-07 5.4255E-083541 8459  386
 5.3131E+04 0.0000E+00 4.9169E-03 1.4751E-03 5.3132E+04 0.0000E+003541 8459  387
 1.1673E-02 2.8016E-03 5.3132E+04 1.0000E+00 1.0163E-04 2.5306E-043541 8459  388
 5.3133E+04 0.0000E+00 2.3613E-02 4.9586E-03 5.3133E+04 1.0000E+003541 8459  389
 5.2033E-04 6.6082E-04 5.3134E+04 0.0000E+00 4.0386E-02 7.6734E-033541 8459  390
 5.3134E+04 1.0000E+00 2.5407E-03 6.0977E-04 5.3135E+04 0.0000E+003541 8459  391
 5.6508E-02 1.0737E-02 5.3136E+04 0.0000E+00 3.2304E-02 1.1306E-023541 8459  392
 5.3136E+04 1.0000E+00 2.1804E-02 8.7215E-03 5.3137E+04 0.0000E+003541 8459  393
 3.7183E-02 9.6675E-03 5.3138E+04 0.0000E+00 1.1727E-02 5.3944E-033541 8459  394
 5.3139E+04 0.0000E+00 3.5396E-03 3.4334E-03 5.3140E+04 0.0000E+003541 8459  395
 4.0779E-04 8.9305E-04 5.3141E+04 0.0000E+00 2.8836E-05 1.4822E-043541 8459  396
 5.3142E+04 0.0000E+00 5.8544E-07 7.2302E-06 5.3143E+04 0.0000E+003541 8459  397
 7.1531E-09 2.1645E-07 5.3144E+04 0.0000E+00 2.4819E-11 1.8703E-093541 8459  398
 5.4130E+04 0.0000E+00 3.3858E-07 1.3205E-07 5.4131E+04 0.0000E+003541 8459  399
 4.9169E-03 1.4751E-03 5.4131E+04 1.0000E+00 5.3413E-05 1.6557E-053541 8459  400
 5.4132E+04 0.0000E+00 1.1688E-02 2.8051E-03 5.4133E+04 0.0000E+003541 8459  401
 2.3632E-02 4.7264E-03 5.4133E+04 1.0000E+00 6.8374E-04 1.7777E-043541 8459  402
 5.4134E+04 0.0000E+00 4.0845E-02 7.3519E-03 5.4134E+04 1.0000E+003541 8459  403
 2.9809E-04 2.9511E-04 5.4135E+04 0.0000E+00 6.0335E-02 1.0257E-023541 8459  404
 5.4135E+04 1.0000E+00 1.1708E-02 4.9176E-03 5.4136E+04 0.0000E+003541 8459  405
 8.0397E-02 1.6080E-02 5.4137E+04 0.0000E+00 8.6242E-02 1.6386E-023541 8459  406
 5.4138E+04 0.0000E+00 8.8003E-02 1.5841E-02 5.4139E+04 0.0000E+003541 8459  407
 6.9357E-02 1.5259E-02 5.4140E+04 0.0000E+00 4.5029E-02 1.5760E-023541 8459  408
 5.4141E+04 0.0000E+00 1.1891E-02 8.2047E-03 5.4142E+04 0.0000E+003541 8459  409
 1.8396E-03 2.8331E-03 5.4143E+04 0.0000E+00 1.0595E-04 3.8462E-043541 8459  410
 5.4144E+04 0.0000E+00 3.4141E-06 3.0010E-05 5.4145E+04 0.0000E+003541 8459  411
 3.9788E-08 8.6579E-07 5.4146E+04 0.0000E+00 2.0418E-10 1.1205E-083541 8459  412
 5.4147E+04 0.0000E+00 2.2697E-13 2.2695E-11 5.5131E+04 0.0000E+003541 8459  413
 7.8422E-14 2.3527E-14 5.5132E+04 0.0000E+00 1.5167E-11 3.6401E-123541 8459  414
 5.5133E+04 0.0000E+00 2.3632E-02 4.7264E-03 5.5134E+04 0.0000E+003541 8459  415
 1.4625E-07 2.6324E-08 5.5134E+04 1.0000E+00 3.0655E-08 6.1309E-093541 8459  416
 5.5135E+04 0.0000E+00 6.0413E-02 9.6660E-03 5.5135E+04 1.0000E+003541 8459  417
 1.9311E-06 2.3734E-05 5.5136E+04 0.0000E+00 1.2368E-04 1.8552E-053541 8459  418
 5.5136E+04 1.0000E+00 3.3485E-05 7.3667E-06 5.5137E+04 0.0000E+003541 8459  419
 8.7798E-02 1.3170E-02 5.5138E+04 0.0000E+00 9.3834E-02 1.4075E-023541 8459  420
 5.5138E+04 1.0000E+00 2.9667E-03 3.7973E-03 5.5139E+04 0.0000E+003541 8459  421
 9.4821E-02 1.6119E-02 5.5140E+04 0.0000E+00 8.8570E-02 1.5943E-023541 8459  422
 5.5141E+04 0.0000E+00 6.8477E-02 1.3695E-02 5.5142E+04 0.0000E+003541 8459  423
 2.9349E-02 8.2176E-03 5.5143E+04 0.0000E+00 1.0608E-02 5.3041E-033541 8459  424
 5.5144E+04 0.0000E+00 1.4466E-03 1.5623E-03 5.5144E+04 1.0000E+003541 8459  425
 9.9470E-10 9.9470E-10 5.5145E+04 0.0000E+00 1.4557E-04 3.6829E-043541 8459  426
 5.5146E+04 0.0000E+00 3.9930E-06 2.4677E-05 5.5147E+04 0.0000E+003541 8459  427
 4.6892E-08 7.2635E-07 5.5148E+04 0.0000E+00 1.3894E-10 5.5036E-093541 8459  428
 5.5149E+04 0.0000E+00 2.5569E-13 2.5566E-11 5.6132E+04 0.0000E+003541 8459  429
 2.7304E-13 6.5529E-14 5.6134E+04 0.0000E+00 1.4625E-07 2.6325E-083541 8459  430
 5.6135E+04 0.0000E+00 7.0792E-10 1.1327E-10 5.6135E+04 1.0000E+003541 8459  431
 5.0671E-10 4.5655E-08 5.6136E+04 0.0000E+00 1.4050E-04 2.1075E-053541 8459  432
 5.6136E+04 1.0000E+00 4.3585E-08 6.5377E-09 5.6137E+04 0.0000E+003541 8459  433
 8.7801E-02 1.2293E-02 5.6137E+04 1.0000E+00 8.2883E-02 1.4919E-023541 8459  434
 5.6138E+04 0.0000E+00 9.4458E-02 1.3225E-02 5.6139E+04 0.0000E+003541 8459  435
 9.5576E-02 1.3380E-02 5.6140E+04 0.0000E+00 9.5449E-02 1.5272E-023541 8459  436
 5.6141E+04 0.0000E+00 9.3128E-02 1.7694E-02 5.6142E+04 0.0000E+003541 8459  437
 8.6042E-02 1.7208E-02 5.6143E+04 0.0000E+00 6.8898E-02 1.3091E-023541 8459  438
 5.6144E+04 0.0000E+00 4.5717E-02 1.0515E-02 5.6145E+04 0.0000E+003541 8459  439
 1.6469E-02 6.2584E-03 5.6146E+04 0.0000E+00 3.4974E-03 2.6931E-033541 8459  440
 5.6147E+04 0.0000E+00 2.0532E-04 3.6342E-04 5.6148E+04 0.0000E+003541 8459  441
 6.1625E-06 2.6622E-05 5.6149E+04 0.0000E+00 7.1032E-08 7.7638E-073541 8459  442
 5.6150E+04 0.0000E+00 3.8632E-10 1.0945E-08 5.6151E+04 0.0000E+003541 8459  443
 4.8022E-13 3.5949E-11 5.7136E+04 0.0000E+00 2.0192E-13 3.0289E-143541 8459  444
 5.7137E+04 0.0000E+00 3.9902E-11 5.5862E-12 5.7138E+04 0.0000E+003541 8459  445
 3.0250E-09 4.2351E-10 5.7139E+04 0.0000E+00 9.5576E-02 1.3380E-023541 8459  446
 5.7140E+04 0.0000E+00 9.5456E-02 1.3364E-02 5.7141E+04 0.0000E+003541 8459  447
 9.3272E-02 1.3059E-02 5.7142E+04 0.0000E+00 8.7094E-02 1.3064E-023541 8459  448
 5.7143E+04 0.0000E+00 7.4692E-02 1.1951E-02 5.7144E+04 0.0000E+003541 8459  449
 5.7791E-02 1.0402E-02 5.7145E+04 0.0000E+00 3.8087E-02 7.9984E-033541 8459  450
 5.7146E+04 0.0000E+00 9.8776E-03 4.1486E-03 5.7146E+04 1.0000E+003541 8459  451
 7.2813E-03 3.4950E-03 5.7147E+04 0.0000E+00 5.2903E-03 1.7458E-033541 8459  452
 5.7148E+04 0.0000E+00 6.5998E-04 3.8279E-04 5.7149E+04 0.0000E+003541 8459  453
 6.8726E-05 8.5908E-05 5.7150E+04 0.0000E+00 2.1721E-06 6.5379E-063541 8459  454
 5.7151E+04 0.0000E+00 3.1673E-08 2.4230E-07 5.7152E+04 0.0000E+003541 8459  455
 1.0039E-10 2.0089E-09 5.7153E+04 0.0000E+00 1.5661E-13 8.3628E-123541 8459  456
 5.8139E+04 0.0000E+00 2.3150E-12 3.2412E-13 5.8139E+04 1.0000E+003541 8459  457
 1.4138E-12 2.4034E-13 5.8140E+04 0.0000E+00 9.5456E-02 1.3364E-023541 8459  458
 5.8141E+04 0.0000E+00 9.3272E-02 1.3059E-02 5.8142E+04 0.0000E+003541 8459  459
 8.7095E-02 1.3064E-02 5.8143E+04 0.0000E+00 7.4721E-02 1.1208E-023541 8459  460
 5.8144E+04 0.0000E+00 5.8163E-02 9.3061E-03 5.8145E+04 0.0000E+003541 8459  461
 4.0286E-02 7.6544E-03 5.8146E+04 0.0000E+00 2.4696E-02 6.1741E-033541 8459  462
 5.8147E+04 0.0000E+00 1.3230E-02 3.1752E-03 5.8148E+04 0.0000E+003541 8459  463
 6.0438E-03 1.6923E-03 5.8149E+04 0.0000E+00 2.0072E-03 7.6277E-043541 8459  464
 5.8150E+04 0.0000E+00 4.7003E-04 2.6792E-04 5.8151E+04 0.0000E+003541 8459  465
 3.5309E-05 3.5662E-05 5.8152E+04 0.0000E+00 1.2162E-06 2.6635E-063541 8459  466
 5.8153E+04 0.0000E+00 1.3032E-08 6.9722E-08 5.8154E+04 0.0000E+003541 8459  467
 6.7102E-11 9.3272E-10 5.8155E+04 0.0000E+00 1.1147E-13 4.1424E-123541 8459  468
 5.9141E+04 0.0000E+00 9.3272E-02 1.3059E-02 5.9142E+04 0.0000E+003541 8459  469
 7.0289E-12 1.0543E-12 5.9142E+04 1.0000E+00 4.2124E-12 4.2119E-103541 8459  470
 5.9143E+04 0.0000E+00 7.4721E-02 1.1208E-02 5.9144E+04 0.0000E+003541 8459  471
 5.8163E-02 9.3061E-03 5.9144E+04 1.0000E+00 8.0266E-04 1.5250E-043541 8459  472
 5.9145E+04 0.0000E+00 4.0288E-02 7.2519E-03 5.9146E+04 0.0000E+003541 8459  473
 2.4719E-02 4.9437E-03 5.9147E+04 0.0000E+00 1.3381E-02 3.0775E-033541 8459  474
 5.9148E+04 0.0000E+00 6.1342E-03 1.7176E-03 5.9148E+04 1.0000E+003541 8459  475
 2.5119E-04 3.9939E-04 5.9149E+04 0.0000E+00 2.6730E-03 9.3556E-043541 8459  476
 5.9150E+04 0.0000E+00 9.4024E-04 4.2311E-04 5.9151E+04 0.0000E+003541 8459  477
 2.4330E-04 1.4355E-04 5.9152E+04 0.0000E+00 3.0202E-05 2.4463E-053541 8459  478
 5.9153E+04 0.0000E+00 2.8367E-06 3.5742E-06 5.9154E+04 0.0000E+003541 8459  479
 8.8332E-08 1.8903E-07 5.9155E+04 0.0000E+00 1.8407E-09 7.8965E-093541 8459  480
 5.9156E+04 0.0000E+00 8.9343E-12 9.0326E-11 6.0142E+04 0.0000E+003541 8459  481
 7.0277E-12 1.0541E-12 6.0143E+04 0.0000E+00 7.4721E-02 1.1208E-023541 8459  482
 6.0144E+04 0.0000E+00 5.8164E-02 9.3061E-03 6.0145E+04 0.0000E+003541 8459  483
 4.0288E-02 7.2519E-03 6.0146E+04 0.0000E+00 2.4719E-02 4.9437E-033541 8459  484
 6.0147E+04 0.0000E+00 1.3381E-02 3.0775E-03 6.0148E+04 0.0000E+003541 8459  485
 6.3868E-03 1.7883E-03 6.0149E+04 0.0000E+00 2.6844E-03 9.3953E-043541 8459  486
 6.0150E+04 0.0000E+00 9.9473E-04 4.4763E-04 6.0151E+04 0.0000E+003541 8459  487
 3.2444E-04 1.9142E-04 6.0152E+04 0.0000E+00 9.2664E-05 7.4131E-053541 8459  488
 6.0153E+04 0.0000E+00 2.2229E-05 2.5119E-05 6.0154E+04 0.0000E+003541 8459  489
 4.2624E-06 7.0331E-06 6.0155E+04 0.0000E+00 4.2747E-07 1.0687E-063541 8459  490
 6.0156E+04 0.0000E+00 2.1649E-08 8.5296E-08 6.0157E+04 0.0000E+003541 8459  491
 1.2320E-10 8.6980E-10 6.1147E+04 0.0000E+00 1.3381E-02 3.0775E-033541 8459  492
 6.1148E+04 0.0000E+00 5.9153E-12 1.6563E-12 6.1148E+04 1.0000E+003541 8459  493
 8.2313E-12 2.4694E-12 6.1149E+04 0.0000E+00 2.6844E-03 9.3953E-043541 8459  494
 6.1150E+04 0.0000E+00 1.7556E-08 7.9002E-09 6.1151E+04 0.0000E+003541 8459  495
 3.2465E-04 1.9155E-04 6.1152E+04 0.0000E+00 9.2836E-05 7.4269E-053541 8459  496
 6.1152E+04 1.0000E+00 4.7703E-07 3.0005E-06 6.1152E+04 2.0000E+003541 8459  497
 2.0319E-08 1.2780E-07 6.1153E+04 0.0000E+00 2.3634E-05 2.6707E-053541 8459  498
 6.1154E+04 0.0000E+00 4.4040E-06 7.2666E-06 6.1154E+04 1.0000E+003541 8459  499
 8.5277E-07 2.8824E-06 6.1155E+04 0.0000E+00 9.9673E-07 2.4719E-063541 8459  500
 6.1156E+04 0.0000E+00 1.3182E-07 5.0618E-07 6.1157E+04 0.0000E+003541 8459  501
 1.0200E-08 6.2734E-08 6.1158E+04 0.0000E+00 1.3070E-10 1.3332E-093541 8459  502
 6.1159E+04 0.0000E+00 5.2830E-13 9.6995E-12 6.2147E+04 0.0000E+003541 8459  503
 1.3381E-02 3.0775E-03 6.2148E+04 0.0000E+00 1.3735E-11 3.8457E-123541 8459  504
 6.2149E+04 0.0000E+00 2.6844E-03 9.3953E-04 6.2150E+04 0.0000E+003541 8459  505
 1.7556E-08 7.9003E-09 6.2151E+04 0.0000E+00 3.2465E-04 1.9155E-043541 8459  506
 6.2152E+04 0.0000E+00 9.3333E-05 7.4666E-05 6.2153E+04 0.0000E+003541 8459  507
 2.3636E-05 2.6709E-05 6.2153E+04 1.0000E+00 1.6384E-09 2.6280E-083541 8459  508
 6.2154E+04 0.0000E+00 5.2728E-06 8.7001E-06 6.2155E+04 0.0000E+003541 8459  509
 1.0363E-06 2.5700E-06 6.2156E+04 0.0000E+00 1.7928E-07 6.8846E-073541 8459  510
 6.2157E+04 0.0000E+00 2.7278E-08 1.6776E-07 6.2158E+04 0.0000E+003541 8459  511
 3.6372E-09 3.6954E-08 6.2159E+04 0.0000E+00 3.8452E-10 6.6560E-093541 8459  512
 6.2160E+04 0.0000E+00 2.7877E-11 8.5026E-10 6.3151E+04 0.0000E+003541 8459  513
 3.2465E-04 1.9155E-04 6.3153E+04 0.0000E+00 2.3636E-05 2.6709E-053541 8459  514
 6.3154E+04 0.0000E+00 3.7262E-13 6.1482E-13 6.3154E+04 1.0000E+003541 8459  515
 1.2715E-13 2.0980E-13 6.3155E+04 0.0000E+00 1.0363E-06 2.5701E-063541 8459  516
 6.3156E+04 0.0000E+00 1.7934E-07 6.8864E-07 6.3157E+04 0.0000E+003541 8459  517
 2.7345E-08 1.6817E-07 6.3158E+04 0.0000E+00 3.6730E-09 3.7317E-083541 8459  518
 6.3159E+04 0.0000E+00 4.3458E-10 7.5226E-09 6.3160E+04 0.0000E+003541 8459  519
 4.5263E-11 1.3792E-09 6.3161E+04 0.0000E+00 4.0196E-12 2.2253E-103541 8459  520
 6.4154E+04 0.0000E+00 3.7255E-13 6.1470E-13 6.4155E+04 0.0000E+003541 8459  521
 1.0363E-06 2.5701E-06 6.4156E+04 0.0000E+00 1.7934E-07 6.8864E-073541 8459  522
 6.4157E+04 0.0000E+00 2.7345E-08 1.6817E-07 6.4158E+04 0.0000E+003541 8459  523
 3.6730E-09 3.7317E-08 6.4159E+04 0.0000E+00 4.3458E-10 7.5226E-093541 8459  524
 6.4160E+04 0.0000E+00 4.5294E-11 1.3801E-09 6.4161E+04 0.0000E+003541 8459  525
 4.1586E-12 2.3022E-10 6.4162E+04 0.0000E+00 3.3632E-13 3.3629E-113541 8459  526
 6.5159E+04 0.0000E+00 4.3458E-10 7.5226E-09 6.5161E+04 0.0000E+003541 8459  527
 4.1586E-12 2.3022E-10 6.5162E+04 0.0000E+00 3.3632E-13 3.3629E-113541 8459  528
 6.6161E+04 0.0000E+00 4.1586E-12 2.3022E-10 6.6162E+04 0.0000E+003541 8459  529
 3.3632E-13 3.3632E-13 0.0000E+00 0.0000E+00 0.0000E+00 0.0000E+003541 8459  530
 0.0000E+00 0.0000E+00          0          0          0          03541 8  099999
                                                                  3541 0  0    0
                                                                     0 0  0    0
 0.0000E+00 0.0000E+00          0          0          0          0  -1 0  0    0
