Fission Product Yields for u-238(s,f) fission                      231 0  0    0
 9.2238e+04 2.3601e+02         -1          1          2          13546 1451    1
 0.0000e+00 1.0000e+00          0          0          0          63546 1451    2
 0.0000e+00 1.5000e+08          1          0          5          63546 1451    3
 0.0000e+00 0.0000e+00          0          0         11          33546 1451    4
 92-U -238  NexiaSol   EVAL-DEC07                      R.W. Mills 3546 1451    5
                       DIST-DEC07DRAFT-DEC07           071212     3546 1451    6
 Energy dependent fission yields - UKFY4.1 (Issue 1)              3546 1451    7
 =====================================================            3546 1451    8
 The CYFP code developed by Wahl [1] was used to produce          3546 1451    9
 energy dependent fission yields for fission induced by           3546 1451   10
 neutron, proton, deuteron and alpha particles.                   3546 1451   11
                                                                  3546 1451   12
 References                                                       3546 1451   13
 1) "Systematics of Fission-Product Yields", LA-13928,            3546 1451   14
    A.C. Wahl (2002).                                             3546 1451   15
                                1        451         18          03546 1451   16
                                8        454        678          03546 1451   17
                                8        459        678          03546 1451   18
 0.0000e+00 0.0000e+00          0          0          0          03546 1  099999
                                                                  3546 0  0    0
 9.2238E+04 2.3601E+02          1          0          0          03546 8454    1
 0.0000E+00 0.0000E+00          0          0       3176        7943546 8454    2
 2.8072E+04 0.0000E+00 6.5487E-14 6.5480E-12 2.8073E+04 0.0000E+003546 8454    3
 7.4289E-14 5.6601E-12 2.8074E+04 0.0000E+00 6.1280E-14 2.5480E-123546 8454    4
 2.9072E+04 0.0000E+00 2.2542E-14 2.2539E-12 2.9073E+04 0.0000E+003546 8454    5
 1.0401E-12 1.0400E-10 2.9074E+04 0.0000E+00 5.0773E-12 2.0939E-103546 8454    6
 2.9075E+04 0.0000E+00 2.4022E-11 5.5394E-10 2.9076E+04 0.0000E+003546 8454    7
 3.9993E-11 5.3391E-10 2.9077E+04 0.0000E+00 9.8656E-11 8.0898E-103546 8454    8
 2.9078E+04 0.0000E+00 4.2410E-11 2.9263E-10 2.9079E+04 0.0000E+003546 8454    9
 1.0488E-11 1.2187E-10 2.9080E+04 0.0000E+00 9.9214E-13 2.5429E-113546 8454   10
 3.0073E+04 0.0000E+00 8.7674E-15 8.7665E-13 3.0074E+04 0.0000E+003546 8454   11
 8.3653E-12 3.4498E-10 3.0075E+04 0.0000E+00 1.1269E-10 2.5975E-093546 8454   12
 3.0076E+04 0.0000E+00 1.0782E-09 1.4340E-08 3.0077E+04 0.0000E+003546 8454   13
 3.3241E-09 5.2720E-08 3.0077E+04 1.0000E+00 7.5550E-10 1.1982E-083546 8454   14
 3.0078E+04 0.0000E+00 1.2713E-08 6.2292E-08 3.0079E+04 0.0000E+003546 8454   15
 1.3304E-08 4.4036E-08 3.0080E+04 0.0000E+00 9.6485E-09 3.2516E-083546 8454   16
 3.0081E+04 0.0000E+00 2.4676E-09 1.5545E-08 3.0082E+04 0.0000E+003546 8454   17
 3.5313E-10 4.9614E-09 3.0083E+04 0.0000E+00 1.7934E-11 5.6939E-103546 8454   18
 3.1073E+04 0.0000E+00 0.0000E+00 0.0000E+00 3.1074E+04 0.0000E+003546 8454   19
 5.4524E-16 5.4519E-14 3.1074E+04 1.0000E+00 1.4460E-16 1.4458E-143546 8454   20
 3.1075E+04 0.0000E+00 1.5500E-12 3.5899E-11 3.1076E+04 0.0000E+003546 8454   21
 1.2884E-10 1.7162E-09 3.1077E+04 0.0000E+00 5.6393E-09 4.4719E-083546 8454   22
 3.1078E+04 0.0000E+00 5.0775E-08 2.4727E-07 3.1079E+04 0.0000E+003546 8454   23
 3.0337E-07 9.4044E-07 3.1080E+04 0.0000E+00 7.8763E-07 1.6146E-063546 8454   24
 3.1081E+04 0.0000E+00 1.4029E-06 2.1604E-06 3.1082E+04 0.0000E+003546 8454   25
 8.0307E-07 1.4696E-06 3.1083E+04 0.0000E+00 2.9240E-07 1.0526E-063546 8454   26
 3.1084E+04 0.0000E+00 4.1804E-08 3.3526E-07 3.1085E+04 0.0000E+003546 8454   27
 3.6037E-09 6.5046E-08 3.1086E+04 0.0000E+00 1.0996E-10 4.4271E-093546 8454   28
 3.2073E+04 0.0000E+00 0.0000E+00 0.0000E+00 3.2073E+04 1.0000E+003546 8454   29
 0.0000E+00 0.0000E+00 3.2074E+04 0.0000E+00 0.0000E+00 0.0000E+003546 8454   30
 3.2075E+04 0.0000E+00 0.0000E+00 0.0000E+00 3.2075E+04 1.0000E+003546 8454   31
 3.2282E-17 3.2279E-15 3.2076E+04 0.0000E+00 3.6873E-13 5.5236E-123546 8454   32
 3.2077E+04 0.0000E+00 7.6773E-11 1.2537E-09 3.2077E+04 1.0000E+003546 8454   33
 1.7449E-11 2.8494E-10 3.2078E+04 0.0000E+00 5.8398E-09 2.8849E-083546 8454   34
 3.2079E+04 0.0000E+00 2.0348E-08 1.2677E-07 3.2079E+04 1.0000E+003546 8454   35
 8.9527E-08 5.5776E-07 3.2080E+04 0.0000E+00 1.4608E-06 2.9654E-063546 8454   36
 3.2081E+04 0.0000E+00 5.6877E-06 1.5641E-05 3.2081E+04 1.0000E+003546 8454   37
 1.9600E-06 5.3901E-06 3.2082E+04 0.0000E+00 2.5708E-05 2.5194E-053546 8454   38
 3.2083E+04 0.0000E+00 3.3747E-05 2.7672E-05 3.2084E+04 0.0000E+003546 8454   39
 3.2925E-05 3.5559E-05 3.2085E+04 0.0000E+00 1.0891E-05 2.3306E-053546 8454   40
 3.2086E+04 0.0000E+00 2.2531E-06 1.0657E-05 3.2087E+04 0.0000E+003546 8454   41
 1.8016E-07 1.8971E-06 3.2088E+04 0.0000E+00 9.4739E-09 2.2036E-073546 8454   42
 3.2089E+04 0.0000E+00 1.7851E-10 9.0646E-09 3.3075E+04 0.0000E+003546 8454   43
 0.0000E+00 0.0000E+00 3.3077E+04 0.0000E+00 2.1100E-14 2.1098E-123546 8454   44
 3.3078E+04 0.0000E+00 7.3215E-12 6.7284E-11 3.3079E+04 0.0000E+003546 8454   45
 1.2034E-09 5.3069E-09 3.3080E+04 0.0000E+00 6.5226E-08 1.5720E-073546 8454   46
 3.3081E+04 0.0000E+00 2.0568E-06 3.0440E-06 3.3082E+04 0.0000E+003546 8454   47
 7.9725E-06 1.5865E-05 3.3082E+04 1.0000E+00 1.1924E-05 2.3728E-053546 8454   48
 3.3083E+04 0.0000E+00 1.2945E-04 9.0615E-05 3.3084E+04 0.0000E+003546 8454   49
 3.7100E-04 2.0034E-04 3.3084E+04 1.0000E+00 0.0000E+00 0.0000E+003546 8454   50
 3.3085E+04 0.0000E+00 7.1303E-04 3.4938E-04 3.3086E+04 0.0000E+003546 8454   51
 5.1032E-04 3.4702E-04 3.3087E+04 0.0000E+00 2.6004E-04 3.4325E-043546 8454   52
 3.3088E+04 0.0000E+00 4.8175E-05 1.3778E-04 3.3089E+04 0.0000E+003546 8454   53
 5.6052E-06 3.5144E-05 3.3090E+04 0.0000E+00 2.6552E-07 3.6323E-063546 8454   54
 3.3091E+04 0.0000E+00 8.8193E-09 2.6096E-07 3.3092E+04 0.0000E+003546 8454   55
 1.0600E-10 6.7100E-09 3.4077E+04 0.0000E+00 0.0000E+00 0.0000E+003546 8454   56
 3.4078E+04 0.0000E+00 6.4481E-17 6.4475E-15 3.4079E+04 0.0000E+003546 8454   57
 5.3965E-14 3.3134E-12 3.4079E+04 1.0000E+00 1.2265E-14 7.5307E-133546 8454   58
 3.4080E+04 0.0000E+00 3.6570E-11 4.4871E-10 3.4081E+04 0.0000E+003546 8454   59
 1.0777E-09 1.0895E-08 3.4081E+04 1.0000E+00 4.7416E-09 4.7937E-083546 8454   60
 3.4082E+04 0.0000E+00 4.4025E-07 9.7736E-07 3.4083E+04 0.0000E+003546 8454   61
 7.7424E-06 1.6956E-05 3.4083E+04 1.0000E+00 2.6681E-06 5.8432E-063546 8454   62
 3.4084E+04 0.0000E+00 1.6334E-04 1.0453E-04 3.4085E+04 0.0000E+003546 8454   63
 8.6227E-04 3.7940E-04 3.4086E+04 0.0000E+00 3.0597E-03 1.0097E-033546 8454   64
 3.4087E+04 0.0000E+00 4.6292E-03 1.5277E-03 3.4088E+04 0.0000E+003546 8454   65
 4.9298E-03 2.2184E-03 3.4089E+04 0.0000E+00 1.9117E-03 1.6058E-033546 8454   66
 3.4090E+04 0.0000E+00 5.4653E-04 9.6189E-04 3.4091E+04 0.0000E+003546 8454   67
 6.0136E-05 2.2852E-04 3.4092E+04 0.0000E+00 4.1922E-06 3.4376E-053546 8454   68
 3.4093E+04 0.0000E+00 1.1691E-07 2.0564E-06 3.4094E+04 0.0000E+003546 8454   69
 2.5298E-09 9.4439E-08 3.5079E+04 0.0000E+00 0.0000E+00 0.0000E+003546 8454   70
 3.5081E+04 0.0000E+00 2.3705E-13 1.0845E-11 3.5082E+04 0.0000E+003546 8454   71
 5.9745E-11 2.1675E-09 3.5082E+04 1.0000E+00 3.9947E-11 1.4493E-093546 8454   72
 3.5083E+04 0.0000E+00 2.1241E-08 1.5527E-07 3.5084E+04 0.0000E+003546 8454   73
 5.8864E-07 3.5554E-06 3.5084E+04 1.0000E+00 8.8037E-07 5.3174E-063546 8454   74
 3.5085E+04 0.0000E+00 5.2271E-05 6.8998E-05 3.5086E+04 0.0000E+003546 8454   75
 5.8259E-04 3.7286E-04 3.5087E+04 0.0000E+00 4.3183E-03 1.5978E-033546 8454   76
 3.5088E+04 0.0000E+00 1.1908E-02 3.0960E-03 3.5089E+04 0.0000E+003546 8454   77
 2.2275E-02 5.3461E-03 3.5090E+04 0.0000E+00 1.8342E-02 5.8695E-033546 8454   78
 3.5091E+04 0.0000E+00 1.1034E-02 6.1792E-03 3.5092E+04 0.0000E+003546 8454   79
 2.3977E-03 2.6855E-03 3.5093E+04 0.0000E+00 3.7397E-04 8.8257E-043546 8454   80
 3.5094E+04 0.0000E+00 2.4737E-05 1.2418E-04 3.5095E+04 0.0000E+003546 8454   81
 1.1615E-06 1.2370E-05 3.5096E+04 0.0000E+00 2.4792E-08 5.5411E-073546 8454   82
 3.5097E+04 0.0000E+00 5.2506E-10 2.4295E-08 3.6082E+04 0.0000E+003546 8454   83
 2.1557E-16 2.1555E-14 3.6083E+04 0.0000E+00 8.8294E-15 8.8285E-133546 8454   84
 3.6083E+04 1.0000E+00 2.6697E-13 2.6694E-11 3.6084E+04 0.0000E+003546 8454   85
 1.8928E-10 4.9610E-09 3.6085E+04 0.0000E+00 2.5122E-08 5.3159E-073546 8454   86
 3.6085E+04 1.0000E+00 8.6575E-09 1.8319E-07 3.6086E+04 0.0000E+003546 8454   87
 3.0217E-06 1.3175E-05 3.6087E+04 0.0000E+00 8.6790E-05 1.6056E-043546 8454   88
 3.6088E+04 0.0000E+00 1.4138E-03 1.1735E-03 3.6089E+04 0.0000E+003546 8454   89
 7.4466E-03 3.1276E-03 3.6090E+04 0.0000E+00 2.8241E-02 7.3428E-033546 8454   90
 3.6091E+04 0.0000E+00 4.3260E-02 8.6519E-03 3.6092E+04 0.0000E+003546 8454   91
 4.5325E-02 1.1331E-02 3.6093E+04 0.0000E+00 2.0155E-02 7.8604E-033546 8454   92
 3.6094E+04 0.0000E+00 7.0886E-03 5.2456E-03 3.6095E+04 0.0000E+003546 8454   93
 9.9368E-04 1.4905E-03 3.6096E+04 0.0000E+00 1.1229E-04 3.5148E-043546 8454   94
 3.6097E+04 0.0000E+00 6.8124E-06 4.4349E-05 3.6098E+04 0.0000E+003546 8454   95
 3.6858E-07 4.9426E-06 3.6099E+04 0.0000E+00 9.2007E-09 2.5025E-073546 8454   96
 3.6100E+04 0.0000E+00 2.0088E-10 1.0906E-08 3.7085E+04 0.0000E+003546 8454   97
 3.7190E-13 3.4386E-11 3.7086E+04 0.0000E+00 8.1877E-11 6.0639E-093546 8454   98
 3.7086E+04 1.0000E+00 9.3441E-11 6.9203E-09 3.7087E+04 0.0000E+003546 8454   99
 4.3518E-08 6.5626E-07 3.7088E+04 0.0000E+00 3.0720E-06 1.9231E-053546 8454  100
 3.7089E+04 0.0000E+00 1.1138E-04 2.9628E-04 3.7090E+04 0.0000E+003546 8454  101
 3.7058E-04 8.7087E-04 3.7090E+04 1.0000E+00 1.0305E-03 2.4217E-033546 8454  102
 3.7091E+04 0.0000E+00 1.1000E-02 6.1601E-03 3.7092E+04 0.0000E+003546 8454  103
 2.9208E-02 9.0545E-03 3.7093E+04 0.0000E+00 5.6402E-02 1.1844E-023546 8454  104
 3.7094E+04 0.0000E+00 4.9037E-02 1.0298E-02 3.7095E+04 0.0000E+003546 8454  105
 3.2180E-02 9.6539E-03 3.7096E+04 0.0000E+00 9.8807E-03 5.0392E-033546 8454  106
 3.7096E+04 1.0000E+00 0.0000E+00 0.0000E+00 3.7097E+04 0.0000E+003546 8454  107
 2.9706E-03 2.8815E-03 3.7098E+04 0.0000E+00 4.3903E-04 8.6050E-043546 8454  108
 3.7098E+04 1.0000E+00 0.0000E+00 0.0000E+00 3.7099E+04 0.0000E+003546 8454  109
 5.2401E-05 2.0751E-04 3.7100E+04 0.0000E+00 2.9412E-06 2.3441E-053546 8454  110
 3.7101E+04 0.0000E+00 1.3061E-07 2.0676E-06 3.7102E+04 0.0000E+003546 8454  111
 2.3493E-09 7.3064E-08 3.8086E+04 0.0000E+00 1.3485E-16 1.3484E-143546 8454  112
 3.8087E+04 0.0000E+00 5.9334E-15 5.9328E-13 3.8087E+04 1.0000E+003546 8454  113
 1.7940E-13 1.7938E-11 3.8088E+04 0.0000E+00 1.2010E-10 6.1946E-093546 8454  114
 3.8089E+04 0.0000E+00 2.0438E-08 4.3431E-07 3.8090E+04 0.0000E+003546 8454  115
 1.9763E-06 1.7609E-05 3.8091E+04 0.0000E+00 5.9728E-05 2.2756E-043546 8454  116
 3.8092E+04 0.0000E+00 9.6928E-04 1.6187E-03 3.8093E+04 0.0000E+003546 8454  117
 5.5456E-03 4.2701E-03 3.8094E+04 0.0000E+00 2.2572E-02 9.0288E-033546 8454  118
 3.8095E+04 0.0000E+00 3.5582E-02 8.8956E-03 3.8096E+04 0.0000E+003546 8454  119
 4.6439E-02 9.2879E-03 3.8097E+04 0.0000E+00 3.4030E-02 8.1671E-033546 8454  120
 3.8098E+04 0.0000E+00 2.2841E-02 8.2226E-03 3.8099E+04 0.0000E+003546 8454  121
 7.0198E-03 4.4927E-03 3.8100E+04 0.0000E+00 1.8186E-03 2.2187E-033546 8454  122
 3.8101E+04 0.0000E+00 2.0423E-04 4.9015E-04 3.8102E+04 0.0000E+003546 8454  123
 1.6354E-05 7.7193E-05 3.8103E+04 0.0000E+00 5.7507E-07 5.3306E-063546 8454  124
 3.8104E+04 0.0000E+00 1.5157E-08 2.7632E-07 3.9089E+04 0.0000E+003546 8454  125
 1.7375E-14 1.7374E-12 3.9089E+04 1.0000E+00 5.9945E-14 5.9939E-123546 8454  126
 3.9090E+04 0.0000E+00 1.9307E-11 1.9305E-09 3.9090E+04 1.0000E+003546 8454  127
 1.6709E-11 1.6707E-09 3.9091E+04 0.0000E+00 2.2361E-09 1.3260E-073546 8454  128
 3.9091E+04 1.0000E+00 6.4887E-09 3.8478E-07 3.9092E+04 0.0000E+003546 8454  129
 5.8200E-07 7.3041E-06 3.9093E+04 0.0000E+00 5.7509E-06 6.2168E-053546 8454  130
 3.9093E+04 1.0000E+00 1.6688E-05 1.8040E-04 3.9094E+04 0.0000E+003546 8454  131
 3.0764E-04 7.3217E-04 3.9095E+04 0.0000E+00 2.5903E-03 2.8234E-033546 8454  132
 3.9096E+04 0.0000E+00 1.2564E-03 1.3444E-03 3.9096E+04 1.0000E+003546 8454  133
 7.5677E-03 8.0975E-03 3.9097E+04 0.0000E+00 6.9956E-03 4.3373E-033546 8454  134
 3.9097E+04 1.0000E+00 2.0300E-02 1.2586E-02 3.9098E+04 0.0000E+003546 8454  135
 1.0799E-02 4.7517E-03 3.9098E+04 1.0000E+00 3.0031E-02 1.3213E-023546 8454  136
 3.9099E+04 0.0000E+00 5.0214E-02 1.0545E-02 3.9100E+04 0.0000E+003546 8454  137
 7.8575E-03 4.3216E-03 3.9100E+04 1.0000E+00 2.1850E-02 1.2017E-023546 8454  138
 3.9101E+04 0.0000E+00 1.4034E-02 6.0344E-03 3.9102E+04 0.0000E+003546 8454  139
 2.6699E-03 2.0825E-03 3.9102E+04 1.0000E+00 0.0000E+00 0.0000E+003546 8454  140
 3.9103E+04 0.0000E+00 4.0338E-04 5.9297E-04 3.9104E+04 0.0000E+003546 8454  141
 2.5515E-05 7.3229E-05 3.9105E+04 0.0000E+00 2.0791E-10 1.1433E-083546 8454  142
 3.9106E+04 0.0000E+00 2.0239E-12 2.0237E-10 4.0090E+04 0.0000E+003546 8454  143
 0.0000E+00 0.0000E+00 4.0091E+04 0.0000E+00 1.4507E-14 1.4506E-123546 8454  144
 4.0092E+04 0.0000E+00 8.1269E-12 7.8863E-10 4.0093E+04 0.0000E+003546 8454  145
 1.3653E-09 5.5774E-08 4.0094E+04 0.0000E+00 1.3599E-07 2.3731E-063546 8454  146
 4.0095E+04 0.0000E+00 4.2578E-06 3.2274E-05 4.0096E+04 0.0000E+003546 8454  147
 8.7858E-05 2.9520E-04 4.0097E+04 0.0000E+00 8.1659E-04 1.2575E-033546 8454  148
 4.0098E+04 0.0000E+00 5.8139E-03 4.3604E-03 4.0099E+04 0.0000E+003546 8454  149
 1.6859E-02 6.7437E-03 4.0100E+04 0.0000E+00 3.9041E-02 1.0151E-023546 8454  150
 4.0101E+04 0.0000E+00 3.9075E-02 8.2057E-03 4.0102E+04 0.0000E+003546 8454  151
 2.8707E-02 6.8898E-03 4.0103E+04 0.0000E+00 9.6516E-03 3.1850E-033546 8454  152
 4.0104E+04 0.0000E+00 2.5352E-03 1.3690E-03 4.0105E+04 0.0000E+003546 8454  153
 3.1079E-05 1.0505E-04 4.0106E+04 0.0000E+00 1.6088E-06 1.0039E-053546 8454  154
 4.0107E+04 0.0000E+00 4.6355E-08 5.4374E-07 4.0108E+04 0.0000E+003546 8454  155
 7.3117E-10 1.6371E-08 4.0109E+04 0.0000E+00 6.5183E-12 2.8133E-103546 8454  156
 4.1094E+04 0.0000E+00 4.2278E-13 4.2274E-11 4.1094E+04 1.0000E+003546 8454  157
 4.8850E-13 4.8845E-11 4.1095E+04 0.0000E+00 1.5774E-10 1.5772E-083546 8454  158
 4.1095E+04 1.0000E+00 5.4358E-11 5.4352E-09 4.1096E+04 0.0000E+003546 8454  159
 1.6828E-08 4.0539E-07 4.1097E+04 0.0000E+00 7.4056E-07 1.5737E-053546 8454  160
 4.1097E+04 1.0000E+00 2.5521E-07 5.4232E-06 4.1098E+04 0.0000E+003546 8454  161
 7.6643E-06 7.3500E-05 4.1098E+04 1.0000E+00 1.5228E-05 1.4603E-043546 8454  162
 4.1099E+04 0.0000E+00 2.5784E-04 1.1474E-03 4.1099E+04 1.0000E+003546 8454  163
 8.8855E-05 3.9541E-04 4.1100E+04 0.0000E+00 5.5079E-04 1.1897E-033546 8454  164
 4.1100E+04 1.0000E+00 1.5316E-03 3.3083E-03 4.1101E+04 0.0000E+003546 8454  165
 8.6990E-03 4.8715E-03 4.1102E+04 0.0000E+00 6.3622E-03 4.2627E-033546 8454  166
 4.1102E+04 1.0000E+00 7.2607E-03 4.8647E-03 4.1103E+04 0.0000E+003546 8454  167
 1.6816E-02 4.3722E-03 4.1104E+04 0.0000E+00 6.6252E-03 3.4451E-033546 8454  168
 4.1104E+04 1.0000E+00 2.4558E-03 1.2770E-03 4.1105E+04 0.0000E+003546 8454  169
 3.9077E-03 1.4849E-03 4.1106E+04 0.0000E+00 8.7066E-04 4.8757E-043546 8454  170
 4.1107E+04 0.0000E+00 1.2143E-04 1.0807E-04 4.1108E+04 0.0000E+003546 8454  171
 1.0151E-05 1.5633E-05 4.1109E+04 0.0000E+00 5.1035E-07 1.4341E-063546 8454  172
 4.1110E+04 0.0000E+00 1.8307E-08 9.5931E-08 4.1111E+04 0.0000E+003546 8454  173
 3.5756E-08 8.8552E-08 4.1112E+04 0.0000E+00 1.3337E-09 6.8132E-093546 8454  174
 4.1113E+04 0.0000E+00 2.9902E-11 3.6358E-10 4.2095E+04 0.0000E+003546 8454  175
 1.5979E-16 1.5977E-14 4.2096E+04 0.0000E+00 9.7351E-14 9.7341E-123546 8454  176
 4.2097E+04 0.0000E+00 2.2941E-11 1.7382E-09 4.2098E+04 0.0000E+003546 8454  177
 3.5002E-09 1.1712E-07 4.2099E+04 0.0000E+00 1.8069E-07 2.7284E-063546 8454  178
 4.2100E+04 0.0000E+00 6.1050E-06 4.2552E-05 4.2101E+04 0.0000E+003546 8454  179
 7.3044E-05 2.4031E-04 4.2102E+04 0.0000E+00 5.3724E-04 8.5959E-043546 8454  180
 4.2103E+04 0.0000E+00 1.5853E-03 1.3000E-03 4.2104E+04 0.0000E+003546 8454  181
 3.4066E-03 1.6011E-03 4.2105E+04 0.0000E+00 2.8385E-03 1.2774E-033546 8454  182
 4.2106E+04 0.0000E+00 1.6908E-03 6.9322E-04 4.2107E+04 0.0000E+003546 8454  183
 6.8053E-04 3.3346E-04 4.2108E+04 0.0000E+00 1.8926E-04 1.2491E-043546 8454  184
 4.2109E+04 0.0000E+00 3.7351E-05 3.5110E-05 4.2110E+04 0.0000E+003546 8454  185
 6.0476E-06 8.0434E-06 4.2111E+04 0.0000E+00 1.4138E-06 2.2762E-063546 8454  186
 4.2112E+04 0.0000E+00 2.3926E-07 4.4263E-07 4.2113E+04 0.0000E+003546 8454  187
 2.4558E-08 6.4832E-08 4.2114E+04 0.0000E+00 1.3458E-09 7.0093E-093546 8454  188
 4.2115E+04 0.0000E+00 4.0965E-11 4.7638E-10 4.3099E+04 0.0000E+003546 8454  189
 2.4155E-12 2.4153E-10 4.3099E+04 1.0000E+00 8.3242E-13 8.3234E-113546 8454  190
 4.3100E+04 0.0000E+00 3.7657E-10 1.7853E-08 4.3101E+04 0.0000E+003546 8454  191
 2.5892E-08 5.6677E-07 4.3102E+04 0.0000E+00 1.5067E-07 3.0963E-063546 8454  192
 4.3102E+04 1.0000E+00 4.1898E-07 8.6100E-06 4.3103E+04 0.0000E+003546 8454  193
 8.4774E-06 4.1370E-05 4.3104E+04 0.0000E+00 4.8012E-05 1.1283E-043546 8454  194
 4.3105E+04 0.0000E+00 8.8075E-06 4.4390E-05 4.3106E+04 0.0000E+003546 8454  195
 2.1801E-05 5.9952E-05 4.3107E+04 0.0000E+00 3.3258E-05 5.1217E-053546 8454  196
 4.3108E+04 0.0000E+00 3.1092E-05 3.1714E-05 4.3109E+04 0.0000E+003546 8454  197
 1.8435E-05 1.8619E-05 4.3110E+04 0.0000E+00 8.4635E-06 1.1003E-053546 8454  198
 4.3111E+04 0.0000E+00 4.0536E-06 6.3642E-06 4.3112E+04 0.0000E+003546 8454  199
 2.6668E-06 4.3735E-06 4.3113E+04 0.0000E+00 1.1091E-06 1.8522E-063546 8454  200
 4.3114E+04 0.0000E+00 2.5078E-07 4.5641E-07 4.3115E+04 0.0000E+003546 8454  201
 3.1198E-08 7.9244E-08 4.3116E+04 0.0000E+00 2.2356E-09 1.0504E-083546 8454  202
 4.3117E+04 0.0000E+00 9.6231E-11 9.4106E-10 4.3118E+04 0.0000E+003546 8454  203
 2.5617E-12 5.2999E-11 4.4099E+04 0.0000E+00 0.0000E+00 0.0000E+003546 8454  204
 4.4100E+04 0.0000E+00 8.9840E-16 8.9831E-14 4.4101E+04 0.0000E+003546 8454  205
 2.1669E-13 2.1666E-11 4.4102E+04 0.0000E+00 2.8356E-11 1.9333E-093546 8454  206
 4.4103E+04 0.0000E+00 6.1056E-10 3.8807E-08 4.4103E+04 1.0000E+003546 8454  207
 7.1953E-10 4.5734E-08 4.4104E+04 0.0000E+00 4.0923E-08 6.0894E-073546 8454  208
 4.4105E+04 0.0000E+00 1.9854E-11 1.6380E-09 4.4106E+04 0.0000E+003546 8454  209
 2.5956E-10 1.1499E-08 4.4107E+04 0.0000E+00 2.1183E-09 4.9716E-083546 8454  210
 4.4108E+04 0.0000E+00 1.0533E-08 1.2955E-07 4.4109E+04 0.0000E+003546 8454  211
 3.1952E-08 2.9289E-07 4.4110E+04 0.0000E+00 6.8915E-08 2.4603E-073546 8454  212
 4.4111E+04 0.0000E+00 9.8978E-07 1.6133E-06 4.4112E+04 0.0000E+003546 8454  213
 2.4198E-06 3.9926E-06 4.4113E+04 0.0000E+00 3.5778E-06 5.7960E-063546 8454  214
 4.4114E+04 0.0000E+00 2.8932E-06 4.6580E-06 4.4115E+04 0.0000E+003546 8454  215
 1.3133E-06 2.1276E-06 4.4116E+04 0.0000E+00 3.4611E-07 6.0569E-073546 8454  216
 4.4117E+04 0.0000E+00 5.4492E-08 1.2479E-07 4.4118E+04 0.0000E+003546 8454  217
 5.2370E-09 2.0162E-08 4.4119E+04 0.0000E+00 3.1063E-10 2.3387E-093546 8454  218
 4.4120E+04 0.0000E+00 1.1348E-11 1.7408E-10 4.5103E+04 0.0000E+003546 8454  219
 1.2596E-15 1.2595E-13 4.5103E+04 1.0000E+00 6.8854E-15 6.8847E-133546 8454  220
 4.5104E+04 0.0000E+00 2.7176E-13 2.7174E-11 4.5104E+04 1.0000E+003546 8454  221
 5.3995E-13 5.3990E-11 4.5105E+04 0.0000E+00 0.0000E+00 0.0000E+003546 8454  222
 4.5105E+04 1.0000E+00 0.0000E+00 0.0000E+00 4.5106E+04 0.0000E+003546 8454  223
 0.0000E+00 0.0000E+00 4.5107E+04 0.0000E+00 7.0854E-17 7.0847E-153546 8454  224
 4.5108E+04 0.0000E+00 1.3802E-15 1.3800E-13 4.5109E+04 0.0000E+003546 8454  225
 3.7429E-14 3.7426E-12 4.5110E+04 0.0000E+00 5.0199E-14 5.0194E-123546 8454  226
 4.5110E+04 1.0000E+00 4.2382E-13 4.2378E-11 4.5111E+04 0.0000E+003546 8454  227
 1.6785E-08 4.8844E-08 4.5112E+04 0.0000E+00 1.7587E-07 3.3592E-073546 8454  228
 4.5113E+04 0.0000E+00 9.8386E-07 1.6431E-06 4.5114E+04 0.0000E+003546 8454  229
 7.1691E-07 2.3085E-06 4.5114E+04 1.0000E+00 1.9936E-06 6.4193E-063546 8454  230
 4.5115E+04 0.0000E+00 3.9777E-06 6.2847E-06 4.5116E+04 0.0000E+003546 8454  231
 1.1303E-06 3.5490E-06 4.5116E+04 1.0000E+00 2.2456E-06 7.0513E-063546 8454  232
 4.5117E+04 0.0000E+00 1.7415E-06 2.7690E-06 4.5118E+04 0.0000E+003546 8454  233
 5.5805E-07 9.3753E-07 4.5119E+04 0.0000E+00 1.1170E-07 2.2563E-073546 8454  234
 4.5120E+04 0.0000E+00 1.3899E-08 4.2393E-08 4.5121E+04 0.0000E+003546 8454  235
 1.0612E-09 5.9303E-09 4.5122E+04 0.0000E+00 4.8572E-11 5.4106E-103546 8454  236
 4.6104E+04 0.0000E+00 0.0000E+00 0.0000E+00 4.6105E+04 0.0000E+003546 8454  237
 0.0000E+00 0.0000E+00 4.6106E+04 0.0000E+00 0.0000E+00 0.0000E+003546 8454  238
 4.6107E+04 0.0000E+00 0.0000E+00 0.0000E+00 4.6108E+04 0.0000E+003546 8454  239
 0.0000E+00 0.0000E+00 4.6109E+04 0.0000E+00 0.0000E+00 0.0000E+003546 8454  240
 4.6109E+04 1.0000E+00 0.0000E+00 0.0000E+00 4.6110E+04 0.0000E+003546 8454  241
 0.0000E+00 0.0000E+00 4.6111E+04 0.0000E+00 7.0554E-12 2.0242E-103546 8454  242
 4.6111E+04 1.0000E+00 8.3146E-12 2.3855E-10 4.6112E+04 0.0000E+003546 8454  243
 7.7728E-10 4.5160E-09 4.6113E+04 0.0000E+00 7.4175E-09 4.1241E-083546 8454  244
 4.6113E+04 1.0000E+00 1.1637E-08 6.4699E-08 4.6114E+04 0.0000E+003546 8454  245
 2.0397E-07 3.7938E-07 4.6115E+04 0.0000E+00 1.0266E-06 1.6836E-063546 8454  246
 4.6115E+04 1.0000E+00 0.0000E+00 0.0000E+00 4.6116E+04 0.0000E+003546 8454  247
 2.7057E-06 4.2750E-06 4.6117E+04 0.0000E+00 4.1200E-06 6.4272E-063546 8454  248
 4.6118E+04 0.0000E+00 3.8855E-06 6.0614E-06 4.6119E+04 0.0000E+003546 8454  249
 2.3478E-06 3.6861E-06 4.6120E+04 0.0000E+00 9.1289E-07 1.4880E-063546 8454  250
 4.6121E+04 0.0000E+00 2.2517E-07 4.1430E-07 4.6122E+04 0.0000E+003546 8454  251
 3.4364E-08 8.5222E-08 4.6123E+04 0.0000E+00 3.1461E-09 1.3271E-083546 8454  252
 4.6124E+04 0.0000E+00 1.6806E-10 1.3914E-09 4.7109E+04 0.0000E+003546 8454  253
 0.0000E+00 0.0000E+00 4.7109E+04 1.0000E+00 0.0000E+00 0.0000E+003546 8454  254
 4.7111E+04 0.0000E+00 1.2422E-16 1.2420E-14 4.7111E+04 1.0000E+003546 8454  255
 5.4654E-16 5.4649E-14 4.7112E+04 0.0000E+00 1.7265E-13 5.6630E-123546 8454  256
 4.7113E+04 0.0000E+00 3.7230E-12 9.8399E-11 4.7113E+04 1.0000E+003546 8454  257
 1.6381E-11 4.3294E-10 4.7114E+04 0.0000E+00 4.3738E-10 4.9643E-093546 8454  258
 4.7114E+04 1.0000E+00 4.9915E-10 5.6654E-09 4.7115E+04 0.0000E+003546 8454  259
 3.4299E-09 1.9482E-08 4.7115E+04 1.0000E+00 1.5091E-08 8.5718E-083546 8454  260
 4.7116E+04 0.0000E+00 6.8815E-08 2.6081E-07 4.7116E+04 1.0000E+003546 8454  261
 1.0292E-07 3.9007E-07 4.7117E+04 0.0000E+00 1.5313E-07 5.0073E-073546 8454  262
 4.7117E+04 1.0000E+00 6.7374E-07 2.2031E-06 4.7118E+04 0.0000E+003546 8454  263
 1.2149E-06 3.8148E-06 4.7118E+04 1.0000E+00 1.0515E-06 3.3016E-063546 8454  264
 4.7119E+04 0.0000E+00 3.8075E-06 5.9397E-06 4.7119E+04 1.0000E+003546 8454  265
 0.0000E+00 0.0000E+00 4.7120E+04 0.0000E+00 2.2072E-06 6.8866E-063546 8454  266
 4.7120E+04 1.0000E+00 1.9103E-06 5.9601E-06 4.7121E+04 0.0000E+003546 8454  267
 2.9228E-06 4.6181E-06 4.7122E+04 0.0000E+00 8.8970E-07 2.9004E-063546 8454  268
 4.7122E+04 1.0000E+00 4.6085E-07 1.5024E-06 4.7123E+04 0.0000E+003546 8454  269
 3.9503E-07 6.9526E-07 4.7124E+04 0.0000E+00 7.1093E-08 1.5356E-073546 8454  270
 4.7125E+04 0.0000E+00 8.2804E-09 2.7804E-08 4.7126E+04 0.0000E+003546 8454  271
 3.2955E-13 1.7871E-11 4.8111E+04 0.0000E+00 0.0000E+00 0.0000E+003546 8454  272
 4.8112E+04 0.0000E+00 0.0000E+00 0.0000E+00 4.8113E+04 0.0000E+003546 8454  273
 3.2357E-16 3.2354E-14 4.8113E+04 1.0000E+00 6.9117E-16 6.9110E-143546 8454  274
 4.8114E+04 0.0000E+00 2.1648E-13 6.9382E-12 4.8115E+04 0.0000E+003546 8454  275
 5.7771E-12 1.5950E-10 4.8115E+04 1.0000E+00 1.2340E-11 3.4072E-103546 8454  276
 4.8116E+04 0.0000E+00 6.5418E-10 4.1148E-09 4.8117E+04 0.0000E+003546 8454  277
 3.5920E-09 2.3061E-08 4.8117E+04 1.0000E+00 7.6729E-09 4.9260E-083546 8454  278
 4.8118E+04 0.0000E+00 1.0140E-07 2.0787E-07 4.8119E+04 0.0000E+003546 8454  279
 1.6447E-07 5.5425E-07 4.8119E+04 1.0000E+00 3.5131E-07 1.1839E-063546 8454  280
 4.8120E+04 0.0000E+00 1.5791E-06 2.5266E-06 4.8121E+04 0.0000E+003546 8454  281
 9.7359E-07 3.0766E-06 4.8121E+04 1.0000E+00 2.0797E-06 6.5718E-063546 8454  282
 4.8122E+04 0.0000E+00 3.8464E-06 6.1157E-06 4.8123E+04 0.0000E+003546 8454  283
 1.2417E-06 4.0106E-06 4.8123E+04 1.0000E+00 1.9479E-06 6.2918E-063546 8454  284
 4.8124E+04 0.0000E+00 1.7352E-06 2.8805E-06 4.8125E+04 0.0000E+003546 8454  285
 2.5585E-07 8.6989E-07 4.8125E+04 1.0000E+00 4.0138E-07 1.3647E-063546 8454  286
 4.8126E+04 0.0000E+00 4.7425E-08 1.7120E-07 4.8127E+04 0.0000E+003546 8454  287
 2.9408E-08 1.6880E-07 4.8128E+04 0.0000E+00 1.6136E-08 1.5797E-073546 8454  288
 4.8129E+04 0.0000E+00 5.6697E-09 5.6691E-07 4.8130E+04 0.0000E+003546 8454  289
 1.1620E-09 3.5802E-08 4.8131E+04 0.0000E+00 1.3447E-10 7.5315E-093546 8454  290
 4.8132E+04 0.0000E+00 2.9626E-07 2.7226E-06 4.9113E+04 0.0000E+003546 8454  291
 0.0000E+00 0.0000E+00 4.9115E+04 0.0000E+00 6.2925E-16 6.2919E-143546 8454  292
 4.9115E+04 1.0000E+00 2.1685E-16 2.1683E-14 4.9116E+04 1.0000E+003546 8454  293
 6.4196E-14 6.4190E-12 4.9117E+04 0.0000E+00 6.0783E-12 1.9980E-103546 8454  294
 4.9117E+04 1.0000E+00 2.0947E-12 6.8852E-11 4.9118E+04 0.0000E+003546 8454  295
 6.8457E-11 1.6060E-09 4.9118E+04 1.0000E+00 1.3601E-10 3.1908E-093546 8454  296
 4.9118E+04 2.0000E+00 5.9247E-11 1.3899E-09 4.9119E+04 0.0000E+003546 8454  297
 3.3732E-09 2.6884E-08 4.9119E+04 1.0000E+00 1.1624E-09 9.2646E-093546 8454  298
 4.9120E+04 0.0000E+00 1.1509E-08 8.2057E-08 4.9120E+04 1.0000E+003546 8454  299
 2.2866E-08 1.6303E-07 4.9120E+04 2.0000E+00 9.9603E-09 7.1017E-083546 8454  300
 4.9121E+04 0.0000E+00 1.9229E-07 6.9608E-07 4.9121E+04 1.0000E+003546 8454  301
 6.6265E-08 2.3988E-07 4.9122E+04 0.0000E+00 2.4215E-07 1.2010E-063546 8454  302
 4.9122E+04 1.0000E+00 4.8110E-07 2.3863E-06 4.9122E+04 2.0000E+003546 8454  303
 2.0957E-07 1.0395E-06 4.9123E+04 0.0000E+00 1.5922E-06 5.1905E-063546 8454  304
 4.9123E+04 1.0000E+00 5.4868E-07 1.7887E-06 4.9124E+04 0.0000E+003546 8454  305
 1.0991E-06 3.5941E-06 4.9124E+04 1.0000E+00 2.1219E-06 6.9387E-063546 8454  306
 4.9125E+04 0.0000E+00 2.6138E-06 8.4426E-06 4.9125E+04 1.0000E+003546 8454  307
 9.0075E-07 2.9094E-06 4.9126E+04 0.0000E+00 1.9703E-06 5.6351E-063546 8454  308
 4.9126E+04 1.0000E+00 3.8039E-06 1.0879E-05 4.9127E+04 0.0000E+003546 8454  309
 9.3118E-06 2.0672E-05 4.9127E+04 1.0000E+00 3.2090E-06 7.1239E-063546 8454  310
 4.9128E+04 0.0000E+00 1.7542E-05 3.4030E-05 4.9128E+04 1.0000E+003546 8454  311
 9.0861E-06 1.7627E-05 4.9129E+04 0.0000E+00 2.9523E-05 2.9520E-033546 8454  312
 4.9129E+04 1.0000E+00 1.0174E-05 1.0173E-03 4.9130E+04 0.0000E+003546 8454  313
 1.2798E-05 7.4997E-05 4.9130E+04 1.0000E+00 1.9141E-05 1.1216E-043546 8454  314
 4.9130E+04 2.0000E+00 5.3611E-06 3.1416E-05 4.9131E+04 0.0000E+003546 8454  315
 1.3624E-05 1.4074E-04 4.9131E+04 1.0000E+00 4.6951E-06 4.8500E-053546 8454  316
 4.9131E+04 2.0000E+00 2.7869E-06 2.8788E-05 4.9132E+04 0.0000E+003546 8454  317
 1.2542E-04 1.8813E-04 4.9133E+04 0.0000E+00 3.1329E-05 9.7704E-053546 8454  318
 4.9134E+04 0.0000E+00 2.6425E-06 1.7808E-05 4.9135E+04 0.0000E+003546 8454  319
 1.3659E-07 2.0406E-06 5.0115E+04 0.0000E+00 0.0000E+00 0.0000E+003546 8454  320
 5.0116E+04 0.0000E+00 0.0000E+00 0.0000E+00 5.0117E+04 0.0000E+003546 8454  321
 7.9858E-17 7.9850E-15 5.0117E+04 1.0000E+00 2.0110E-16 2.0108E-143546 8454  322
 5.0118E+04 0.0000E+00 3.3760E-14 1.5256E-12 5.0119E+04 0.0000E+003546 8454  323
 5.8882E-13 2.5366E-11 5.0119E+04 1.0000E+00 1.4828E-12 6.3878E-113546 8454  324
 5.0120E+04 0.0000E+00 6.9656E-11 7.2930E-10 5.0121E+04 0.0000E+003546 8454  325
 5.2627E-10 5.5521E-09 5.0121E+04 1.0000E+00 8.2560E-10 8.7101E-093546 8454  326
 5.0122E+04 0.0000E+00 1.5699E-08 4.5999E-08 5.0123E+04 0.0000E+003546 8454  327
 6.8300E-08 2.7593E-07 5.0123E+04 1.0000E+00 4.3536E-08 1.7589E-073546 8454  328
 5.0124E+04 0.0000E+00 5.0279E-07 8.7485E-07 5.0125E+04 0.0000E+003546 8454  329
 9.7170E-07 3.1872E-06 5.0125E+04 1.0000E+00 6.1939E-07 2.0316E-063546 8454  330
 5.0126E+04 0.0000E+00 4.1011E-06 5.9467E-06 5.0127E+04 0.0000E+003546 8454  331
 1.2667E-05 2.6980E-05 5.0127E+04 1.0000E+00 8.0742E-06 1.7198E-053546 8454  332
 5.0128E+04 0.0000E+00 4.3606E-05 6.4974E-05 5.0128E+04 1.0000E+003546 8454  333
 6.5218E-05 9.7175E-05 5.0129E+04 0.0000E+00 1.7358E-04 1.8573E-043546 8454  334
 5.0129E+04 1.0000E+00 2.7232E-04 2.9138E-04 5.0130E+04 0.0000E+003546 8454  335
 5.3228E-04 5.3223E-02 5.0130E+04 1.0000E+00 7.9608E-04 7.9600E-023546 8454  336
 5.0131E+04 0.0000E+00 1.0768E-03 1.0767E-01 5.0131E+04 1.0000E+003546 8454  337
 1.6893E-03 1.6892E-01 5.0132E+04 0.0000E+00 4.7781E-03 1.7679E-033546 8454  338
 5.0133E+04 0.0000E+00 3.1457E-03 1.7616E-03 5.0134E+04 0.0000E+003546 8454  339
 1.3904E-03 1.5016E-03 5.0135E+04 0.0000E+00 2.2846E-04 5.2089E-043546 8454  340
 5.0136E+04 0.0000E+00 2.2493E-05 1.1223E-04 5.0137E+04 0.0000E+003546 8454  341
 8.3722E-07 9.3264E-06 5.1121E+04 0.0000E+00 3.5789E-13 1.0597E-113546 8454  342
 5.1122E+04 0.0000E+00 8.4627E-12 2.4398E-10 5.1122E+04 1.0000E+003546 8454  343
 5.7976E-12 1.6714E-10 5.1123E+04 0.0000E+00 3.4433E-10 2.4482E-093546 8454  344
 5.1124E+04 0.0000E+00 1.9466E-09 2.1685E-08 5.1124E+04 1.0000E+003546 8454  345
 2.2215E-09 2.4747E-08 5.1124E+04 2.0000E+00 1.0083E-09 1.1232E-083546 8454  346
 5.1125E+04 0.0000E+00 5.3738E-08 1.2199E-07 5.1126E+04 0.0000E+003546 8454  347
 2.0089E-09 3.1881E-08 5.1126E+04 1.0000E+00 6.4158E-09 1.0182E-073546 8454  348
 5.1126E+04 2.0000E+00 3.8783E-09 6.1548E-08 5.1127E+04 0.0000E+003546 8454  349
 2.1447E-07 6.8203E-07 5.1128E+04 0.0000E+00 2.5887E-06 9.8370E-063546 8454  350
 5.1128E+04 1.0000E+00 1.0844E-06 4.1207E-06 5.1129E+04 0.0000E+003546 8454  351
 2.9338E-05 6.7185E-05 5.1129E+04 1.0000E+00 1.6172E-05 3.7033E-053546 8454  352
 5.1130E+04 0.0000E+00 2.6615E-04 3.7793E-04 5.1130E+04 1.0000E+003546 8454  353
 1.1149E-04 1.5832E-04 5.1131E+04 0.0000E+00 2.0682E-03 9.5139E-043546 8454  354
 5.1132E+04 0.0000E+00 3.9781E-03 3.9777E-01 5.1132E+04 1.0000E+003546 8454  355
 1.6665E-03 1.6663E-01 5.1133E+04 0.0000E+00 1.4486E-02 3.4766E-033546 8454  356
 5.1134E+04 0.0000E+00 6.1046E-03 3.3575E-03 5.1134E+04 1.0000E+003546 8454  357
 9.1301E-03 5.0216E-03 5.1135E+04 0.0000E+00 1.1918E-02 5.0055E-033546 8454  358
 5.1136E+04 0.0000E+00 3.4441E-03 2.7553E-03 5.1137E+04 0.0000E+003546 8454  359
 7.3870E-04 1.2336E-03 5.1138E+04 0.0000E+00 5.7156E-05 2.0855E-043546 8454  360
 5.1139E+04 0.0000E+00 2.7610E-06 2.2529E-05 5.2122E+04 0.0000E+003546 8454  361
 6.1725E-16 5.2275E-14 5.2124E+04 0.0000E+00 2.7919E-12 5.4581E-113546 8454  362
 5.2125E+04 0.0000E+00 2.9290E-11 5.4685E-10 5.2125E+04 1.0000E+003546 8454  363
 7.3760E-11 1.3771E-09 5.2126E+04 0.0000E+00 2.6693E-14 2.2339E-123546 8454  364
 5.2127E+04 0.0000E+00 7.6264E-13 7.4655E-11 5.2127E+04 1.0000E+003546 8454  365
 1.1964E-12 1.1712E-10 5.2128E+04 0.0000E+00 1.4466E-10 4.0779E-093546 8454  366
 5.2129E+04 0.0000E+00 3.0576E-09 9.7781E-08 5.2129E+04 1.0000E+003546 8454  367
 4.7967E-09 1.5340E-07 5.2130E+04 0.0000E+00 2.8585E-07 2.5555E-063546 8454  368
 5.2131E+04 0.0000E+00 2.3813E-06 2.3551E-05 5.2131E+04 1.0000E+003546 8454  369
 4.3202E-06 4.2727E-05 5.2132E+04 0.0000E+00 9.3909E-04 9.3900E-023546 8454  370
 5.2133E+04 0.0000E+00 2.0468E-03 2.0466E-01 5.2133E+04 1.0000E+003546 8454  371
 3.2111E-03 3.2108E-01 5.2134E+04 0.0000E+00 2.1549E-02 2.1547E+003546 8454  372
 5.2135E+04 0.0000E+00 3.7626E-02 7.9015E-03 5.2136E+04 0.0000E+003546 8454  373
 4.6944E-02 1.0797E-02 5.2137E+04 0.0000E+00 2.6826E-02 8.8527E-033546 8454  374
 5.2138E+04 0.0000E+00 1.1063E-02 6.5269E-03 5.2139E+04 0.0000E+003546 8454  375
 1.7470E-03 2.1138E-03 5.2140E+04 0.0000E+00 2.0792E-04 5.4462E-043546 8454  376
 5.2141E+04 0.0000E+00 1.2516E-05 7.3465E-05 5.2142E+04 0.0000E+003546 8454  377
 5.1734E-07 6.9479E-06 5.3127E+04 0.0000E+00 0.0000E+00 0.0000E+003546 8454  378
 5.3129E+04 0.0000E+00 7.5278E-16 7.5271E-14 5.3130E+04 0.0000E+003546 8454  379
 8.0550E-14 8.0542E-12 5.3130E+04 1.0000E+00 5.3858E-14 5.3852E-123546 8454  380
 5.3131E+04 0.0000E+00 1.5869E-11 1.2854E-09 5.3132E+04 0.0000E+003546 8454  381
 1.8207E-06 1.6113E-05 5.3132E+04 1.0000E+00 2.0778E-06 1.8389E-053546 8454  382
 5.3133E+04 0.0000E+00 7.0366E-05 3.1102E-04 5.3133E+04 1.0000E+003546 8454  383
 2.3678E-05 1.0466E-04 5.3134E+04 0.0000E+00 6.4529E-04 1.4325E-033546 8454  384
 5.3134E+04 1.0000E+00 2.7032E-04 6.0010E-04 5.3135E+04 0.0000E+003546 8454  385
 6.6304E-03 3.8456E-03 5.3136E+04 0.0000E+00 8.6478E-03 5.7075E-033546 8454  386
 5.3136E+04 1.0000E+00 9.8691E-03 6.5136E-03 5.3137E+04 0.0000E+003546 8454  387
 4.2477E-02 9.7697E-03 5.3138E+04 0.0000E+00 4.1136E-02 8.2271E-033546 8454  388
 5.3139E+04 0.0000E+00 3.0178E-02 8.1480E-03 5.3140E+04 0.0000E+003546 8454  389
 1.0418E-02 4.5839E-03 5.3141E+04 0.0000E+00 3.6502E-03 3.1392E-033546 8454  390
 5.3142E+04 0.0000E+00 5.3808E-04 9.9544E-04 5.3143E+04 0.0000E+003546 8454  391
 5.2277E-05 2.1744E-04 5.3144E+04 0.0000E+00 1.6831E-06 1.6123E-053546 8454  392
 5.4130E+04 0.0000E+00 0.0000E+00 0.0000E+00 5.4131E+04 0.0000E+003546 8454  393
 0.0000E+00 0.0000E+00 5.4131E+04 1.0000E+00 0.0000E+00 0.0000E+003546 8454  394
 5.4132E+04 0.0000E+00 1.2739E-09 3.5785E-08 5.4133E+04 0.0000E+003546 8454  395
 2.9929E-08 8.3982E-07 5.4133E+04 1.0000E+00 4.6953E-08 1.3175E-063546 8454  396
 5.4134E+04 0.0000E+00 1.3838E-06 1.9111E-05 5.4134E+04 1.0000E+003546 8454  397
 2.0697E-06 2.8582E-05 5.4135E+04 0.0000E+00 2.5240E-05 1.7012E-043546 8454  398
 5.4135E+04 1.0000E+00 3.9596E-05 2.6688E-04 5.4136E+04 0.0000E+003546 8454  399
 8.3388E-04 1.3676E-03 5.4137E+04 0.0000E+00 4.7409E-03 3.8875E-033546 8454  400
 5.4138E+04 0.0000E+00 1.9546E-02 8.6003E-03 5.4139E+04 0.0000E+003546 8454  401
 3.3036E-02 8.9197E-03 5.4140E+04 0.0000E+00 4.8262E-02 1.0135E-023546 8454  402
 5.4141E+04 0.0000E+00 4.3243E-02 9.9458E-03 5.4142E+04 0.0000E+003546 8454  403
 3.3030E-02 1.0900E-02 5.4143E+04 0.0000E+00 1.0490E-02 6.5040E-033546 8454  404
 5.4144E+04 0.0000E+00 2.2202E-03 2.8863E-03 5.4145E+04 0.0000E+003546 8454  405
 1.7026E-04 4.9707E-04 5.4146E+04 0.0000E+00 7.4147E-06 5.0196E-053546 8454  406
 5.4147E+04 0.0000E+00 1.1627E-07 1.8661E-06 5.5133E+04 0.0000E+003546 8454  407
 1.8881E-12 1.7223E-10 5.5134E+04 0.0000E+00 1.6922E-10 1.5350E-083546 8454  408
 5.5134E+04 1.0000E+00 4.4877E-11 4.0708E-09 5.5135E+04 0.0000E+003546 8454  409
 1.4086E-08 6.2695E-07 5.5135E+04 1.0000E+00 4.7397E-09 2.1096E-073546 8454  410
 5.5136E+04 0.0000E+00 4.9144E-07 1.0620E-05 5.5136E+04 1.0000E+003546 8454  411
 1.5387E-07 3.3252E-06 5.5137E+04 0.0000E+00 1.7739E-05 9.2421E-053546 8454  412
 5.5138E+04 0.0000E+00 1.0472E-04 5.2571E-04 5.5138E+04 1.0000E+003546 8454  413
 9.0634E-05 4.5498E-04 5.5139E+04 0.0000E+00 1.5400E-03 1.8788E-033546 8454  414
 5.5140E+04 0.0000E+00 5.5694E-03 3.4530E-03 5.5141E+04 0.0000E+003546 8454  415
 2.1195E-02 7.2062E-03 5.5142E+04 0.0000E+00 3.7956E-02 8.7298E-033546 8454  416
 5.5143E+04 0.0000E+00 5.3824E-02 1.0765E-02 5.5144E+04 0.0000E+003546 8454  417
 3.1814E-02 8.5898E-03 5.5144E+04 1.0000E+00 0.0000E+00 0.0000E+003546 8454  418
 5.5145E+04 0.0000E+00 1.4069E-02 6.3311E-03 5.5146E+04 0.0000E+003546 8454  419
 2.2421E-03 2.0403E-03 5.5147E+04 0.0000E+00 2.5868E-04 5.2771E-043546 8454  420
 5.5148E+04 0.0000E+00 9.4435E-06 4.4758E-05 5.5149E+04 0.0000E+003546 8454  421
 1.6838E-07 1.9145E-06 5.5150E+04 0.0000E+00 8.4326E-10 2.3434E-083546 8454  422
 5.5151E+04 0.0000E+00 2.5653E-12 1.7731E-10 5.6134E+04 0.0000E+003546 8454  423
 8.5138E-16 8.5129E-14 5.6135E+04 0.0000E+00 5.4600E-14 5.4594E-123546 8454  424
 5.6135E+04 1.0000E+00 1.3749E-13 1.3748E-11 5.6136E+04 0.0000E+003546 8454  425
 1.2580E-11 1.2579E-09 5.6136E+04 1.0000E+00 1.8815E-11 1.8813E-093546 8454  426
 5.6137E+04 0.0000E+00 6.6969E-10 4.7789E-08 5.6137E+04 1.0000E+003546 8454  427
 1.6864E-09 1.2034E-07 5.6138E+04 0.0000E+00 1.3014E-07 2.2423E-063546 8454  428
 5.6139E+04 0.0000E+00 2.9036E-06 2.3984E-05 5.6140E+04 0.0000E+003546 8454  429
 5.3478E-05 2.1071E-04 5.6141E+04 0.0000E+00 5.6686E-04 1.0657E-033546 8454  430
 5.6142E+04 0.0000E+00 4.8788E-03 4.4397E-03 5.6143E+04 0.0000E+003546 8454  431
 1.7516E-02 8.2324E-03 5.6144E+04 0.0000E+00 4.5380E-02 1.2706E-023546 8454  432
 5.6145E+04 0.0000E+00 5.0127E-02 1.0527E-02 5.6146E+04 0.0000E+003546 8454  433
 3.9612E-02 9.1108E-03 5.6147E+04 0.0000E+00 1.4606E-02 5.1121E-033546 8454  434
 5.6148E+04 0.0000E+00 3.5581E-03 2.3483E-03 5.6149E+04 0.0000E+003546 8454  435
 2.6862E-04 3.8144E-04 5.6150E+04 0.0000E+00 1.1426E-05 3.7706E-053546 8454  436
 5.6151E+04 0.0000E+00 1.8072E-07 1.4403E-06 5.6152E+04 0.0000E+003546 8454  437
 1.4533E-09 2.8573E-08 5.6153E+04 0.0000E+00 3.1616E-12 1.5593E-103546 8454  438
 5.7138E+04 0.0000E+00 1.0368E-12 1.0367E-10 5.7139E+04 0.0000E+003546 8454  439
 1.1522E-10 6.7438E-09 5.7140E+04 0.0000E+00 6.0386E-09 1.6999E-073546 8454  440
 5.7141E+04 0.0000E+00 3.3424E-07 4.4889E-06 5.7142E+04 0.0000E+003546 8454  441
 8.4610E-06 5.3727E-05 5.7143E+04 0.0000E+00 1.5989E-04 4.7809E-043546 8454  442
 5.7144E+04 0.0000E+00 1.1801E-03 1.6639E-03 5.7145E+04 0.0000E+003546 8454  443
 6.3234E-03 4.3632E-03 5.7146E+04 0.0000E+00 5.9415E-03 4.3967E-033546 8454  444
 5.7146E+04 1.0000E+00 6.7807E-03 5.0177E-03 5.7147E+04 0.0000E+003546 8454  445
 2.1114E-02 5.2784E-03 5.7148E+04 0.0000E+00 1.3778E-02 3.3066E-033546 8454  446
 5.7149E+04 0.0000E+00 5.7687E-03 1.8460E-03 5.7150E+04 0.0000E+003546 8454  447
 8.9500E-04 4.6540E-04 5.7151E+04 0.0000E+00 1.0790E-04 1.1113E-043546 8454  448
 5.7152E+04 0.0000E+00 4.1664E-06 9.6243E-06 5.7153E+04 0.0000E+003546 8454  449
 8.6584E-08 4.7794E-07 5.7154E+04 0.0000E+00 4.9942E-10 6.8071E-093546 8454  450
 5.7155E+04 0.0000E+00 1.4736E-12 5.0471E-11 5.8140E+04 0.0000E+003546 8454  451
 3.4014E-14 3.4010E-12 5.8141E+04 0.0000E+00 5.4177E-12 5.3311E-103546 8454  452
 5.8142E+04 0.0000E+00 7.3185E-10 3.4470E-08 5.8143E+04 0.0000E+003546 8454  453
 4.2267E-08 9.4297E-07 5.8144E+04 0.0000E+00 1.7505E-06 1.8310E-053546 8454  454
 5.8145E+04 0.0000E+00 2.9553E-05 1.4363E-04 5.8146E+04 0.0000E+003546 8454  455
 3.3215E-04 7.4733E-04 5.8147E+04 0.0000E+00 1.6403E-03 1.7387E-033546 8454  456
 5.8148E+04 0.0000E+00 5.3450E-03 2.8863E-03 5.8149E+04 0.0000E+003546 8454  457
 5.8956E-03 2.0635E-03 5.8150E+04 0.0000E+00 4.4186E-03 1.4140E-033546 8454  458
 5.8151E+04 0.0000E+00 1.6104E-03 6.2805E-04 5.8152E+04 0.0000E+003546 8454  459
 4.0180E-04 2.2501E-04 5.8153E+04 0.0000E+00 3.5599E-05 3.2039E-053546 8454  460
 5.8154E+04 0.0000E+00 1.8078E-06 3.1456E-06 5.8155E+04 0.0000E+003546 8454  461
 2.9176E-08 1.1291E-07 5.8156E+04 0.0000E+00 2.4390E-10 2.2610E-093546 8454  462
 5.8157E+04 0.0000E+00 7.1385E-13 1.6454E-11 5.9141E+04 0.0000E+003546 8454  463
 0.0000E+00 0.0000E+00 5.9143E+04 0.0000E+00 1.6623E-13 1.6621E-113546 8454  464
 5.9144E+04 0.0000E+00 2.9807E-12 2.9804E-10 5.9144E+04 1.0000E+003546 8454  465
 1.7953E-11 1.7951E-09 5.9145E+04 0.0000E+00 1.9999E-09 7.5558E-083546 8454  466
 5.9146E+04 0.0000E+00 7.2952E-08 1.2796E-06 5.9147E+04 0.0000E+003546 8454  467
 2.1433E-06 1.7275E-05 5.9148E+04 0.0000E+00 6.1251E-06 4.4958E-053546 8454  468
 5.9148E+04 1.0000E+00 1.7033E-05 1.2502E-04 5.9149E+04 0.0000E+003546 8454  469
 1.4786E-04 2.4840E-04 5.9150E+04 0.0000E+00 3.3436E-04 2.7417E-043546 8454  470
 5.9151E+04 0.0000E+00 6.0963E-04 3.1091E-04 5.9152E+04 0.0000E+003546 8454  471
 4.0954E-04 2.0477E-04 5.9153E+04 0.0000E+00 1.8827E-04 1.1861E-043546 8454  472
 5.9154E+04 0.0000E+00 3.2443E-05 2.8225E-05 5.9155E+04 0.0000E+003546 8454  473
 3.8432E-06 4.9193E-06 5.9156E+04 0.0000E+00 1.5389E-07 3.0933E-073546 8454  474
 5.9157E+04 0.0000E+00 4.3923E-09 1.5637E-08 5.9158E+04 0.0000E+003546 8454  475
 3.6871E-11 2.6436E-10 5.9159E+04 0.0000E+00 1.3536E-13 2.1874E-123546 8454  476
 6.0143E+04 0.0000E+00 0.0000E+00 0.0000E+00 6.0144E+04 0.0000E+003546 8454  477
 0.0000E+00 0.0000E+00 6.0145E+04 0.0000E+00 2.8609E-15 2.8606E-133546 8454  478
 6.0146E+04 0.0000E+00 5.9804E-13 5.9798E-11 6.0147E+04 0.0000E+003546 8454  479
 5.8350E-11 3.7957E-09 6.0148E+04 0.0000E+00 3.9038E-09 1.1668E-073546 8454  480
 6.0149E+04 0.0000E+00 8.8436E-08 1.2001E-06 6.0150E+04 0.0000E+003546 8454  481
 1.2929E-06 7.8865E-06 6.0151E+04 0.0000E+00 8.3697E-06 2.2933E-053546 8454  482
 6.0152E+04 0.0000E+00 3.3991E-05 4.4188E-05 6.0153E+04 0.0000E+003546 8454  483
 4.7963E-05 3.9809E-05 6.0154E+04 0.0000E+00 4.1976E-05 3.7359E-053546 8454  484
 6.0155E+04 0.0000E+00 1.4117E-05 1.7082E-05 6.0156E+04 0.0000E+003546 8454  485
 3.2615E-06 5.7402E-06 6.0157E+04 0.0000E+00 3.6175E-07 9.6226E-073546 8454  486
 6.0158E+04 0.0000E+00 2.5531E-08 1.0621E-07 6.0159E+04 0.0000E+003546 8454  487
 5.1008E-10 3.4584E-09 6.0160E+04 0.0000E+00 3.4654E-12 4.0961E-113546 8454  488
 6.1147E+04 0.0000E+00 1.6547E-17 1.6545E-15 6.1149E+04 0.0000E+003546 8454  489
 5.0621E-13 5.0616E-11 6.1150E+04 0.0000E+00 2.6452E-11 1.3705E-093546 8454  490
 6.1151E+04 0.0000E+00 1.1395E-09 2.6538E-08 6.1152E+04 0.0000E+003546 8454  491
 4.4958E-09 1.3973E-07 6.1152E+04 1.0000E+00 1.2502E-08 3.8855E-073546 8454  492
 6.1152E+04 2.0000E+00 5.3250E-10 1.6550E-08 6.1153E+04 0.0000E+003546 8454  493
 1.6833E-07 7.7601E-07 6.1154E+04 0.0000E+00 7.6508E-08 3.3358E-073546 8454  494
 6.1154E+04 1.0000E+00 4.6083E-07 2.0092E-06 6.1155E+04 0.0000E+003546 8454  495
 1.0873E-06 1.6200E-06 6.1156E+04 0.0000E+00 7.5234E-07 1.3542E-063546 8454  496
 6.1157E+04 0.0000E+00 4.2137E-07 1.1166E-06 6.1158E+04 0.0000E+003546 8454  497
 8.8599E-08 3.6414E-07 6.1159E+04 0.0000E+00 1.1283E-08 7.4580E-083546 8454  498
 6.1160E+04 0.0000E+00 4.8602E-10 5.3365E-09 6.1161E+04 0.0000E+003546 8454  499
 9.3416E-12 1.7600E-10 6.2147E+04 0.0000E+00 0.0000E+00 0.0000E+003546 8454  500
 6.2149E+04 0.0000E+00 0.0000E+00 0.0000E+00 6.2150E+04 0.0000E+003546 8454  501
 1.4979E-17 1.4977E-15 6.2151E+04 0.0000E+00 2.3270E-15 2.3268E-133546 8454  502
 6.2152E+04 0.0000E+00 2.4239E-13 2.2225E-11 6.2153E+04 0.0000E+003546 8454  503
 3.5466E-12 2.9051E-10 6.2153E+04 1.0000E+00 5.5640E-12 4.5574E-103546 8454  504
 6.2154E+04 0.0000E+00 2.1023E-10 3.8115E-09 6.2155E+04 0.0000E+003546 8454  505
 1.7284E-09 1.3896E-08 6.2156E+04 0.0000E+00 8.5619E-09 3.3306E-083546 8454  506
 6.2157E+04 0.0000E+00 1.7918E-08 5.4650E-08 6.2158E+04 0.0000E+003546 8454  507
 2.2630E-08 9.4366E-08 6.2159E+04 0.0000E+00 8.6035E-09 5.6955E-083546 8454  508
 6.2160E+04 0.0000E+00 2.1505E-09 2.3591E-08 6.2161E+04 0.0000E+003546 8454  509
 2.6767E-10 5.0294E-09 6.2162E+04 0.0000E+00 2.3693E-11 7.8730E-103546 8454  510
 6.2163E+04 0.0000E+00 3.5495E-13 2.1535E-11 6.3151E+04 0.0000E+003546 8454  511
 0.0000E+00 0.0000E+00 6.3153E+04 0.0000E+00 0.0000E+00 0.0000E+003546 8454  512
 6.3155E+04 0.0000E+00 1.6300E-14 1.2152E-12 6.3156E+04 0.0000E+003546 8454  513
 3.3340E-13 1.1005E-11 6.3157E+04 0.0000E+00 5.2792E-12 7.7658E-113546 8454  514
 6.3158E+04 0.0000E+00 2.8080E-11 2.1145E-10 6.3159E+04 0.0000E+003546 8454  515
 7.8095E-11 5.5916E-10 6.3160E+04 0.0000E+00 5.8921E-11 6.5108E-103546 8454  516
 6.3161E+04 0.0000E+00 3.6355E-11 6.8348E-10 6.3162E+04 0.0000E+003546 8454  517
 8.2998E-12 2.7580E-10 6.3163E+04 0.0000E+00 2.4562E-12 1.4894E-103546 8454  518
 6.3164E+04 0.0000E+00 1.0585E-13 1.0584E-11 6.4155E+04 0.0000E+003546 8454  519
 0.0000E+00 0.0000E+00 6.4156E+04 0.0000E+00 0.0000E+00 0.0000E+003546 8454  520
 6.4157E+04 0.0000E+00 1.5726E-17 1.5724E-15 6.4158E+04 0.0000E+003546 8454  521
 6.4561E-16 4.0589E-14 6.4159E+04 0.0000E+00 7.9579E-15 2.2537E-133546 8454  522
 6.4160E+04 0.0000E+00 2.7680E-14 5.1319E-13 6.4161E+04 0.0000E+003546 8454  523
 2.8655E-14 6.1322E-13 6.4162E+04 0.0000E+00 5.2497E-14 1.7755E-123546 8454  524
 6.4163E+04 0.0000E+00 7.7126E-14 4.6838E-12 6.4164E+04 0.0000E+003546 8454  525
 1.2321E-13 1.2320E-11 6.5159E+04 0.0000E+00 0.0000E+00 0.0000E+003546 8454  526
 6.5161E+04 0.0000E+00 0.0000E+00 0.0000E+00 6.5162E+04 0.0000E+003546 8454  527
 0.0000E+00 0.0000E+00 6.5163E+04 0.0000E+00 0.0000E+00 0.0000E+003546 8454  528
 6.5164E+04 0.0000E+00 0.0000E+00 0.0000E+00 6.6161E+04 0.0000E+003546 8454  529
 0.0000E+00 0.0000E+00 6.6162E+04 0.0000E+00 0.0000E+00 0.0000E+003546 8454  530
 6.6163E+04 0.0000E+00 0.0000E+00 0.0000E+00 6.6164E+04 0.0000E+003546 8454  531
 0.0000E+00 0.0000E+00 0.0000E+00 0.0000E+00 0.0000E+00 0.0000E+003546 8454  532
 0.0000E+00 0.0000E+00          0          0          0          03546 8  099999
 9.2238E+04 2.3601E+02          1          0          0          03546 8459    1
 0.0000E+00 0.0000E+00          0          0       3176        7943546 8459    2
 2.8072E+04 0.0000E+00 6.5487E-14 6.5480E-12 2.8073E+04 0.0000E+003546 8459    3
 7.4289E-14 5.6601E-12 2.8074E+04 0.0000E+00 6.1280E-14 2.5480E-123546 8459    4
 2.9072E+04 0.0000E+00 8.8029E-14 8.8020E-12 2.9073E+04 0.0000E+003546 8459    5
 1.1144E-12 8.4859E-11 2.9074E+04 0.0000E+00 5.1390E-12 2.1194E-103546 8459    6
 2.9075E+04 0.0000E+00 2.4049E-11 5.5433E-10 2.9076E+04 0.0000E+003546 8459    7
 4.0005E-11 5.3367E-10 2.9077E+04 0.0000E+00 9.8667E-11 8.0908E-103546 8459    8
 2.9078E+04 0.0000E+00 4.2411E-11 2.9264E-10 2.9079E+04 0.0000E+003546 8459    9
 1.0488E-11 1.2187E-10 2.9080E+04 0.0000E+00 9.9214E-13 2.5429E-113546 8459   10
 3.0073E+04 0.0000E+00 1.1617E-12 8.8462E-11 3.0074E+04 0.0000E+003546 8459   11
 1.4346E-11 5.9161E-10 3.0075E+04 0.0000E+00 1.3710E-10 3.1600E-093546 8459   12
 3.0076E+04 0.0000E+00 1.1170E-09 1.4857E-08 3.0077E+04 0.0000E+003546 8459   13
 3.8005E-09 4.9255E-08 3.0077E+04 1.0000E+00 7.5550E-10 1.1982E-083546 8459   14
 3.0078E+04 0.0000E+00 1.2761E-08 6.2405E-08 3.0079E+04 0.0000E+003546 8459   15
 1.3309E-08 4.4051E-08 3.0080E+04 0.0000E+00 9.6495E-09 3.2518E-083546 8459   16
 3.0081E+04 0.0000E+00 2.4676E-09 1.5545E-08 3.0082E+04 0.0000E+003546 8459   17
 3.5313E-10 4.9614E-09 3.0083E+04 0.0000E+00 1.7934E-11 5.6939E-103546 8459   18
 3.1073E+04 0.0000E+00 1.1617E-12 8.8469E-11 3.1074E+04 0.0000E+003546 8459   19
 1.0760E-11 4.4376E-10 3.1074E+04 1.0000E+00 1.4346E-11 1.2416E-093546 8459   20
 3.1075E+04 0.0000E+00 1.3865E-10 3.1957E-09 3.1076E+04 0.0000E+003546 8459   21
 1.2459E-09 1.6570E-08 3.1077E+04 0.0000E+00 9.8176E-09 7.7755E-083546 8459   22
 3.1078E+04 0.0000E+00 6.3709E-08 3.1026E-07 3.1079E+04 0.0000E+003546 8459   23
 3.1651E-07 9.7802E-07 3.1080E+04 0.0000E+00 7.9746E-07 1.6188E-063546 8459   24
 3.1081E+04 0.0000E+00 1.4052E-06 2.1639E-06 3.1082E+04 0.0000E+003546 8459   25
 8.0342E-07 1.4702E-06 3.1083E+04 0.0000E+00 2.9242E-07 1.0527E-063546 8459   26
 3.1084E+04 0.0000E+00 4.1804E-08 3.3527E-07 3.1085E+04 0.0000E+003546 8459   27
 3.6037E-09 6.5046E-08 3.1086E+04 0.0000E+00 1.0996E-10 4.4271E-093546 8459   28
 3.2073E+04 0.0000E+00 1.1617E-12 8.8469E-11 3.2073E+04 1.0000E+003546 8459   29
 1.1447E-12 8.7168E-11 3.2074E+04 0.0000E+00 1.4347E-11 5.9167E-103546 8459   30
 3.2075E+04 0.0000E+00 1.3865E-10 3.1957E-09 3.2075E+04 1.0000E+003546 8459   31
 5.5459E-12 1.2783E-10 3.2076E+04 0.0000E+00 1.2462E-09 1.6575E-083546 8459   32
 3.2077E+04 0.0000E+00 1.9454E-09 1.5408E-08 3.2077E+04 1.0000E+003546 8459   33
 9.8350E-09 1.6060E-07 3.2078E+04 0.0000E+00 6.9831E-08 3.4008E-073546 8459   34
 3.2079E+04 0.0000E+00 3.3970E-07 1.0666E-06 3.2079E+04 1.0000E+003546 8459   35
 9.0001E-08 2.7811E-07 3.2080E+04 0.0000E+00 2.4255E-06 4.8996E-063546 8459   36
 3.2081E+04 0.0000E+00 6.4533E-06 8.9056E-06 3.2081E+04 1.0000E+003546 8459   37
 2.6298E-06 4.7072E-06 3.2082E+04 0.0000E+00 2.6448E-05 2.5391E-053546 8459   38
 3.2083E+04 0.0000E+00 3.3960E-05 2.7508E-05 3.2084E+04 0.0000E+003546 8459   39
 3.2938E-05 3.5572E-05 3.2085E+04 0.0000E+00 1.0895E-05 2.3313E-053546 8459   40
 3.2086E+04 0.0000E+00 2.2532E-06 1.0657E-05 3.2087E+04 0.0000E+003546 8459   41
 1.8016E-07 1.8971E-06 3.2088E+04 0.0000E+00 9.4739E-09 2.2036E-073546 8459   42
 3.2089E+04 0.0000E+00 1.7851E-10 9.0646E-09 3.3075E+04 0.0000E+003546 8459   43
 1.3865E-10 3.1957E-09 3.3077E+04 0.0000E+00 9.9118E-09 7.8501E-083546 8459   44
 3.3078E+04 0.0000E+00 6.9838E-08 3.4011E-07 3.3079E+04 0.0000E+003546 8459   45
 4.2730E-07 1.3204E-06 3.3080E+04 0.0000E+00 2.4907E-06 5.0311E-063546 8459   46
 3.3081E+04 0.0000E+00 1.1114E-05 1.5226E-05 3.3082E+04 0.0000E+003546 8459   47
 3.4421E-05 3.3043E-05 3.3082E+04 1.0000E+00 1.1924E-05 2.3728E-053546 8459   48
 3.3083E+04 0.0000E+00 1.6697E-04 1.1521E-04 3.3084E+04 0.0000E+003546 8459   49
 3.8645E-04 1.9709E-04 3.3084E+04 1.0000E+00 1.5453E-05 1.5453E-053546 8459   50
 3.3085E+04 0.0000E+00 7.2240E-04 3.4676E-04 3.3086E+04 0.0000E+003546 8459   51
 5.1257E-04 3.4343E-04 3.3087E+04 0.0000E+00 2.6022E-04 3.4349E-043546 8459   52
 3.3088E+04 0.0000E+00 4.8184E-05 1.3781E-04 3.3089E+04 0.0000E+003546 8459   53
 5.6054E-06 3.5145E-05 3.3090E+04 0.0000E+00 2.6552E-07 3.6323E-063546 8459   54
 3.3091E+04 0.0000E+00 8.8193E-09 2.6096E-07 3.3092E+04 0.0000E+003546 8459   55
 1.0600E-10 6.7101E-09 3.4077E+04 0.0000E+00 9.9118E-09 7.8501E-083546 8459   56
 3.4078E+04 0.0000E+00 6.9838E-08 3.4011E-07 3.4079E+04 0.0000E+003546 8459   57
 4.2707E-07 1.3196E-06 3.4079E+04 1.0000E+00 4.1718E-07 1.2891E-063546 8459   58
 3.4080E+04 0.0000E+00 2.4907E-06 5.0313E-06 3.4081E+04 0.0000E+003546 8459   59
 1.1119E-05 1.5233E-05 3.4081E+04 1.0000E+00 4.0370E-07 5.5307E-073546 8459   60
 3.4082E+04 0.0000E+00 4.6785E-05 4.4914E-05 3.4083E+04 0.0000E+003546 8459   61
 6.8392E-05 4.7191E-05 3.4083E+04 1.0000E+00 1.1007E-04 7.5946E-053546 8459   62
 3.4084E+04 0.0000E+00 7.2309E-04 3.6878E-04 3.4085E+04 0.0000E+003546 8459   63
 1.5949E-03 6.2203E-04 3.4086E+04 0.0000E+00 3.4432E-03 1.0674E-033546 8459   64
 3.4087E+04 0.0000E+00 4.8493E-03 1.5518E-03 3.4088E+04 0.0000E+003546 8459   65
 4.9780E-03 2.2401E-03 3.4089E+04 0.0000E+00 1.9173E-03 1.6105E-033546 8459   66
 3.4090E+04 0.0000E+00 5.4680E-04 9.6237E-04 3.4091E+04 0.0000E+003546 8459   67
 6.0145E-05 2.2855E-04 3.4092E+04 0.0000E+00 4.1923E-06 3.4377E-053546 8459   68
 3.4093E+04 0.0000E+00 1.1691E-07 2.0564E-06 3.4094E+04 0.0000E+003546 8459   69
 2.5298E-09 9.4439E-08 3.5079E+04 0.0000E+00 2.3362E-10 7.2189E-103546 8459   70
 3.5081E+04 0.0000E+00 1.1119E-05 1.5233E-05 3.5082E+04 0.0000E+003546 8459   71
 9.8733E-11 9.4783E-11 3.5082E+04 1.0000E+00 3.9947E-11 1.4493E-093546 8459   72
 3.5083E+04 0.0000E+00 1.7848E-04 1.2315E-04 3.5084E+04 0.0000E+003546 8459   73
 7.2368E-04 3.6908E-04 3.5084E+04 1.0000E+00 8.8037E-07 5.3174E-063546 8459   74
 3.5085E+04 0.0000E+00 1.6472E-03 6.4240E-04 3.5086E+04 0.0000E+003546 8459   75
 4.0258E-03 1.2480E-03 3.5087E+04 0.0000E+00 9.2169E-03 2.3042E-033546 8459   76
 3.5088E+04 0.0000E+00 1.6986E-02 3.9069E-03 3.5089E+04 0.0000E+003546 8459   77
 2.4043E-02 5.5299E-03 3.5090E+04 0.0000E+00 1.8901E-02 5.8593E-033546 8459   78
 3.5091E+04 0.0000E+00 1.1082E-02 6.0950E-03 3.5092E+04 0.0000E+003546 8459   79
 2.4019E-03 2.6902E-03 3.5093E+04 0.0000E+00 3.7409E-04 8.8285E-043546 8459   80
 3.5094E+04 0.0000E+00 2.4740E-05 1.2419E-04 3.5095E+04 0.0000E+003546 8459   81
 1.1615E-06 1.2370E-05 3.5096E+04 0.0000E+00 2.4792E-08 5.5411E-073546 8459   82
 3.5097E+04 0.0000E+00 5.2506E-10 2.4295E-08 3.6082E+04 0.0000E+003546 8459   83
 9.9692E-11 9.5704E-11 3.6083E+04 0.0000E+00 1.7848E-04 1.2315E-043546 8459   84
 3.6083E+04 1.0000E+00 1.7832E-04 1.2482E-04 3.6084E+04 0.0000E+003546 8459   85
 7.2456E-04 3.6953E-04 3.6085E+04 0.0000E+00 3.5463E-04 1.4539E-043546 8459   86
 3.6085E+04 1.0000E+00 1.6445E-03 6.7423E-04 3.6086E+04 0.0000E+003546 8459   87
 4.2602E-03 1.3206E-03 3.6087E+04 0.0000E+00 1.0210E-02 2.5526E-033546 8459   88
 3.6088E+04 0.0000E+00 2.0652E-02 4.3370E-03 3.6089E+04 0.0000E+003546 8459   89
 3.2749E-02 6.2223E-03 3.6090E+04 0.0000E+00 4.4709E-02 8.9418E-033546 8459   90
 3.6091E+04 0.0000E+00 5.2920E-02 1.0055E-02 3.6092E+04 0.0000E+003546 8459   91
 4.7186E-02 1.1324E-02 3.6093E+04 0.0000E+00 2.0292E-02 7.7109E-033546 8459   92
 3.6094E+04 0.0000E+00 7.0960E-03 5.1801E-03 3.6095E+04 0.0000E+003546 8459   93
 9.9484E-04 1.4923E-03 3.6096E+04 0.0000E+00 1.1231E-04 3.5155E-043546 8459   94
 3.6097E+04 0.0000E+00 6.8129E-06 4.4352E-05 3.6098E+04 0.0000E+003546 8459   95
 3.6858E-07 4.9425E-06 3.6099E+04 0.0000E+00 9.2007E-09 2.5026E-073546 8459   96
 3.6100E+04 0.0000E+00 2.0088E-10 1.0906E-08 3.7085E+04 0.0000E+003546 8459   97
 1.6472E-03 6.4243E-04 3.7086E+04 0.0000E+00 1.7532E-10 5.4349E-113546 8459   98
 3.7086E+04 1.0000E+00 9.3441E-11 3.0835E-11 3.7087E+04 0.0000E+003546 8459   99
 1.0210E-02 2.5526E-03 3.7088E+04 0.0000E+00 2.0655E-02 4.3374E-033546 8459  100
 3.7089E+04 0.0000E+00 3.2860E-02 6.2435E-03 3.7090E+04 0.0000E+003546 8459  101
 3.9410E-02 6.6998E-03 3.7090E+04 1.0000E+00 6.8784E-03 2.8889E-033546 8459  102
 3.7091E+04 0.0000E+00 6.3920E-02 1.1506E-02 3.7092E+04 0.0000E+003546 8459  103
 7.6394E-02 1.3751E-02 3.7093E+04 0.0000E+00 7.6773E-02 1.4587E-023546 8459  104
 3.7094E+04 0.0000E+00 5.6083E-02 1.1217E-02 3.7095E+04 0.0000E+003546 8459  105
 3.3150E-02 9.6137E-03 3.7096E+04 0.0000E+00 9.9622E-03 4.9811E-033546 8459  106
 3.7096E+04 1.0000E+00 5.4308E-05 5.4308E-05 3.7097E+04 0.0000E+003546 8459  107
 2.9770E-03 2.8877E-03 3.7098E+04 0.0000E+00 4.3903E-04 8.6049E-043546 8459  108
 3.7098E+04 1.0000E+00 3.4328E-07 3.4328E-07 3.7099E+04 0.0000E+003546 8459  109
 5.2409E-05 2.0754E-04 3.7100E+04 0.0000E+00 2.9414E-06 2.3443E-053546 8459  110
 3.7101E+04 0.0000E+00 1.3061E-07 2.0676E-06 3.7102E+04 0.0000E+003546 8459  111
 2.3493E-09 7.3062E-08 3.8086E+04 0.0000E+00 1.7531E-10 5.4344E-113546 8459  112
 3.8087E+04 0.0000E+00 1.8480E-13 4.6198E-14 3.8087E+04 1.0000E+003546 8459  113
 1.7940E-13 4.8438E-14 3.8088E+04 0.0000E+00 2.0655E-02 4.3374E-033546 8459  114
 3.8089E+04 0.0000E+00 3.2860E-02 6.2435E-03 3.8090E+04 0.0000E+003546 8459  115
 4.6112E-02 7.8390E-03 3.8091E+04 0.0000E+00 6.3980E-02 1.0237E-023546 8459  116
 3.8092E+04 0.0000E+00 7.8438E-02 1.1766E-02 3.8093E+04 0.0000E+003546 8459  117
 8.6908E-02 1.3905E-02 3.8094E+04 0.0000E+00 7.5841E-02 1.3652E-023546 8459  118
 3.8095E+04 0.0000E+00 6.7216E-02 1.2771E-02 3.8096E+04 0.0000E+003546 8459  119
 5.5841E-02 1.0051E-02 3.8097E+04 0.0000E+00 3.6320E-02 8.7169E-033546 8459  120
 3.8098E+04 0.0000E+00 2.3228E-02 8.3619E-03 3.8099E+04 0.0000E+003546 8459  121
 7.0640E-03 4.5210E-03 3.8100E+04 0.0000E+00 1.8214E-03 2.2222E-033546 8459  122
 3.8101E+04 0.0000E+00 2.0436E-04 4.9046E-04 3.8102E+04 0.0000E+003546 8459  123
 1.6356E-05 7.7202E-05 3.8103E+04 0.0000E+00 5.7507E-07 5.3309E-063546 8459  124
 3.8104E+04 0.0000E+00 1.5157E-08 2.7631E-07 3.9089E+04 0.0000E+003546 8459  125
 3.2860E-02 6.2435E-03 3.9089E+04 1.0000E+00 3.1678E-06 3.1674E-043546 8459  126
 3.9090E+04 0.0000E+00 4.6112E-02 7.8390E-03 3.9090E+04 1.0000E+003546 8459  127
 1.6709E-11 1.6707E-09 3.9091E+04 0.0000E+00 6.3980E-02 1.0237E-023546 8459  128
 3.9091E+04 1.0000E+00 3.7643E-02 7.1522E-03 3.9092E+04 0.0000E+003546 8459  129
 7.8439E-02 1.1766E-02 3.9093E+04 0.0000E+00 8.6930E-02 1.3039E-023546 8459  130
 3.9093E+04 1.0000E+00 2.1765E-02 4.1353E-03 3.9094E+04 0.0000E+003546 8459  131
 7.6149E-02 1.1422E-02 3.9095E+04 0.0000E+00 6.9807E-02 1.1169E-023546 8459  132
 3.9096E+04 0.0000E+00 5.7106E-02 9.7082E-03 3.9096E+04 1.0000E+003546 8459  133
 7.5768E-03 8.1072E-03 3.9097E+04 0.0000E+00 3.8076E-02 2.2084E-023546 8459  134
 3.9097E+04 1.0000E+00 2.5702E-02 7.1965E-03 3.9098E+04 0.0000E+003546 8459  135
 3.4027E-02 1.4973E-02 3.9098E+04 1.0000E+00 3.0031E-02 8.7090E-033546 8459  136
 3.9099E+04 0.0000E+00 5.7292E-02 1.1459E-02 3.9100E+04 0.0000E+003546 8459  137
 9.6671E-03 4.8335E-03 3.9100E+04 1.0000E+00 2.1852E-02 1.2018E-023546 8459  138
 3.9101E+04 0.0000E+00 1.4234E-02 6.1210E-03 3.9102E+04 0.0000E+003546 8459  139
 2.6776E-03 2.0618E-03 3.9102E+04 1.0000E+00 7.7282E-06 7.7282E-063546 8459  140
 3.9103E+04 0.0000E+00 4.0396E-04 5.9381E-04 3.9104E+04 0.0000E+003546 8459  141
 2.5530E-05 7.3273E-05 3.9105E+04 0.0000E+00 2.0791E-10 1.1433E-083546 8459  142
 3.9106E+04 0.0000E+00 2.0239E-12 2.0237E-10 4.0090E+04 0.0000E+003546 8459  143
 4.6112E-02 7.8390E-03 4.0091E+04 0.0000E+00 6.3980E-02 1.0237E-023546 8459  144
 4.0092E+04 0.0000E+00 7.8439E-02 1.1766E-02 4.0093E+04 0.0000E+003546 8459  145
 8.6930E-02 1.3039E-02 4.0094E+04 0.0000E+00 7.6149E-02 1.1422E-023546 8459  146
 4.0095E+04 0.0000E+00 6.9811E-02 1.0472E-02 4.0096E+04 0.0000E+003546 8459  147
 6.4805E-02 1.0369E-02 4.0097E+04 0.0000E+00 6.5506E-02 1.0481E-023546 8459  148
 4.0098E+04 0.0000E+00 6.9721E-02 1.1852E-02 4.0099E+04 0.0000E+003546 8459  149
 7.3266E-02 1.2455E-02 4.0100E+04 0.0000E+00 7.0472E-02 1.3390E-023546 8459  150
 4.0101E+04 0.0000E+00 5.3441E-02 1.0154E-02 4.0102E+04 0.0000E+003546 8459  151
 3.1293E-02 7.1974E-03 4.0103E+04 0.0000E+00 1.0025E-02 3.3084E-033546 8459  152
 4.0104E+04 0.0000E+00 2.5585E-03 1.3816E-03 4.0105E+04 0.0000E+003546 8459  153
 3.1079E-05 1.0505E-04 4.0106E+04 0.0000E+00 1.6088E-06 1.0039E-053546 8459  154
 4.0107E+04 0.0000E+00 4.6355E-08 5.4374E-07 4.0108E+04 0.0000E+003546 8459  155
 7.3117E-10 1.6371E-08 4.0109E+04 0.0000E+00 6.5183E-12 2.8133E-103546 8459  156
 4.1094E+04 0.0000E+00 9.0884E-13 1.3633E-13 4.1094E+04 1.0000E+003546 8459  157
 4.8850E-13 8.7931E-14 4.1095E+04 0.0000E+00 6.9769E-02 1.0466E-023546 8459  158
 4.1095E+04 1.0000E+00 7.5420E-04 1.3575E-04 4.1096E+04 0.0000E+003546 8459  159
 1.6828E-08 2.6925E-09 4.1097E+04 0.0000E+00 6.5507E-02 1.0481E-023546 8459  160
 4.1097E+04 1.0000E+00 6.2262E-02 1.1830E-02 4.1098E+04 0.0000E+003546 8459  161
 6.9728E-02 1.0459E-02 4.1098E+04 1.0000E+00 1.5228E-05 1.4603E-043546 8459  162
 4.1099E+04 0.0000E+00 4.7103E-02 7.0654E-03 4.1099E+04 1.0000E+003546 8459  163
 2.7051E-02 5.4102E-03 4.1100E+04 0.0000E+00 7.1022E-02 1.1364E-023546 8459  164
 4.1100E+04 1.0000E+00 1.5316E-03 3.3083E-03 4.1101E+04 0.0000E+003546 8459  165
 6.2140E-02 1.1185E-02 4.1102E+04 0.0000E+00 3.7655E-02 7.1546E-033546 8459  166
 4.1102E+04 1.0000E+00 7.2607E-03 4.8647E-03 4.1103E+04 0.0000E+003546 8459  167
 2.6841E-02 5.6368E-03 4.1104E+04 0.0000E+00 9.1841E-03 2.4797E-033546 8459  168
 4.1104E+04 1.0000E+00 2.4558E-03 1.2770E-03 4.1105E+04 0.0000E+003546 8459  169
 3.9384E-03 1.4966E-03 4.1106E+04 0.0000E+00 8.7225E-04 4.8846E-043546 8459  170
 4.1107E+04 0.0000E+00 1.2147E-04 1.0811E-04 4.1108E+04 0.0000E+003546 8459  171
 1.0152E-05 1.5634E-05 4.1109E+04 0.0000E+00 5.1036E-07 1.4341E-063546 8459  172
 4.1110E+04 0.0000E+00 1.8307E-08 9.5931E-08 4.1111E+04 0.0000E+003546 8459  173
 3.5756E-08 8.8317E-08 4.1112E+04 0.0000E+00 1.3337E-09 6.8151E-093546 8459  174
 4.1113E+04 0.0000E+00 2.9902E-11 3.6360E-10 4.2095E+04 0.0000E+003546 8459  175
 6.9811E-02 1.0472E-02 4.2096E+04 0.0000E+00 1.6828E-08 2.6925E-093546 8459  176
 4.2097E+04 0.0000E+00 6.5507E-02 1.0481E-02 4.2098E+04 0.0000E+003546 8459  177
 6.9744E-02 1.0462E-02 4.2099E+04 0.0000E+00 7.3613E-02 1.1042E-023546 8459  178
 4.2100E+04 0.0000E+00 7.2560E-02 1.0884E-02 4.2101E+04 0.0000E+003546 8459  179
 6.2213E-02 9.9540E-03 4.2102E+04 0.0000E+00 4.5453E-02 7.7271E-033546 8459  180
 4.2103E+04 0.0000E+00 2.8434E-02 5.6866E-03 4.2104E+04 0.0000E+003546 8459  181
 1.5107E-02 3.4746E-03 4.2105E+04 0.0000E+00 6.7492E-03 1.9572E-033546 8459  182
 4.2106E+04 0.0000E+00 2.5311E-03 8.8587E-04 4.2107E+04 0.0000E+003546 8459  183
 7.9535E-04 3.7382E-04 4.2108E+04 0.0000E+00 1.9885E-04 1.2726E-043546 8459  184
 4.2109E+04 0.0000E+00 3.7804E-05 3.5158E-05 4.2110E+04 0.0000E+003546 8459  185
 6.0586E-06 7.9973E-06 4.2111E+04 0.0000E+00 1.4496E-06 2.2903E-063546 8459  186
 4.2112E+04 0.0000E+00 2.4059E-07 4.4271E-07 4.2113E+04 0.0000E+003546 8459  187
 2.4588E-08 6.4667E-08 4.2114E+04 0.0000E+00 1.3458E-09 7.0115E-093546 8459  188
 4.2115E+04 0.0000E+00 4.0965E-11 4.7642E-10 4.3099E+04 0.0000E+003546 8459  189
 7.3611E-02 1.1042E-02 4.3099E+04 1.0000E+00 6.4824E-02 1.1668E-023546 8459  190
 4.3100E+04 0.0000E+00 3.7657E-10 5.6486E-11 4.3101E+04 0.0000E+003546 8459  191
 6.2213E-02 9.9541E-03 4.3102E+04 0.0000E+00 4.5453E-02 7.7271E-033546 8459  192
 4.3102E+04 1.0000E+00 4.1898E-07 8.6100E-06 4.3103E+04 0.0000E+003546 8459  193
 2.8442E-02 5.4040E-03 4.3104E+04 0.0000E+00 1.5155E-02 3.4856E-033546 8459  194
 4.3105E+04 0.0000E+00 6.7580E-03 1.8922E-03 4.3106E+04 0.0000E+003546 8459  195
 2.5529E-03 8.9350E-04 4.3107E+04 0.0000E+00 8.2860E-04 3.8945E-043546 8459  196
 4.3108E+04 0.0000E+00 2.3014E-04 1.4729E-04 4.3109E+04 0.0000E+003546 8459  197
 5.6039E-05 5.0995E-05 4.3110E+04 0.0000E+00 1.4537E-05 1.8607E-053546 8459  198
 4.3111E+04 0.0000E+00 5.4932E-06 8.6243E-06 4.3112E+04 0.0000E+003546 8459  199
 2.9024E-06 4.7309E-06 4.3113E+04 0.0000E+00 1.1337E-06 1.8479E-063546 8459  200
 4.3114E+04 0.0000E+00 2.5213E-07 4.5635E-07 4.3115E+04 0.0000E+003546 8459  201
 3.1239E-08 7.9348E-08 4.3116E+04 0.0000E+00 2.2356E-09 1.0507E-083546 8459  202
 4.3117E+04 0.0000E+00 9.6231E-11 9.4114E-10 4.3118E+04 0.0000E+003546 8459  203
 2.5617E-12 5.3001E-11 4.4099E+04 0.0000E+00 2.3985E-06 2.3985E-063546 8459  204
 4.4100E+04 0.0000E+00 3.7657E-10 5.6486E-11 4.4101E+04 0.0000E+003546 8459  205
 6.2213E-02 9.9541E-03 4.4102E+04 0.0000E+00 4.5454E-02 7.7273E-033546 8459  206
 4.4103E+04 0.0000E+00 2.8442E-02 5.4040E-03 4.4103E+04 1.0000E+003546 8459  207
 7.1953E-10 4.5734E-08 4.4104E+04 0.0000E+00 1.5155E-02 3.4856E-033546 8459  208
 4.4105E+04 0.0000E+00 6.7580E-03 1.8922E-03 4.4106E+04 0.0000E+003546 8459  209
 2.5529E-03 8.9350E-04 4.4107E+04 0.0000E+00 8.2861E-04 3.8945E-043546 8459  210
 4.4108E+04 0.0000E+00 2.3019E-04 1.4732E-04 4.4109E+04 0.0000E+003546 8459  211
 5.6032E-05 5.0990E-05 4.4110E+04 0.0000E+00 1.4600E-05 1.8688E-053546 8459  212
 4.4111E+04 0.0000E+00 6.5265E-06 1.0247E-05 4.4112E+04 0.0000E+003546 8459  213
 5.3601E-06 8.7371E-06 4.4113E+04 0.0000E+00 4.6465E-06 7.5275E-063546 8459  214
 4.4114E+04 0.0000E+00 3.1333E-06 4.9820E-06 4.4115E+04 0.0000E+003546 8459  215
 1.3403E-06 2.1313E-06 4.4116E+04 0.0000E+00 3.4807E-07 6.0565E-073546 8459  216
 4.4117E+04 0.0000E+00 5.4588E-08 1.2446E-07 4.4118E+04 0.0000E+003546 8459  217
 5.2396E-09 2.0172E-08 4.4119E+04 0.0000E+00 3.1063E-10 2.3390E-093546 8459  218
 4.4120E+04 0.0000E+00 1.1348E-11 1.7408E-10 4.5103E+04 0.0000E+003546 8459  219
 2.8442E-02 5.4040E-03 4.5103E+04 1.0000E+00 2.8101E-02 6.1823E-033546 8459  220
 4.5104E+04 0.0000E+00 8.1101E-13 1.8652E-13 4.5104E+04 1.0000E+003546 8459  221
 5.3995E-13 1.3499E-13 4.5105E+04 0.0000E+00 6.7580E-03 1.8922E-033546 8459  222
 4.5105E+04 1.0000E+00 1.9184E-03 5.5634E-04 4.5106E+04 0.0000E+003546 8459  223
 2.5529E-03 8.9350E-04 4.5107E+04 0.0000E+00 8.2861E-04 3.8945E-043546 8459  224
 4.5108E+04 0.0000E+00 2.3019E-04 1.4732E-04 4.5109E+04 0.0000E+003546 8459  225
 5.6032E-05 5.0988E-05 4.5110E+04 0.0000E+00 1.4600E-05 1.8688E-053546 8459  226
 4.5110E+04 1.0000E+00 4.2382E-13 4.2378E-11 4.5111E+04 0.0000E+003546 8459  227
 6.5433E-06 1.0273E-05 4.5112E+04 0.0000E+00 5.5360E-06 9.0237E-063546 8459  228
 4.5113E+04 0.0000E+00 5.6304E-06 9.1212E-06 4.5114E+04 0.0000E+003546 8459  229
 3.8533E-06 6.1267E-06 4.5114E+04 1.0000E+00 1.9936E-06 6.4193E-063546 8459  230
 4.5115E+04 0.0000E+00 5.3187E-06 8.3505E-06 4.5116E+04 0.0000E+003546 8459  231
 1.4757E-06 3.6008E-06 4.5116E+04 1.0000E+00 2.2456E-06 7.0513E-063546 8459  232
 4.5117E+04 0.0000E+00 1.7952E-06 2.7826E-06 4.5118E+04 0.0000E+003546 8459  233
 5.6309E-07 9.3473E-07 4.5119E+04 0.0000E+00 1.1200E-07 2.2510E-073546 8459  234
 4.5120E+04 0.0000E+00 1.3910E-08 4.2426E-08 4.5121E+04 0.0000E+003546 8459  235
 1.0612E-09 5.9320E-09 4.5122E+04 0.0000E+00 4.8572E-11 5.4109E-103546 8459  236
 4.6104E+04 0.0000E+00 8.0806E-13 8.0806E-13 4.6105E+04 0.0000E+003546 8459  237
 6.7580E-03 1.8922E-03 4.6106E+04 0.0000E+00 2.5529E-03 8.9350E-043546 8459  238
 4.6107E+04 0.0000E+00 8.2861E-04 3.8945E-04 4.6108E+04 0.0000E+003546 8459  239
 2.3019E-04 1.4732E-04 4.6109E+04 0.0000E+00 5.6032E-05 5.0988E-053546 8459  240
 4.6109E+04 1.0000E+00 2.8016E-05 2.8016E-05 4.6110E+04 0.0000E+003546 8459  241
 1.4600E-05 1.8688E-05 4.6111E+04 0.0000E+00 6.5433E-06 1.0273E-053546 8459  242
 4.6111E+04 1.0000E+00 8.3146E-12 2.3855E-10 4.6112E+04 0.0000E+003546 8459  243
 5.5368E-06 9.0249E-06 4.6113E+04 0.0000E+00 5.6494E-06 9.1520E-063546 8459  244
 4.6113E+04 1.0000E+00 1.1637E-08 6.4699E-08 4.6114E+04 0.0000E+003546 8459  245
 6.0509E-06 9.6208E-06 4.6115E+04 0.0000E+00 5.6348E-06 8.8466E-063546 8459  246
 4.6115E+04 1.0000E+00 7.7228E-07 7.7228E-07 4.6116E+04 0.0000E+003546 8459  247
 6.4270E-06 1.0026E-05 4.6117E+04 0.0000E+00 5.9316E-06 9.1940E-063546 8459  248
 4.6118E+04 0.0000E+00 4.4322E-06 6.8698E-06 4.6119E+04 0.0000E+003546 8459  249
 2.4606E-06 3.8139E-06 4.6120E+04 0.0000E+00 9.2612E-07 1.4911E-063546 8459  250
 4.6121E+04 0.0000E+00 2.2609E-07 4.1373E-07 4.6122E+04 0.0000E+003546 8459  251
 3.4413E-08 8.5342E-08 4.6123E+04 0.0000E+00 3.1461E-09 1.3277E-083546 8459  252
 4.6124E+04 0.0000E+00 1.6806E-10 1.3916E-09 4.7109E+04 0.0000E+003546 8459  253
 5.6032E-05 5.0988E-05 4.7109E+04 1.0000E+00 5.6005E-05 5.1525E-053546 8459  254
 4.7111E+04 0.0000E+00 6.5109E-06 1.0222E-05 4.7111E+04 1.0000E+003546 8459  255
 6.4973E-06 1.0201E-05 4.7112E+04 0.0000E+00 5.5368E-06 9.0249E-063546 8459  256
 4.7113E+04 0.0000E+00 3.7173E-06 6.0220E-06 4.7113E+04 1.0000E+003546 8459  257
 5.3670E-06 8.6946E-06 4.7114E+04 0.0000E+00 6.0518E-06 9.6224E-063546 8459  258
 4.7114E+04 1.0000E+00 4.9915E-10 5.6654E-09 4.7115E+04 0.0000E+003546 8459  259
 4.5887E-06 2.6064E-05 4.7115E+04 1.0000E+00 2.2470E-06 3.5278E-063546 8459  260
 4.7116E+04 0.0000E+00 6.5020E-06 1.0143E-05 4.7116E+04 1.0000E+003546 8459  261
 1.0292E-07 3.9007E-07 4.7117E+04 0.0000E+00 3.3373E-06 5.1728E-063546 8459  262
 4.7117E+04 1.0000E+00 3.6395E-06 5.6412E-06 4.7118E+04 0.0000E+003546 8459  263
 5.7043E-06 8.8417E-06 4.7118E+04 1.0000E+00 1.6851E-06 2.6119E-063546 8459  264
 4.7119E+04 0.0000E+00 5.0378E-06 7.8086E-06 4.7119E+04 1.0000E+003546 8459  265
 1.2303E-06 1.2303E-06 4.7120E+04 0.0000E+00 3.5490E-06 5.5365E-063546 8459  266
 4.7120E+04 1.0000E+00 2.3734E-06 7.4048E-06 4.7121E+04 0.0000E+003546 8459  267
 3.1483E-06 4.9427E-06 4.7122E+04 0.0000E+00 9.2411E-07 2.9017E-063546 8459  268
 4.7122E+04 1.0000E+00 4.6085E-07 1.5024E-06 4.7123E+04 0.0000E+003546 8459  269
 3.9818E-07 6.9283E-07 4.7124E+04 0.0000E+00 7.1261E-08 1.5393E-073546 8459  270
 4.7125E+04 0.0000E+00 8.2804E-09 2.7822E-08 4.7126E+04 0.0000E+003546 8459  271
 3.2955E-13 1.7871E-11 4.8111E+04 0.0000E+00 6.5433E-06 1.0273E-053546 8459  272
 4.8112E+04 0.0000E+00 5.5368E-06 9.0249E-06 4.8113E+04 0.0000E+003546 8459  273
 5.5853E-06 9.0480E-06 4.8113E+04 1.0000E+00 6.4268E-08 1.0411E-073546 8459  274
 4.8114E+04 0.0000E+00 6.0518E-06 9.6223E-06 4.8115E+04 0.0000E+003546 8459  275
 6.0478E-06 9.4950E-06 4.8115E+04 1.0000E+00 3.1611E-07 1.7671E-063546 8459  276
 4.8116E+04 0.0000E+00 6.5994E-06 1.0295E-05 4.8117E+04 0.0000E+003546 8459  277
 5.3496E-06 8.2918E-06 4.8117E+04 1.0000E+00 1.4201E-06 2.2012E-063546 8459  278
 4.8118E+04 0.0000E+00 6.8000E-06 1.0540E-05 4.8119E+04 0.0000E+003546 8459  279
 3.9137E-06 6.0663E-06 4.8119E+04 1.0000E+00 2.8703E-06 4.4489E-063546 8459  280
 4.8120E+04 0.0000E+00 6.6232E-06 1.0332E-05 4.8121E+04 0.0000E+003546 8459  281
 3.7770E-06 5.9299E-06 4.8121E+04 1.0000E+00 2.4245E-06 7.6615E-063546 8459  282
 4.8122E+04 0.0000E+00 5.2314E-06 8.3179E-06 4.8123E+04 0.0000E+003546 8459  283
 1.5675E-06 3.0881E-06 4.8123E+04 1.0000E+00 2.0203E-06 6.5258E-063546 8459  284
 4.8124E+04 0.0000E+00 1.8064E-06 2.9444E-06 4.8125E+04 0.0000E+003546 8459  285
 2.5999E-07 6.1877E-07 4.8125E+04 1.0000E+00 4.0552E-07 1.3788E-063546 8459  286
 4.8126E+04 0.0000E+00 4.7425E-08 1.7121E-07 4.8127E+04 0.0000E+003546 8459  287
 2.9408E-08 1.6880E-07 4.8128E+04 0.0000E+00 1.6136E-08 1.5797E-073546 8459  288
 4.8129E+04 0.0000E+00 5.6697E-09 9.7576E-08 4.8130E+04 0.0000E+003546 8459  289
 1.1620E-09 3.5802E-08 4.8131E+04 0.0000E+00 1.3447E-10 7.5315E-093546 8459  290
 4.8132E+04 0.0000E+00 2.9626E-07 2.7226E-06 4.9113E+04 0.0000E+003546 8459  291
 6.4178E-08 1.0397E-07 4.9115E+04 0.0000E+00 6.0615E-06 9.5165E-063546 8459  292
 4.9115E+04 1.0000E+00 6.0478E-06 9.5552E-06 4.9116E+04 1.0000E+003546 8459  293
 9.2160E-14 1.4377E-13 4.9117E+04 0.0000E+00 4.1649E-06 6.4556E-063546 8459  294
 4.9117E+04 1.0000E+00 4.9242E-06 7.6327E-06 4.9118E+04 0.0000E+003546 8459  295
 6.8000E-06 1.0540E-05 4.9118E+04 1.0000E+00 1.9443E-10 3.4725E-093546 8459  296
 4.9118E+04 2.0000E+00 5.9247E-11 1.3899E-09 4.9119E+04 0.0000E+003546 8459  297
 3.4460E-06 5.3415E-06 4.9119E+04 1.0000E+00 3.5408E-06 5.4882E-063546 8459  298
 4.9120E+04 0.0000E+00 6.6347E-06 1.0350E-05 4.9120E+04 1.0000E+003546 8459  299
 2.2866E-08 1.6303E-07 4.9120E+04 2.0000E+00 9.9603E-09 7.1017E-083546 8459  300
 4.9121E+04 0.0000E+00 3.8781E-06 6.0887E-06 4.9121E+04 1.0000E+003546 8459  301
 2.6133E-06 4.1029E-06 4.9122E+04 0.0000E+00 5.4735E-06 8.7029E-063546 8459  302
 4.9122E+04 1.0000E+00 4.8110E-07 2.3863E-06 4.9122E+04 2.0000E+003546 8459  303
 2.0957E-07 1.0395E-06 4.9123E+04 0.0000E+00 4.0734E-06 1.0632E-053546 8459  304
 4.9123E+04 1.0000E+00 1.6553E-06 2.6650E-06 4.9124E+04 0.0000E+003546 8459  305
 2.9055E-06 4.7359E-06 4.9124E+04 1.0000E+00 2.1219E-06 6.9387E-063546 8459  306
 4.9125E+04 0.0000E+00 3.1438E-06 9.7769E-06 4.9125E+04 1.0000E+003546 8459  307
 1.0363E-06 2.2176E-06 4.9126E+04 0.0000E+00 2.0177E-06 5.6498E-063546 8459  308
 4.9126E+04 1.0000E+00 3.8039E-06 1.0879E-05 4.9127E+04 0.0000E+003546 8459  309
 9.3118E-06 2.0672E-05 4.9127E+04 1.0000E+00 3.2384E-06 7.1244E-063546 8459  310
 4.9128E+04 0.0000E+00 2.6644E-05 5.1689E-05 4.9128E+04 1.0000E+003546 8459  311
 9.1022E-06 1.7658E-05 4.9129E+04 0.0000E+00 2.9523E-05 7.1446E-053546 8459  312
 4.9129E+04 1.0000E+00 1.0180E-05 2.4635E-05 4.9130E+04 0.0000E+003546 8459  313
 1.2799E-05 7.4876E-05 4.9130E+04 1.0000E+00 1.9141E-05 1.1216E-043546 8459  314
 4.9130E+04 2.0000E+00 5.3611E-06 3.1416E-05 4.9131E+04 0.0000E+003546 8459  315
 1.3653E-05 1.4049E-04 4.9131E+04 1.0000E+00 4.8729E-06 5.0336E-053546 8459  316
 4.9131E+04 2.0000E+00 2.7869E-06 2.8788E-05 4.9132E+04 0.0000E+003546 8459  317
 1.2554E-04 1.8705E-04 4.9133E+04 0.0000E+00 3.1329E-05 9.7432E-053546 8459  318
 4.9134E+04 0.0000E+00 2.6425E-06 1.7810E-05 4.9135E+04 0.0000E+003546 8459  319
 1.3659E-07 2.0407E-06 5.0115E+04 0.0000E+00 3.0239E-07 4.7475E-073546 8459  320
 5.0116E+04 0.0000E+00 1.2447E-13 1.9418E-13 5.0117E+04 0.0000E+003546 8459  321
 6.7698E-06 1.0493E-05 5.0117E+04 1.0000E+00 1.4190E-08 2.1995E-083546 8459  322
 5.0118E+04 0.0000E+00 6.8002E-06 1.0541E-05 5.0119E+04 0.0000E+003546 8459  323
 6.7885E-06 1.0522E-05 5.0119E+04 1.0000E+00 3.1132E-06 4.8255E-063546 8459  324
 5.0120E+04 0.0000E+00 6.6676E-06 1.0401E-05 5.0121E+04 0.0000E+003546 8459  325
 6.3629E-06 9.9898E-06 5.0121E+04 1.0000E+00 4.4016E-07 6.9104E-073546 8459  326
 5.0122E+04 0.0000E+00 6.1799E-06 9.8260E-06 5.0123E+04 0.0000E+003546 8459  327
 3.7886E-07 8.9792E-07 5.0123E+04 1.0000E+00 5.4617E-06 8.7934E-063546 8459  328
 5.0124E+04 0.0000E+00 5.5302E-06 9.0142E-06 5.0125E+04 0.0000E+003546 8459  329
 1.5027E-06 2.4194E-06 5.0125E+04 1.0000E+00 4.2684E-06 6.8721E-063546 8459  330
 5.0126E+04 0.0000E+00 9.9451E-06 1.4023E-05 5.0127E+04 0.0000E+003546 8459  331
 1.6297E-05 3.1452E-05 5.0127E+04 1.0000E+00 1.6973E-05 2.2574E-053546 8459  332
 5.0128E+04 0.0000E+00 1.3547E-04 1.0024E-04 5.0128E+04 1.0000E+003546 8459  333
 6.5218E-05 8.8044E-05 5.0129E+04 0.0000E+00 2.1014E-04 2.1433E-043546 8459  334
 5.0129E+04 1.0000E+00 2.7546E-04 2.7271E-04 5.0130E+04 0.0000E+003546 8459  335
 5.4679E-04 4.5930E-04 5.0130E+04 1.0000E+00 8.1897E-04 6.7975E-043546 8459  336
 5.0131E+04 0.0000E+00 1.0945E-03 8.6470E-04 5.0131E+04 1.0000E+003546 8459  337
 1.6928E-03 1.3543E-03 5.0132E+04 0.0000E+00 4.9304E-03 1.7749E-033546 8459  338
 5.0133E+04 0.0000E+00 3.1521E-03 1.7652E-03 5.0134E+04 0.0000E+003546 8459  339
 1.3912E-03 1.5025E-03 5.0135E+04 0.0000E+00 2.2860E-04 5.2119E-043546 8459  340
 5.0136E+04 0.0000E+00 2.2493E-05 1.1224E-04 5.0137E+04 0.0000E+003546 8459  341
 8.3722E-07 9.3266E-06 5.1121E+04 0.0000E+00 6.4615E-06 1.0145E-053546 8459  342
 5.1122E+04 0.0000E+00 1.4260E-11 2.2674E-11 5.1122E+04 1.0000E+003546 8459  343
 5.7976E-12 9.2183E-12 5.1123E+04 0.0000E+00 5.8409E-06 9.4039E-063546 8459  344
 5.1124E+04 0.0000E+00 4.3689E-09 7.1214E-09 5.1124E+04 1.0000E+003546 8459  345
 3.2298E-09 5.2646E-09 5.1124E+04 2.0000E+00 1.0083E-09 1.6435E-093546 8459  346
 5.1125E+04 0.0000E+00 5.8249E-06 9.3781E-06 5.1126E+04 0.0000E+003546 8459  347
 3.4501E-09 4.8645E-09 5.1126E+04 1.0000E+00 1.0294E-08 1.4515E-083546 8459  348
 5.1126E+04 2.0000E+00 3.8783E-09 5.4684E-09 5.1127E+04 0.0000E+003546 8459  349
 3.3484E-05 3.4822E-05 5.1128E+04 0.0000E+00 1.3810E-04 1.9333E-043546 8459  350
 5.1128E+04 1.0000E+00 1.0844E-06 8.0249E-07 5.1129E+04 0.0000E+003546 8459  351
 4.4478E-04 2.3574E-04 5.1129E+04 1.0000E+00 1.0157E-04 2.3258E-043546 8459  352
 5.1130E+04 0.0000E+00 9.5409E-04 3.9116E-04 5.1130E+04 1.0000E+003546 8459  353
 7.8931E-04 5.8408E-04 5.1131E+04 0.0000E+00 4.8555E-03 1.6509E-033546 8459  354
 5.1132E+04 0.0000E+00 8.9085E-03 2.4053E-03 5.1132E+04 1.0000E+003546 8459  355
 1.6665E-03 9.8321E-04 5.1133E+04 0.0000E+00 1.7875E-02 3.9325E-033546 8459  356
 5.1134E+04 0.0000E+00 7.2833E-03 3.6417E-03 5.1134E+04 1.0000E+003546 8459  357
 9.1541E-03 5.0348E-03 5.1135E+04 0.0000E+00 1.2105E-02 5.0842E-033546 8459  358
 5.1136E+04 0.0000E+00 3.4603E-03 2.7337E-03 5.1137E+04 0.0000E+003546 8459  359
 7.3905E-04 1.2342E-03 5.1138E+04 0.0000E+00 5.7156E-05 2.0862E-043546 8459  360
 5.1139E+04 0.0000E+00 2.7610E-06 2.2529E-05 5.2122E+04 0.0000E+003546 8459  361
 1.3890E-11 2.2085E-11 5.2124E+04 0.0000E+00 5.1792E-09 8.4420E-093546 8459  362
 5.2125E+04 0.0000E+00 5.8250E-06 9.3782E-06 5.2125E+04 1.0000E+003546 8459  363
 1.3035E-06 2.0986E-06 5.2126E+04 0.0000E+00 1.2303E-08 1.7347E-083546 8459  364
 5.2127E+04 0.0000E+00 3.3351E-05 3.4685E-05 5.2127E+04 1.0000E+003546 8459  365
 5.5179E-06 5.7386E-06 5.2128E+04 0.0000E+00 1.3914E-04 1.0158E-043546 8459  366
 5.2129E+04 0.0000E+00 4.7261E-04 2.4576E-04 5.2129E+04 1.0000E+003546 8459  367
 1.5814E-04 8.5395E-05 5.2130E+04 0.0000E+00 1.7437E-03 6.8005E-043546 8459  368
 5.2131E+04 0.0000E+00 4.5517E-03 1.3655E-03 5.2131E+04 1.0000E+003546 8459  369
 3.9306E-04 1.4543E-04 5.2132E+04 0.0000E+00 1.1514E-02 2.7633E-033546 8459  370
 5.2133E+04 0.0000E+00 1.7939E-02 3.9464E-03 5.2133E+04 1.0000E+003546 8459  371
 6.3056E-03 2.3330E-03 5.2134E+04 0.0000E+00 3.9888E-02 8.7755E-033546 8459  372
 5.2135E+04 0.0000E+00 4.8395E-02 9.1950E-03 5.2136E+04 0.0000E+003546 8459  373
 5.0193E-02 1.1042E-02 5.2137E+04 0.0000E+00 2.7203E-02 8.7049E-033546 8459  374
 5.2138E+04 0.0000E+00 1.1120E-02 6.5611E-03 5.2139E+04 0.0000E+003546 8459  375
 1.7498E-03 2.1172E-03 5.2140E+04 0.0000E+00 2.0792E-04 5.4475E-043546 8459  376
 5.2141E+04 0.0000E+00 1.2516E-05 7.3469E-05 5.2142E+04 0.0000E+003546 8459  377
 5.1734E-07 6.9479E-06 5.3127E+04 0.0000E+00 3.3484E-05 3.4822E-053546 8459  378
 5.3129E+04 0.0000E+00 5.3112E-04 2.7619E-04 5.3130E+04 0.0000E+003546 8459  379
 1.2579E-13 4.9058E-14 5.3130E+04 1.0000E+00 5.3858E-14 2.1543E-143546 8459  380
 5.3131E+04 0.0000E+00 4.8622E-03 1.4587E-03 5.3132E+04 0.0000E+003546 8459  381
 1.1518E-02 2.7643E-03 5.3132E+04 1.0000E+00 2.0778E-06 1.8389E-053546 8459  382
 5.3133E+04 0.0000E+00 2.3235E-02 4.6470E-03 5.3133E+04 1.0000E+003546 8459  383
 2.3678E-05 1.0466E-04 5.3134E+04 0.0000E+00 4.0798E-02 7.3435E-033546 8459  384
 5.3134E+04 1.0000E+00 2.7032E-04 6.4876E-05 5.3135E+04 0.0000E+003546 8459  385
 5.5025E-02 9.3543E-03 5.3136E+04 0.0000E+00 5.9247E-02 1.0072E-023546 8459  386
 5.3136E+04 1.0000E+00 1.0276E-02 6.7820E-03 5.3137E+04 0.0000E+003546 8459  387
 6.9567E-02 1.3218E-02 5.3138E+04 0.0000E+00 5.1556E-02 1.0312E-023546 8459  388
 5.3139E+04 0.0000E+00 3.1928E-02 8.3014E-03 5.3140E+04 0.0000E+003546 8459  389
 1.0626E-02 4.6754E-03 5.3141E+04 0.0000E+00 3.6627E-03 3.1499E-033546 8459  390
 5.3142E+04 0.0000E+00 5.3860E-04 9.9640E-04 5.3143E+04 0.0000E+003546 8459  391
 5.2277E-05 2.1747E-04 5.3144E+04 0.0000E+00 1.6831E-06 1.6124E-053546 8459  392
 5.4130E+04 0.0000E+00 1.3441E-13 5.2420E-14 5.4131E+04 0.0000E+003546 8459  393
 4.8622E-03 1.4587E-03 5.4131E+04 1.0000E+00 5.2813E-05 1.6900E-053546 8459  394
 5.4132E+04 0.0000E+00 1.1518E-02 2.7642E-03 5.4133E+04 0.0000E+003546 8459  395
 2.3235E-02 4.6470E-03 5.4133E+04 1.0000E+00 6.6140E-04 1.5213E-043546 8459  396
 5.4134E+04 0.0000E+00 4.0807E-02 7.3452E-03 5.4134E+04 1.0000E+003546 8459  397
 8.2871E-06 2.1546E-06 5.4135E+04 0.0000E+00 5.5035E-02 8.8058E-033546 8459  398
 5.4135E+04 1.0000E+00 9.1235E-03 1.8247E-03 5.4136E+04 0.0000E+003546 8459  399
 7.4879E-02 1.1980E-02 5.4137E+04 0.0000E+00 7.2519E-02 1.1603E-023546 8459  400
 5.4138E+04 0.0000E+00 7.1498E-02 1.3585E-02 5.4139E+04 0.0000E+003546 8459  401
 6.2823E-02 1.1936E-02 5.4140E+04 0.0000E+00 5.8669E-02 1.1147E-023546 8459  402
 5.4141E+04 0.0000E+00 4.6271E-02 1.0180E-02 5.4142E+04 0.0000E+003546 8459  403
 3.3455E-02 1.1040E-02 5.4143E+04 0.0000E+00 1.0522E-02 6.5235E-033546 8459  404
 5.4144E+04 0.0000E+00 2.2212E-03 2.8876E-03 5.4145E+04 0.0000E+003546 8459  405
 1.7026E-04 4.9716E-04 5.4146E+04 0.0000E+00 7.4147E-06 5.0198E-053546 8459  406
 5.4147E+04 0.0000E+00 1.1627E-07 1.8661E-06 5.5133E+04 0.0000E+003546 8459  407
 2.3235E-02 4.6470E-03 5.5134E+04 0.0000E+00 2.1410E-10 3.8537E-113546 8459  408
 5.5134E+04 1.0000E+00 4.4877E-11 8.9754E-12 5.5135E+04 0.0000E+003546 8459  409
 5.5090E-02 8.8144E-03 5.5135E+04 1.0000E+00 4.7397E-09 2.1096E-073546 8459  410
 5.5136E+04 0.0000E+00 5.6838E-07 8.5255E-08 5.5136E+04 1.0000E+003546 8459  411
 1.5387E-07 2.7697E-08 5.5137E+04 0.0000E+00 7.2536E-02 1.0881E-023546 8459  412
 5.5138E+04 0.0000E+00 7.1676E-02 1.0751E-02 5.5138E+04 1.0000E+003546 8459  413
 9.0634E-05 4.5498E-04 5.5139E+04 0.0000E+00 6.4363E-02 1.0298E-023546 8459  414
 5.5140E+04 0.0000E+00 6.4259E-02 1.0924E-02 5.5141E+04 0.0000E+003546 8459  415
 6.7566E-02 1.2162E-02 5.5142E+04 0.0000E+00 7.1396E-02 1.3565E-023546 8459  416
 5.5143E+04 0.0000E+00 6.4307E-02 1.2218E-02 5.5144E+04 0.0000E+003546 8459  417
 3.3975E-02 8.8333E-03 5.5144E+04 1.0000E+00 4.2566E-06 4.2566E-063546 8459  418
 5.5145E+04 0.0000E+00 1.4231E-02 6.4039E-03 5.5146E+04 0.0000E+003546 8459  419
 2.2490E-03 2.0466E-03 5.5147E+04 0.0000E+00 2.5879E-04 5.2534E-043546 8459  420
 5.5148E+04 0.0000E+00 9.4435E-06 4.4762E-05 5.5149E+04 0.0000E+003546 8459  421
 1.6838E-07 1.9145E-06 5.5150E+04 0.0000E+00 8.4326E-10 2.3434E-083546 8459  422
 5.5151E+04 0.0000E+00 2.5653E-12 1.7731E-10 5.6134E+04 0.0000E+003546 8459  423
 2.1410E-10 3.8538E-11 5.6135E+04 0.0000E+00 1.9209E-13 3.0734E-143546 8459  424
 5.6135E+04 1.0000E+00 1.3749E-13 1.3748E-11 5.6136E+04 0.0000E+003546 8459  425
 6.4534E-07 9.6800E-08 5.6136E+04 1.0000E+00 1.8815E-11 2.8223E-123546 8459  426
 5.6137E+04 0.0000E+00 7.2536E-02 1.0881E-02 5.6137E+04 1.0000E+003546 8459  427
 6.8474E-02 1.2325E-02 5.6138E+04 0.0000E+00 7.1694E-02 1.0754E-023546 8459  428
 5.6139E+04 0.0000E+00 6.4366E-02 1.0298E-02 5.6140E+04 0.0000E+003546 8459  429
 6.4312E-02 1.0290E-02 5.6141E+04 0.0000E+00 6.8133E-02 1.0901E-023546 8459  430
 5.6142E+04 0.0000E+00 7.7329E-02 1.2373E-02 5.6143E+04 0.0000E+003546 8459  431
 8.1856E-02 1.4734E-02 5.6144E+04 0.0000E+00 8.0305E-02 1.5258E-023546 8459  432
 5.6145E+04 0.0000E+00 6.2643E-02 1.1902E-02 5.6146E+04 0.0000E+003546 8459  433
 4.1615E-02 9.5715E-03 5.6147E+04 0.0000E+00 1.4793E-02 5.1778E-033546 8459  434
 5.6148E+04 0.0000E+00 3.5652E-03 2.3530E-03 5.6149E+04 0.0000E+003546 8459  435
 2.6879E-04 3.8168E-04 5.6150E+04 0.0000E+00 1.1427E-05 3.7708E-053546 8459  436
 5.6151E+04 0.0000E+00 1.8072E-07 1.4404E-06 5.6152E+04 0.0000E+003546 8459  437
 1.4533E-09 2.8573E-08 5.6153E+04 0.0000E+00 3.1616E-12 1.5593E-103546 8459  438
 5.7138E+04 0.0000E+00 1.0368E-12 1.5552E-13 5.7139E+04 0.0000E+003546 8459  439
 6.4366E-02 1.0298E-02 5.7140E+04 0.0000E+00 6.4312E-02 1.0290E-023546 8459  440
 5.7141E+04 0.0000E+00 6.8133E-02 1.0220E-02 5.7142E+04 0.0000E+003546 8459  441
 7.7338E-02 1.1600E-02 5.7143E+04 0.0000E+00 8.2016E-02 1.2302E-023546 8459  442
 5.7144E+04 0.0000E+00 8.1485E-02 1.2223E-02 5.7145E+04 0.0000E+003546 8459  443
 6.8966E-02 1.1035E-02 5.7146E+04 0.0000E+00 4.7557E-02 8.5602E-033546 8459  444
 5.7146E+04 1.0000E+00 6.7807E-03 5.0177E-03 5.7147E+04 0.0000E+003546 8459  445
 3.5922E-02 7.5436E-03 5.7148E+04 0.0000E+00 1.7330E-02 3.9860E-033546 8459  446
 5.7149E+04 0.0000E+00 6.0363E-03 1.9316E-03 5.7150E+04 0.0000E+003546 8459  447
 9.0643E-04 4.7134E-04 5.7151E+04 0.0000E+00 1.0808E-04 1.1132E-043546 8459  448
 5.7152E+04 0.0000E+00 4.1679E-06 9.6279E-06 5.7153E+04 0.0000E+003546 8459  449
 8.6587E-08 4.7796E-07 5.7154E+04 0.0000E+00 4.9942E-10 6.8071E-093546 8459  450
 5.7155E+04 0.0000E+00 1.4736E-12 5.0471E-11 5.8140E+04 0.0000E+003546 8459  451
 6.4312E-02 1.0290E-02 5.8141E+04 0.0000E+00 6.8133E-02 1.0220E-023546 8459  452
 5.8142E+04 0.0000E+00 7.7338E-02 1.1600E-02 5.8143E+04 0.0000E+003546 8459  453
 8.2016E-02 1.2303E-02 5.8144E+04 0.0000E+00 8.1487E-02 1.2223E-023546 8459  454
 5.8145E+04 0.0000E+00 6.8996E-02 1.0349E-02 5.8146E+04 0.0000E+003546 8459  455
 5.4670E-02 8.7472E-03 5.8147E+04 0.0000E+00 3.7562E-02 7.1368E-033546 8459  456
 5.8148E+04 0.0000E+00 2.2760E-02 5.2347E-03 5.8149E+04 0.0000E+003546 8459  457
 1.1872E-02 2.8493E-03 5.8150E+04 0.0000E+00 5.3006E-03 1.5372E-033546 8459  458
 5.8151E+04 0.0000E+00 1.7187E-03 6.5313E-04 5.8152E+04 0.0000E+003546 8459  459
 4.0572E-04 2.2315E-04 5.8153E+04 0.0000E+00 3.5686E-05 3.2118E-053546 8459  460
 5.8154E+04 0.0000E+00 1.8083E-06 3.1464E-06 5.8155E+04 0.0000E+003546 8459  461
 2.9177E-08 1.1292E-07 5.8156E+04 0.0000E+00 2.4390E-10 2.2610E-093546 8459  462
 5.8157E+04 0.0000E+00 7.1385E-13 1.6454E-11 5.9141E+04 0.0000E+003546 8459  463
 6.8133E-02 1.0220E-02 5.9143E+04 0.0000E+00 8.2016E-02 1.2303E-023546 8459  464
 5.9144E+04 0.0000E+00 8.1486E-02 1.2223E-02 5.9144E+04 1.0000E+003546 8459  465
 1.1245E-03 2.0241E-04 5.9145E+04 0.0000E+00 6.8996E-02 1.0349E-023546 8459  466
 5.9146E+04 0.0000E+00 5.4670E-02 8.7473E-03 5.9147E+04 0.0000E+003546 8459  467
 3.7564E-02 6.7615E-03 5.9148E+04 0.0000E+00 2.2766E-02 4.5531E-033546 8459  468
 5.9148E+04 1.0000E+00 1.7033E-05 1.2502E-04 5.9149E+04 0.0000E+003546 8459  469
 1.2020E-02 2.8848E-03 5.9150E+04 0.0000E+00 5.6349E-03 1.6341E-033546 8459  470
 5.9151E+04 0.0000E+00 2.3284E-03 8.3819E-04 5.9152E+04 0.0000E+003546 8459  471
 8.1548E-04 3.7512E-04 5.9153E+04 0.0000E+00 2.2375E-04 1.3872E-043546 8459  472
 5.9154E+04 0.0000E+00 3.4240E-05 2.8761E-05 5.9155E+04 0.0000E+003546 8459  473
 3.8724E-06 4.9179E-06 5.9156E+04 0.0000E+00 1.5413E-07 3.0981E-073546 8459  474
 5.9157E+04 0.0000E+00 4.3930E-09 1.5639E-08 5.9158E+04 0.0000E+003546 8459  475
 3.6871E-11 2.6437E-10 5.9159E+04 0.0000E+00 1.3536E-13 2.1874E-123546 8459  476
 6.0143E+04 0.0000E+00 8.2016E-02 1.2303E-02 6.0144E+04 0.0000E+003546 8459  477
 8.1487E-02 1.2223E-02 6.0145E+04 0.0000E+00 6.8996E-02 1.0349E-023546 8459  478
 6.0146E+04 0.0000E+00 5.4670E-02 8.7473E-03 6.0147E+04 0.0000E+003546 8459  479
 3.7564E-02 6.7615E-03 6.0148E+04 0.0000E+00 2.2783E-02 4.5565E-033546 8459  480
 6.0149E+04 0.0000E+00 1.2020E-02 2.8848E-03 6.0150E+04 0.0000E+003546 8459  481
 5.6362E-03 1.6345E-03 6.0151E+04 0.0000E+00 2.3367E-03 8.4124E-043546 8459  482
 6.0152E+04 0.0000E+00 8.4947E-04 3.9075E-04 6.0153E+04 0.0000E+003546 8459  483
 2.7171E-04 1.6847E-04 6.0154E+04 0.0000E+00 7.6216E-05 6.4021E-053546 8459  484
 6.0155E+04 0.0000E+00 1.7994E-05 2.1593E-05 6.0156E+04 0.0000E+003546 8459  485
 3.4117E-06 5.9705E-06 6.0157E+04 0.0000E+00 3.6586E-07 9.6587E-073546 8459  486
 6.0158E+04 0.0000E+00 2.5568E-08 1.0611E-07 6.0159E+04 0.0000E+003546 8459  487
 5.1022E-10 3.4542E-09 6.0160E+04 0.0000E+00 3.4654E-12 4.0961E-113546 8459  488
 6.1147E+04 0.0000E+00 3.7564E-02 6.7615E-03 6.1149E+04 0.0000E+003546 8459  489
 1.2020E-02 2.8848E-03 6.1150E+04 0.0000E+00 2.6452E-11 7.6710E-123546 8459  490
 6.1151E+04 0.0000E+00 2.3367E-03 8.4124E-04 6.1152E+04 0.0000E+003546 8459  491
 8.4947E-04 3.9076E-04 6.1152E+04 1.0000E+00 1.2502E-08 3.8855E-073546 8459  492
 6.1152E+04 2.0000E+00 5.3250E-10 1.6550E-08 6.1153E+04 0.0000E+003546 8459  493
 2.7188E-04 1.6857E-04 6.1154E+04 0.0000E+00 7.6292E-05 6.4086E-053546 8459  494
 6.1154E+04 1.0000E+00 4.6083E-07 2.0092E-06 6.1155E+04 0.0000E+003546 8459  495
 1.9081E-05 2.2897E-05 6.1156E+04 0.0000E+00 4.1641E-06 7.2870E-063546 8459  496
 6.1157E+04 0.0000E+00 7.8723E-07 2.0783E-06 6.1158E+04 0.0000E+003546 8459  497
 1.1417E-07 4.6925E-07 6.1159E+04 0.0000E+00 1.1792E-08 7.7945E-083546 8459  498
 6.1160E+04 0.0000E+00 4.8945E-10 5.3693E-09 6.1161E+04 0.0000E+003546 8459  499
 9.3427E-12 1.7602E-10 6.2147E+04 0.0000E+00 3.7564E-02 6.7615E-033546 8459  500
 6.2149E+04 0.0000E+00 1.2020E-02 2.8848E-03 6.2150E+04 0.0000E+003546 8459  501
 2.6452E-11 7.6710E-12 6.2151E+04 0.0000E+00 2.3367E-03 8.4124E-043546 8459  502
 6.2152E+04 0.0000E+00 8.4949E-04 3.9077E-04 6.2153E+04 0.0000E+003546 8459  503
 2.7188E-04 1.6857E-04 6.2153E+04 1.0000E+00 5.5640E-12 4.5574E-103546 8459  504
 6.2154E+04 0.0000E+00 7.6753E-05 6.4473E-05 6.2155E+04 0.0000E+003546 8459  505
 1.9083E-05 2.2900E-05 6.2156E+04 0.0000E+00 4.1726E-06 7.3022E-063546 8459  506
 6.2157E+04 0.0000E+00 8.0515E-07 2.1256E-06 6.2158E+04 0.0000E+003546 8459  507
 1.3680E-07 5.6223E-07 6.2159E+04 0.0000E+00 2.0395E-08 1.3481E-073546 8459  508
 6.2160E+04 0.0000E+00 2.6386E-09 2.8946E-08 6.2161E+04 0.0000E+003546 8459  509
 2.7701E-10 5.2051E-09 6.2162E+04 0.0000E+00 2.3704E-11 7.8744E-103546 8459  510
 6.2163E+04 0.0000E+00 3.5495E-13 2.1535E-11 6.3151E+04 0.0000E+003546 8459  511
 2.3367E-03 8.4124E-04 6.3153E+04 0.0000E+00 2.7188E-04 1.6857E-043546 8459  512
 6.3155E+04 0.0000E+00 1.9083E-05 2.2900E-05 6.3156E+04 0.0000E+003546 8459  513
 4.1726E-06 7.3022E-06 6.3157E+04 0.0000E+00 8.0516E-07 2.1256E-063546 8459  514
 6.3158E+04 0.0000E+00 1.3683E-07 5.6238E-07 6.3159E+04 0.0000E+003546 8459  515
 2.0473E-08 1.3532E-07 6.3160E+04 0.0000E+00 2.6976E-09 2.9593E-083546 8459  516
 6.3161E+04 0.0000E+00 3.1337E-10 5.8882E-09 6.3162E+04 0.0000E+003546 8459  517
 3.2004E-11 1.0631E-09 6.3163E+04 0.0000E+00 2.8111E-12 1.7047E-103546 8459  518
 6.3164E+04 0.0000E+00 1.0603E-13 1.0602E-11 6.4155E+04 0.0000E+003546 8459  519
 1.9083E-05 2.2900E-05 6.4156E+04 0.0000E+00 4.1726E-06 7.3022E-063546 8459  520
 6.4157E+04 0.0000E+00 8.0516E-07 2.1256E-06 6.4158E+04 0.0000E+003546 8459  521
 1.3683E-07 5.6238E-07 6.4159E+04 0.0000E+00 2.0473E-08 1.3532E-073546 8459  522
 6.4160E+04 0.0000E+00 2.6976E-09 2.9592E-08 6.4161E+04 0.0000E+003546 8459  523
 3.1340E-10 5.8887E-09 6.4162E+04 0.0000E+00 3.2056E-11 1.0649E-093546 8459  524
 6.4163E+04 0.0000E+00 2.8883E-12 1.7515E-10 6.4164E+04 0.0000E+003546 8459  525
 2.2924E-13 2.2921E-11 6.5159E+04 0.0000E+00 2.0473E-08 1.3532E-073546 8459  526
 6.5161E+04 0.0000E+00 3.1340E-10 5.8887E-09 6.5162E+04 0.0000E+003546 8459  527
 3.2056E-11 1.0649E-09 6.5163E+04 0.0000E+00 2.8883E-12 1.7515E-103546 8459  528
 6.5164E+04 0.0000E+00 2.2924E-13 2.2921E-11 6.6161E+04 0.0000E+003546 8459  529
 3.1340E-10 5.8887E-09 6.6162E+04 0.0000E+00 3.2056E-11 1.0649E-093546 8459  530
 6.6163E+04 0.0000E+00 2.8883E-12 1.7515E-10 6.6164E+04 0.0000E+003546 8459  531
 2.2924E-13 2.2921E-11 0.0000E+00 0.0000E+00 0.0000E+00 0.0000E+003546 8459  532
 0.0000E+00 0.0000E+00          0          0          0          03546 8  099999
                                                                  3546 0  0    0
                                                                     0 0  0    0
 0.0000E+00 0.0000E+00          0          0          0          0  -1 0  0    0
