Fission Product Yields for np228(s,f) fission                      231 0  0    0
 9.3228e+04 2.2604e+02         -1          1          2          13554 1451    1
 0.0000e+00 1.0000e+00          0          0          0          63554 1451    2
 0.0000e+00 1.5000e+08          1          0          5          63554 1451    3
 0.0000e+00 0.0000e+00          0          0         11          33554 1451    4
 93-Np-228  NexiaSol   EVAL-DEC07                      R.W. Mills 3554 1451    5
                       DIST-DEC07DRAFT-DEC07           071212     3554 1451    6
 Energy dependent fission yields - UKFY4.1 (Issue 1)              3554 1451    7
 =====================================================            3554 1451    8
 The CYFP code developed by Wahl [1] was used to produce          3554 1451    9
 energy dependent fission yields for fission induced by           3554 1451   10
 neutron, proton, deuteron and alpha particles.                   3554 1451   11
                                                                  3554 1451   12
 References                                                       3554 1451   13
 1) "Systematics of Fission-Product Yields", LA-13928,            3554 1451   14
    A.C. Wahl (2002).                                             3554 1451   15
                                1        451         18          03554 1451   16
                                8        454        810          03554 1451   17
                                8        459        810          03554 1451   18
 0.0000e+00 0.0000e+00          0          0          0          03554 1  099999
                                                                  3554 0  0    0
 9.3228E+04 2.2604E+02          1          0          0          03554 8454    1
 0.0000E+00 0.0000E+00          0          0       3468        8673554 8454    2
 2.5060E+04 0.0000E+00 2.6654E-13 2.1323E-11 2.5061E+04 0.0000E+003554 8454    3
 5.9036E-13 2.9565E-11 2.5062E+04 0.0000E+00 4.4200E-13 4.4196E-113554 8454    4
 2.5063E+04 0.0000E+00 2.6230E-13 2.6227E-11 2.6060E+04 0.0000E+003554 8454    5
 6.6952E-13 5.3562E-11 2.6061E+04 0.0000E+00 5.4738E-12 2.7408E-103554 8454    6
 2.6062E+04 0.0000E+00 3.3024E-11 1.0568E-09 2.6063E+04 0.0000E+003554 8454    7
 1.1428E-10 2.3861E-09 2.6064E+04 0.0000E+00 1.8362E-10 1.8360E-083554 8454    8
 2.6065E+04 0.0000E+00 5.5042E-11 5.3721E-10 2.6066E+04 0.0000E+003554 8454    9
 7.3960E-12 6.8635E-11 2.6067E+04 0.0000E+00 4.3304E-13 8.0676E-123554 8454   10
 2.7061E+04 0.0000E+00 1.4659E-13 7.3429E-12 2.7062E+04 0.0000E+003554 8454   11
 3.7607E-12 1.2034E-10 2.7063E+04 0.0000E+00 8.5411E-11 1.7834E-093554 8454   12
 2.7064E+04 0.0000E+00 5.4695E-10 7.6026E-09 2.7065E+04 0.0000E+003554 8454   13
 1.5169E-09 1.5168E-07 2.7066E+04 0.0000E+00 1.3266E-09 8.7425E-093554 8454   14
 2.7067E+04 0.0000E+00 1.0560E-09 5.1742E-09 2.7068E+04 0.0000E+003554 8454   15
 2.5015E-10 1.3408E-09 2.7069E+04 0.0000E+00 2.4190E-11 2.8448E-103554 8454   16
 2.8061E+04 0.0000E+00 1.2189E-16 6.3153E-15 2.8062E+04 0.0000E+003554 8454   17
 4.1376E-14 1.3389E-12 2.8063E+04 0.0000E+00 5.7886E-12 1.2127E-103554 8454   18
 2.8064E+04 0.0000E+00 3.1467E-10 4.3802E-09 2.8065E+04 0.0000E+003554 8454   19
 3.3026E-09 3.1243E-08 2.8066E+04 0.0000E+00 1.9256E-08 1.9254E-063554 8454   20
 2.8067E+04 0.0000E+00 6.9900E-08 3.2573E-07 2.8068E+04 0.0000E+003554 8454   21
 1.7743E-07 6.0148E-07 2.8069E+04 0.0000E+00 1.2459E-07 3.3389E-073554 8454   22
 2.9063E+04 0.0000E+00 2.7903E-16 8.2510E-15 2.9064E+04 0.0000E+003554 8454   23
 1.1587E-13 1.8377E-12 2.9065E+04 0.0000E+00 1.4632E-11 1.4427E-103554 8454   24
 2.9066E+04 0.0000E+00 4.5681E-10 3.0378E-09 2.9067E+04 0.0000E+003554 8454   25
 1.2317E-08 1.2316E-06 2.9068E+04 0.0000E+00 4.5724E-08 4.5720E-063554 8454   26
 2.9068E+04 1.0000E+00 6.8386E-08 6.8379E-06 2.9069E+04 0.0000E+003554 8454   27
 5.9449E-07 1.4803E-06 2.9070E+04 0.0000E+00 9.7409E-08 4.2178E-073554 8454   28
 2.9070E+04 1.0000E+00 1.9354E-07 8.3801E-07 2.9071E+04 0.0000E+003554 8454   29
 6.7724E-08 3.3727E-07 2.9072E+04 0.0000E+00 1.3196E-09 1.8356E-083554 8454   30
 2.9073E+04 0.0000E+00 1.7012E-10 5.2416E-09 2.9074E+04 0.0000E+003554 8454   31
 4.7069E-12 2.6876E-10 2.9075E+04 0.0000E+00 1.8743E-13 1.7487E-113554 8454   32
 3.0066E+04 0.0000E+00 6.3236E-13 8.7077E-12 3.0067E+04 0.0000E+003554 8454   33
 1.2293E-10 7.8800E-10 3.0068E+04 0.0000E+00 1.2369E-08 4.6260E-083554 8454   34
 3.0069E+04 0.0000E+00 7.7348E-08 7.7340E-06 3.0069E+04 1.0000E+003554 8454   35
 2.2445E-07 2.2443E-05 3.0070E+04 0.0000E+00 2.8644E-06 6.5021E-063554 8454   36
 3.0071E+04 0.0000E+00 2.2818E-06 6.6400E-06 3.0071E+04 1.0000E+003554 8454   37
 6.6213E-06 1.9268E-05 3.0072E+04 0.0000E+00 2.2628E-05 2.6475E-053554 8454   38
 3.0073E+04 0.0000E+00 4.3635E-06 1.1345E-05 3.0073E+04 1.0000E+003554 8454   39
 1.9199E-05 4.9917E-05 3.0074E+04 0.0000E+00 6.6172E-06 1.7205E-053554 8454   40
 3.0075E+04 0.0000E+00 3.2638E-07 1.8310E-06 3.0076E+04 0.0000E+003554 8454   41
 2.6963E-08 2.9147E-07 3.0077E+04 0.0000E+00 6.6357E-10 3.4061E-083554 8454   42
 3.0077E+04 1.0000E+00 1.5082E-10 7.7414E-09 3.0078E+04 0.0000E+003554 8454   43
 9.7461E-12 6.5094E-10 3.1068E+04 0.0000E+00 5.4996E-13 1.0680E-113554 8454   44
 3.1069E+04 0.0000E+00 1.8629E-10 1.8627E-08 3.1071E+04 0.0000E+003554 8454   45
 5.3954E-09 6.4583E-08 3.1072E+04 0.0000E+00 7.5655E-07 7.5647E-053554 8454   46
 3.1072E+04 1.0000E+00 1.2561E-07 1.2559E-05 3.1073E+04 0.0000E+003554 8454   47
 3.2706E-05 3.0417E-05 3.1074E+04 0.0000E+00 4.7720E-05 7.3011E-053554 8454   48
 3.1074E+04 1.0000E+00 1.2655E-05 1.9362E-05 3.1075E+04 0.0000E+003554 8454   49
 4.9534E-05 3.6160E-05 3.1076E+04 0.0000E+00 1.4676E-05 1.5263E-053554 8454   50
 3.1077E+04 0.0000E+00 5.5977E-06 1.2595E-05 3.1078E+04 0.0000E+003554 8454   51
 4.5048E-07 2.6128E-06 3.1079E+04 0.0000E+00 1.4816E-08 2.2327E-073554 8454   52
 3.1080E+04 0.0000E+00 1.2562E-10 4.8563E-09 3.1081E+04 0.0000E+003554 8454   53
 9.2602E-13 9.0370E-11 3.2072E+04 0.0000E+00 2.1248E-11 1.2318E-093554 8454   54
 3.2073E+04 0.0000E+00 1.4641E-08 1.4640E-06 3.2073E+04 1.0000E+003554 8454   55
 4.4270E-07 4.4266E-05 3.2074E+04 0.0000E+00 5.9170E-05 6.8046E-053554 8454   56
 3.2075E+04 0.0000E+00 3.8617E-05 5.1747E-05 3.2075E+04 1.0000E+003554 8454   57
 1.6991E-04 2.2768E-04 3.2076E+04 0.0000E+00 4.5955E-04 2.4816E-043554 8454   58
 3.2077E+04 0.0000E+00 4.9641E-04 5.1627E-04 3.2077E+04 1.0000E+003554 8454   59
 1.1282E-04 1.1734E-04 3.2078E+04 0.0000E+00 5.1557E-04 3.5058E-043554 8454   60
 3.2079E+04 0.0000E+00 1.9595E-05 5.5845E-05 3.2079E+04 1.0000E+003554 8454   61
 8.6214E-05 2.4571E-04 3.2080E+04 0.0000E+00 1.0014E-05 3.5551E-053554 8454   62
 3.2081E+04 0.0000E+00 3.2839E-07 5.9339E-06 3.2081E+04 1.0000E+003554 8454   63
 1.1317E-07 2.0449E-06 3.2082E+04 0.0000E+00 1.3063E-08 2.9861E-073554 8454   64
 3.2083E+04 0.0000E+00 1.5540E-10 8.8657E-09 3.2084E+04 0.0000E+003554 8454   65
 8.4411E-13 8.4402E-11 3.3074E+04 0.0000E+00 1.0174E-09 1.9574E-083554 8454   66
 3.3075E+04 0.0000E+00 1.5441E-07 1.0114E-06 3.3075E+04 1.0000E+003554 8454   67
 5.3271E-07 3.4893E-06 3.3076E+04 0.0000E+00 1.8401E-05 1.7481E-053554 8454   68
 3.3077E+04 0.0000E+00 2.5311E-04 1.3921E-04 3.3078E+04 0.0000E+003554 8454   69
 7.8416E-04 3.3719E-04 3.3079E+04 0.0000E+00 1.2143E-03 4.8574E-043554 8454   70
 3.3080E+04 0.0000E+00 5.7562E-04 2.8205E-04 3.3081E+04 0.0000E+003554 8454   71
 2.5189E-04 2.3425E-04 3.3082E+04 0.0000E+00 1.6858E-05 7.4850E-053554 8454   72
 3.3082E+04 1.0000E+00 2.5213E-05 1.1195E-04 3.3083E+04 0.0000E+003554 8454   73
 4.9713E-06 2.7541E-05 3.3084E+04 0.0000E+00 1.4305E-07 1.9783E-063554 8454   74
 3.3084E+04 1.0000E+00 0.0000E+00 0.0000E+00 3.3085E+04 0.0000E+003554 8454   75
 2.4426E-09 8.3341E-08 3.3086E+04 0.0000E+00 1.5480E-11 1.2819E-093554 8454   76
 3.3087E+04 0.0000E+00 9.5490E-14 9.5480E-12 3.4074E+04 0.0000E+003554 8454   77
 4.0443E-17 4.0439E-15 3.4075E+04 0.0000E+00 1.3064E-11 6.9826E-103554 8454   78
 3.4076E+04 0.0000E+00 4.5619E-08 4.3384E-07 3.4077E+04 0.0000E+003554 8454   79
 7.5513E-07 4.4477E-06 3.4077E+04 1.0000E+00 4.1278E-06 2.4313E-053554 8454   80
 3.4078E+04 0.0000E+00 1.5495E-04 1.7510E-04 3.4079E+04 0.0000E+003554 8454   81
 8.1376E-04 8.9514E-04 3.4079E+04 1.0000E+00 1.8495E-04 2.0345E-043554 8454   82
 3.4080E+04 0.0000E+00 2.9974E-03 1.1090E-03 3.4081E+04 0.0000E+003554 8454   83
 9.0383E-04 5.7845E-04 3.4081E+04 1.0000E+00 3.9768E-03 2.5451E-033554 8454   84
 3.4082E+04 0.0000E+00 6.4104E-03 2.3718E-03 3.4083E+04 0.0000E+003554 8454   85
 2.7952E-03 3.5219E-03 3.4083E+04 1.0000E+00 9.6325E-04 1.2137E-033554 8454   86
 3.4084E+04 0.0000E+00 1.0125E-03 1.4479E-03 3.4085E+04 0.0000E+003554 8454   87
 8.9613E-05 3.1185E-04 3.4086E+04 0.0000E+00 5.1002E-06 4.3505E-053554 8454   88
 3.4087E+04 0.0000E+00 1.4890E-07 3.0778E-06 3.4088E+04 0.0000E+003554 8454   89
 2.4301E-09 1.1925E-07 3.4089E+04 0.0000E+00 1.1176E-11 1.1175E-093554 8454   90
 3.5077E+04 0.0000E+00 3.1161E-11 2.1230E-09 3.5077E+04 1.0000E+003554 8454   91
 6.6563E-11 4.5349E-09 3.5078E+04 0.0000E+00 2.8531E-08 3.3210E-073554 8454   92
 3.5079E+04 0.0000E+00 5.6064E-07 4.5917E-06 3.5079E+04 1.0000E+003554 8454   93
 1.9342E-06 1.5841E-05 3.5080E+04 0.0000E+00 1.4639E-05 4.4501E-053554 8454   94
 3.5080E+04 1.0000E+00 2.9085E-05 8.8417E-05 3.5081E+04 0.0000E+003554 8454   95
 5.5522E-04 3.5534E-04 3.5082E+04 0.0000E+00 1.5206E-03 1.0948E-033554 8454   96
 3.5082E+04 1.0000E+00 1.0167E-03 7.3203E-04 3.5083E+04 0.0000E+003554 8454   97
 9.0217E-03 2.3456E-03 3.5084E+04 0.0000E+00 3.7144E-03 2.0801E-033554 8454   98
 3.5084E+04 1.0000E+00 5.5553E-03 3.1109E-03 3.5085E+04 0.0000E+003554 8454   99
 6.4407E-03 2.8339E-03 3.5086E+04 0.0000E+00 1.7172E-03 1.6141E-033554 8454  100
 3.5087E+04 0.0000E+00 4.2435E-04 9.4205E-04 3.5088E+04 0.0000E+003554 8454  101
 3.1508E-05 1.6636E-04 3.5089E+04 0.0000E+00 1.1181E-06 1.3875E-053554 8454  102
 3.5090E+04 0.0000E+00 1.2878E-08 3.6701E-07 3.5091E+04 0.0000E+003554 8454  103
 1.4954E-10 9.5407E-09 3.5092E+04 0.0000E+00 7.1456E-13 7.1449E-113554 8454  104
 3.6078E+04 0.0000E+00 1.1674E-13 1.1673E-11 3.6079E+04 0.0000E+003554 8454  105
 1.0312E-10 4.7251E-09 3.6080E+04 0.0000E+00 2.8444E-08 4.5282E-073554 8454  106
 3.6081E+04 0.0000E+00 2.1781E-06 2.4699E-05 3.6081E+04 1.0000E+003554 8454  107
 4.9503E-07 5.6137E-06 3.6082E+04 0.0000E+00 1.3107E-04 2.7395E-043554 8454  108
 3.6083E+04 0.0000E+00 6.8421E-05 1.1358E-04 3.6083E+04 1.0000E+003554 8454  109
 2.0688E-03 3.4342E-03 3.6084E+04 0.0000E+00 1.4168E-02 5.5255E-033554 8454  110
 3.6085E+04 0.0000E+00 2.3656E-02 1.1355E-02 3.6085E+04 1.0000E+003554 8454  111
 8.1523E-03 3.9131E-03 3.6086E+04 0.0000E+00 5.2275E-02 1.1501E-023554 8454  112
 3.6087E+04 0.0000E+00 5.0006E-02 1.6002E-02 3.6088E+04 0.0000E+003554 8454  113
 2.7922E-02 1.7591E-02 3.6089E+04 0.0000E+00 4.2020E-03 5.9249E-033554 8454  114
 3.6090E+04 0.0000E+00 3.5750E-04 1.1476E-03 3.6091E+04 0.0000E+003554 8454  115
 1.6184E-05 1.1717E-04 3.6092E+04 0.0000E+00 5.1049E-07 8.1883E-063554 8454  116
 3.6093E+04 0.0000E+00 6.6756E-09 2.3291E-07 3.6094E+04 0.0000E+003554 8454  117
 4.5819E-11 3.4350E-09 3.6095E+04 0.0000E+00 1.1938E-13 1.1937E-113554 8454  118
 3.7081E+04 0.0000E+00 5.2724E-12 5.2719E-10 3.7081E+04 1.0000E+003554 8454  119
 1.1262E-11 1.1261E-09 3.7082E+04 0.0000E+00 2.2270E-09 9.5849E-083554 8454  120
 3.7082E+04 1.0000E+00 4.4246E-09 1.9044E-07 3.7083E+04 0.0000E+003554 8454  121
 1.3827E-06 1.0730E-05 3.7084E+04 0.0000E+00 2.5332E-05 1.4566E-043554 8454  122
 3.7084E+04 1.0000E+00 2.8910E-05 1.6623E-04 3.7085E+04 0.0000E+003554 8454  123
 1.0278E-03 1.1511E-03 3.7086E+04 0.0000E+00 2.8940E-03 2.8072E-033554 8454  124
 3.7086E+04 1.0000E+00 3.3028E-03 3.2037E-03 3.7087E+04 0.0000E+003554 8454  125
 3.3166E-02 8.6232E-03 3.7088E+04 0.0000E+00 5.6823E-02 1.0228E-023554 8454  126
 3.7089E+04 0.0000E+00 5.1104E-02 1.2265E-02 3.7090E+04 0.0000E+003554 8454  127
 4.1249E-03 3.5474E-03 3.7090E+04 1.0000E+00 1.1470E-02 9.8645E-033554 8454  128
 3.7091E+04 0.0000E+00 4.6722E-03 4.1116E-03 3.7092E+04 0.0000E+003554 8454  129
 5.3614E-04 1.0187E-03 3.7093E+04 0.0000E+00 4.4519E-05 1.8342E-043554 8454  130
 3.7094E+04 0.0000E+00 1.0488E-06 9.3761E-06 3.7095E+04 0.0000E+003554 8454  131
 1.6499E-08 3.1958E-07 3.7096E+04 0.0000E+00 9.4474E-11 3.9802E-093554 8454  132
 3.7097E+04 0.0000E+00 4.9618E-13 4.5882E-11 3.8083E+04 0.0000E+003554 8454  133
 1.6370E-11 1.6368E-09 3.8083E+04 1.0000E+00 3.7206E-12 3.7202E-103554 8454  134
 3.8084E+04 0.0000E+00 1.1078E-08 3.1760E-07 3.8085E+04 0.0000E+003554 8454  135
 1.0718E-06 2.2454E-05 3.8085E+04 1.0000E+00 3.6935E-07 7.7378E-063554 8454  136
 3.8086E+04 0.0000E+00 9.1265E-05 3.5867E-04 3.8087E+04 0.0000E+003554 8454  137
 7.4446E-05 2.2855E-04 3.8087E+04 1.0000E+00 2.2510E-03 6.9105E-033554 8454  138
 3.8088E+04 0.0000E+00 2.6880E-02 1.7203E-02 3.8089E+04 0.0000E+003554 8454  139
 7.4298E-02 2.3775E-02 3.8090E+04 0.0000E+00 1.1499E-01 2.2998E-023554 8454  140
 3.8091E+04 0.0000E+00 9.9935E-02 1.9987E-02 3.8092E+04 0.0000E+003554 8454  141
 6.4000E-02 1.9200E-02 3.8093E+04 0.0000E+00 1.7397E-02 9.7424E-033554 8454  142
 3.8094E+04 0.0000E+00 2.4765E-03 2.7985E-03 3.8095E+04 0.0000E+003554 8454  143
 1.3277E-04 3.1865E-04 3.8096E+04 0.0000E+00 4.7035E-06 2.4552E-053554 8454  144
 3.8097E+04 0.0000E+00 8.5987E-08 9.9573E-07 3.8098E+04 0.0000E+003554 8454  145
 8.7111E-10 2.2719E-08 3.8099E+04 0.0000E+00 2.3574E-12 1.4029E-103554 8454  146
 3.9085E+04 0.0000E+00 8.5775E-13 8.5767E-11 3.9085E+04 1.0000E+003554 8454  147
 2.4890E-12 2.4888E-10 3.9086E+04 0.0000E+00 1.0877E-09 8.2252E-083554 8454  148
 3.9086E+04 1.0000E+00 4.5564E-10 3.4455E-08 3.9087E+04 0.0000E+003554 8454  149
 1.1623E-07 3.2766E-06 3.9087E+04 1.0000E+00 3.3729E-07 9.5081E-063554 8454  150
 3.9088E+04 0.0000E+00 2.8936E-05 1.5655E-04 3.9089E+04 0.0000E+003554 8454  151
 1.4812E-04 6.3989E-04 3.9089E+04 1.0000E+00 5.1102E-04 2.2076E-033554 8454  152
 3.9090E+04 0.0000E+00 2.0213E-03 3.6989E-03 3.9090E+04 1.0000E+003554 8454  153
 1.7493E-03 3.2013E-03 3.9091E+04 0.0000E+00 4.5365E-03 3.9014E-033554 8454  154
 3.9091E+04 1.0000E+00 1.3164E-02 1.1321E-02 3.9092E+04 0.0000E+003554 8454  155
 2.9904E-02 7.4760E-03 3.9093E+04 0.0000E+00 9.6733E-03 3.8693E-033554 8454  156
 3.9093E+04 1.0000E+00 2.8070E-02 1.1228E-02 3.9094E+04 0.0000E+003554 8454  157
 1.4743E-02 3.6858E-03 3.9095E+04 0.0000E+00 4.2445E-03 1.6978E-033554 8454  158
 3.9096E+04 0.0000E+00 6.8996E-05 1.0142E-04 3.9096E+04 1.0000E+003554 8454  159
 4.1558E-04 6.1090E-04 3.9097E+04 0.0000E+00 1.3908E-05 4.2420E-053554 8454  160
 3.9097E+04 1.0000E+00 4.0359E-05 1.2310E-04 3.9098E+04 0.0000E+003554 8454  161
 5.1518E-07 3.4826E-06 3.9098E+04 1.0000E+00 1.4326E-06 9.6844E-063554 8454  162
 3.9099E+04 0.0000E+00 3.4281E-08 2.6534E-07 3.9100E+04 0.0000E+003554 8454  163
 4.4965E-11 1.6201E-09 3.9100E+04 1.0000E+00 1.2504E-10 4.5051E-093554 8454  164
 3.9101E+04 0.0000E+00 7.5058E-13 3.1607E-11 4.0087E+04 0.0000E+003554 8454  165
 2.0421E-12 2.0419E-10 4.0087E+04 1.0000E+00 7.0374E-13 7.0367E-113554 8454  166
 4.0088E+04 0.0000E+00 2.1217E-09 1.0659E-07 4.0089E+04 0.0000E+003554 8454  167
 2.1330E-07 8.2504E-06 4.0089E+04 1.0000E+00 7.3505E-08 2.8432E-063554 8454  168
 4.0090E+04 0.0000E+00 4.0119E-06 6.1744E-05 4.0090E+04 1.0000E+003554 8454  169
 1.1156E-05 1.7170E-04 4.0091E+04 0.0000E+00 3.1185E-04 9.9170E-043554 8454  170
 4.0092E+04 0.0000E+00 3.4658E-03 4.7481E-03 4.0093E+04 0.0000E+003554 8454  171
 1.3367E-02 8.5546E-03 4.0094E+04 0.0000E+00 2.4916E-02 8.7207E-033554 8454  172
 4.0095E+04 0.0000E+00 1.8072E-02 4.6988E-03 4.0096E+04 0.0000E+003554 8454  173
 9.7701E-03 2.7356E-03 4.0097E+04 0.0000E+00 3.2010E-03 1.2164E-033554 8454  174
 4.0098E+04 0.0000E+00 6.7330E-04 4.1071E-04 4.0099E+04 0.0000E+003554 8454  175
 4.1842E-05 4.8118E-05 4.0100E+04 0.0000E+00 1.3727E-06 3.4180E-063554 8454  176
 4.0101E+04 0.0000E+00 2.2491E-08 1.2887E-07 4.0102E+04 0.0000E+003554 8454  177
 3.6361E-12 1.2534E-10 4.0103E+04 0.0000E+00 1.2533E-13 6.5910E-123554 8454  178
 4.1089E+04 0.0000E+00 1.9784E-13 1.9782E-11 4.1089E+04 1.0000E+003554 8454  179
 6.8177E-14 6.8170E-12 4.1090E+04 0.0000E+00 2.4889E-11 2.4886E-093554 8454  180
 4.1090E+04 1.0000E+00 5.9414E-11 5.9408E-09 4.1091E+04 0.0000E+003554 8454  181
 1.2296E-08 6.8118E-07 4.1091E+04 1.0000E+00 4.2373E-09 2.3475E-073554 8454  182
 4.1092E+04 0.0000E+00 4.0049E-07 9.1713E-06 4.1092E+04 1.0000E+003554 8454  183
 4.6275E-07 1.0597E-05 4.1093E+04 0.0000E+00 7.9509E-07 7.7283E-063554 8454  184
 4.1093E+04 1.0000E+00 2.4041E-05 2.3368E-04 4.1094E+04 0.0000E+003554 8454  185
 7.8406E-05 3.3244E-04 4.1094E+04 1.0000E+00 9.0595E-05 3.8412E-043554 8454  186
 4.1095E+04 0.0000E+00 5.2259E-04 1.0086E-03 4.1095E+04 1.0000E+003554 8454  187
 1.8009E-04 3.4757E-04 4.1096E+04 0.0000E+00 1.0696E-03 5.3478E-043554 8454  188
 4.1097E+04 0.0000E+00 1.2245E-03 9.0612E-04 4.1097E+04 1.0000E+003554 8454  189
 4.2197E-04 3.1226E-04 4.1098E+04 0.0000E+00 3.0797E-04 2.4329E-043554 8454  190
 4.1098E+04 1.0000E+00 6.1188E-04 4.8338E-04 4.1099E+04 0.0000E+003554 8454  191
 2.2262E-04 2.2707E-04 4.1099E+04 1.0000E+00 7.6718E-05 7.8253E-053554 8454  192
 4.1100E+04 0.0000E+00 8.4458E-06 1.2162E-05 4.1100E+04 1.0000E+003554 8454  193
 2.3486E-05 3.3820E-05 4.1101E+04 0.0000E+00 3.2910E-06 3.7847E-063554 8454  194
 4.1102E+04 0.0000E+00 3.9255E-08 2.6301E-07 4.1102E+04 1.0000E+003554 8454  195
 4.4799E-08 3.0015E-07 4.1103E+04 0.0000E+00 7.6425E-09 3.8289E-083554 8454  196
 4.1104E+04 0.0000E+00 6.5432E-10 9.7624E-09 4.1104E+04 1.0000E+003554 8454  197
 2.4254E-10 3.6187E-09 4.1105E+04 0.0000E+00 1.4482E-10 1.6075E-093554 8454  198
 4.1106E+04 0.0000E+00 2.5222E-11 4.1591E-10 4.1107E+04 0.0000E+003554 8454  199
 9.3400E-11 9.3120E-10 4.1108E+04 0.0000E+00 6.3843E-13 1.7774E-113554 8454  200
 4.2092E+04 0.0000E+00 1.8669E-11 1.8557E-09 4.2093E+04 0.0000E+003554 8454  201
 1.9760E-09 1.6292E-07 4.2093E+04 1.0000E+00 6.6490E-10 5.4821E-083554 8454  202
 4.2094E+04 0.0000E+00 1.4589E-07 2.5356E-06 4.2095E+04 0.0000E+003554 8454  203
 2.5384E-06 1.8784E-05 4.2096E+04 0.0000E+00 2.6845E-05 8.5099E-053554 8454  204
 4.2097E+04 0.0000E+00 1.4534E-04 2.0202E-04 4.2098E+04 0.0000E+003554 8454  205
 4.5846E-04 3.2092E-04 4.2099E+04 0.0000E+00 4.2510E-04 2.3381E-043554 8454  206
 4.2100E+04 0.0000E+00 2.2579E-04 1.4450E-04 4.2101E+04 0.0000E+003554 8454  207
 6.8121E-05 5.6541E-05 4.2102E+04 0.0000E+00 1.0110E-05 1.1525E-053554 8454  208
 4.2103E+04 0.0000E+00 2.2097E-06 3.2925E-06 4.2104E+04 0.0000E+003554 8454  209
 6.3511E-07 1.1368E-06 4.2105E+04 0.0000E+00 2.5279E-07 5.0559E-073554 8454  210
 4.2106E+04 0.0000E+00 1.0822E-07 2.4783E-07 4.2107E+04 0.0000E+003554 8454  211
 7.0301E-08 1.5677E-07 4.2108E+04 0.0000E+00 3.2030E-09 1.4157E-083554 8454  212
 4.2109E+04 0.0000E+00 5.8449E-11 6.6574E-10 4.2110E+04 0.0000E+003554 8454  213
 4.4722E-13 1.3586E-11 4.3094E+04 0.0000E+00 9.6497E-14 9.6487E-123554 8454  214
 4.3094E+04 1.0000E+00 1.1150E-13 1.1149E-11 4.3095E+04 0.0000E+003554 8454  215
 2.3039E-11 2.3036E-09 4.3095E+04 1.0000E+00 7.9394E-12 7.9387E-103554 8454  216
 4.3096E+04 0.0000E+00 1.4962E-09 3.7929E-08 4.3097E+04 0.0000E+003554 8454  217
 6.3882E-08 6.6949E-07 4.3098E+04 0.0000E+00 8.3899E-07 3.6160E-063554 8454  218
 4.3099E+04 0.0000E+00 3.9799E-06 1.4526E-05 4.3099E+04 1.0000E+003554 8454  219
 1.3715E-06 5.0060E-06 4.3100E+04 0.0000E+00 9.6340E-06 9.2486E-063554 8454  220
 4.3101E+04 0.0000E+00 1.5553E-05 1.3686E-05 4.3102E+04 0.0000E+003554 8454  221
 4.5204E-06 9.9900E-06 4.3102E+04 1.0000E+00 1.2570E-05 2.7780E-053554 8454  222
 4.3103E+04 0.0000E+00 7.2562E-06 1.0231E-05 4.3104E+04 0.0000E+003554 8454  223
 4.1462E-06 6.8412E-06 4.3105E+04 0.0000E+00 3.3713E-06 5.7649E-063554 8454  224
 4.3106E+04 0.0000E+00 3.0250E-06 5.1424E-06 4.3107E+04 0.0000E+003554 8454  225
 1.9346E-06 3.2502E-06 4.3108E+04 0.0000E+00 5.1048E-07 8.9335E-073554 8454  226
 4.3109E+04 0.0000E+00 5.6452E-08 1.3153E-07 4.3110E+04 0.0000E+003554 8454  227
 2.6378E-09 1.2556E-08 4.3111E+04 0.0000E+00 5.3576E-11 6.3435E-103554 8454  228
 4.3112E+04 0.0000E+00 4.8976E-13 1.4811E-11 4.4097E+04 0.0000E+003554 8454  229
 1.9795E-12 1.6553E-10 4.4098E+04 0.0000E+00 2.2943E-10 7.6769E-093554 8454  230
 4.4099E+04 0.0000E+00 6.9560E-09 9.2167E-08 4.4100E+04 0.0000E+003554 8454  231
 1.0071E-07 5.2974E-07 4.4101E+04 0.0000E+00 6.5784E-07 1.4670E-063554 8454  232
 4.4102E+04 0.0000E+00 5.4525E-07 1.0687E-06 4.4103E+04 0.0000E+003554 8454  233
 2.3162E-07 8.2457E-07 4.4103E+04 1.0000E+00 2.7296E-07 9.7175E-073554 8454  234
 4.4104E+04 0.0000E+00 5.9795E-07 1.0763E-06 4.4105E+04 0.0000E+003554 8454  235
 9.5946E-07 1.7078E-06 4.4106E+04 0.0000E+00 1.6287E-06 2.8176E-063554 8454  236
 4.4107E+04 0.0000E+00 2.9068E-06 4.8543E-06 4.4108E+04 0.0000E+003554 8454  237
 3.5329E-06 5.7587E-06 4.4109E+04 0.0000E+00 1.9487E-06 4.4933E-063554 8454  238
 4.4110E+04 0.0000E+00 4.8985E-07 8.4744E-07 4.4111E+04 0.0000E+003554 8454  239
 5.5598E-08 1.3121E-07 4.4112E+04 0.0000E+00 2.8639E-09 1.3546E-083554 8454  240
 4.4113E+04 0.0000E+00 6.8003E-11 7.7047E-10 4.4114E+04 0.0000E+003554 8454  241
 7.5533E-13 2.1134E-11 4.5100E+04 0.0000E+00 9.1386E-13 7.2040E-113554 8454  242
 4.5100E+04 1.0000E+00 1.8157E-12 1.4313E-10 4.5101E+04 0.0000E+003554 8454  243
 3.9912E-11 1.2145E-09 4.5101E+04 1.0000E+00 1.1582E-10 3.5243E-093554 8454  244
 4.5102E+04 0.0000E+00 1.1089E-10 1.9362E-09 4.5103E+04 0.0000E+003554 8454  245
 4.0721E-11 9.3822E-10 4.5103E+04 1.0000E+00 2.2260E-10 5.1286E-093554 8454  246
 4.5104E+04 0.0000E+00 2.6165E-10 4.0372E-09 4.5104E+04 1.0000E+003554 8454  247
 5.1985E-10 8.0212E-09 4.5105E+04 0.0000E+00 2.4733E-09 2.6192E-083554 8454  248
 4.5105E+04 1.0000E+00 5.6212E-10 5.9529E-09 4.5106E+04 0.0000E+003554 8454  249
 4.7928E-09 3.6090E-08 4.5106E+04 1.0000E+00 7.1681E-09 5.3976E-083554 8454  250
 4.5107E+04 0.0000E+00 2.6222E-07 4.9035E-07 4.5108E+04 0.0000E+003554 8454  251
 1.0070E-06 3.3434E-06 4.5108E+04 1.0000E+00 5.0686E-07 1.6828E-063554 8454  252
 4.5109E+04 0.0000E+00 3.5701E-06 5.7479E-06 4.5110E+04 0.0000E+003554 8454  253
 4.1042E-07 1.3011E-06 4.5110E+04 1.0000E+00 3.4651E-06 1.0984E-053554 8454  254
 4.5111E+04 0.0000E+00 2.0492E-06 3.2582E-06 4.5112E+04 0.0000E+003554 8454  255
 5.2751E-07 8.9677E-07 4.5113E+04 0.0000E+00 6.5134E-08 1.4916E-073554 8454  256
 4.5114E+04 0.0000E+00 1.0118E-09 8.9343E-09 4.5114E+04 1.0000E+003554 8454  257
 2.8136E-09 2.4844E-08 4.5115E+04 0.0000E+00 1.0632E-10 1.0887E-093554 8454  258
 4.5116E+04 0.0000E+00 4.6359E-13 2.2971E-11 4.5116E+04 1.0000E+003554 8454  259
 9.2108E-13 4.5639E-11 4.6104E+04 0.0000E+00 4.4798E-15 3.7111E-133554 8454  260
 4.6105E+04 0.0000E+00 4.5165E-14 2.4777E-12 4.6106E+04 0.0000E+003554 8454  261
 4.5034E-13 1.6505E-11 4.6107E+04 0.0000E+00 4.4181E-10 5.1383E-093554 8454  262
 4.6107E+04 1.0000E+00 5.2067E-10 6.0554E-09 4.6108E+04 0.0000E+003554 8454  263
 3.3210E-08 8.5681E-08 4.6109E+04 0.0000E+00 1.8316E-07 6.4840E-073554 8454  264
 4.6109E+04 1.0000E+00 2.1586E-07 7.6414E-07 4.6110E+04 0.0000E+003554 8454  265
 1.8851E-06 3.0349E-06 4.6111E+04 0.0000E+00 1.8246E-06 5.7293E-063554 8454  266
 4.6111E+04 1.0000E+00 2.1503E-06 6.7519E-06 4.6112E+04 0.0000E+003554 8454  267
 4.1437E-06 6.4642E-06 4.6113E+04 0.0000E+00 8.6865E-07 2.7363E-063554 8454  268
 4.6113E+04 1.0000E+00 1.3627E-06 4.2926E-06 4.6114E+04 0.0000E+003554 8454  269
 6.1514E-07 1.0334E-06 4.6115E+04 0.0000E+00 8.4395E-08 1.8398E-073554 8454  270
 4.6115E+04 1.0000E+00 0.0000E+00 0.0000E+00 4.6116E+04 0.0000E+003554 8454  271
 5.6015E-09 2.2350E-08 4.6117E+04 0.0000E+00 1.7498E-10 1.5783E-093554 8454  272
 4.6118E+04 0.0000E+00 2.4971E-12 5.4237E-11 4.7107E+04 0.0000E+003554 8454  273
 1.6851E-14 1.2738E-12 4.7107E+04 1.0000E+00 9.2114E-14 6.9629E-123554 8454  274
 4.7108E+04 0.0000E+00 1.0167E-11 2.7320E-10 4.7108E+04 1.0000E+003554 8454  275
 1.5206E-11 4.0860E-10 4.7109E+04 0.0000E+00 2.8883E-10 2.9548E-093554 8454  276
 4.7109E+04 1.0000E+00 1.5789E-09 1.6152E-08 4.7110E+04 0.0000E+003554 8454  277
 1.9170E-08 9.2783E-08 4.7110E+04 1.0000E+00 2.8671E-08 1.3877E-073554 8454  278
 4.7111E+04 0.0000E+00 8.7457E-08 3.0173E-07 4.7111E+04 1.0000E+003554 8454  279
 3.8480E-07 1.3276E-06 4.7112E+04 0.0000E+00 2.0019E-06 3.1831E-063554 8454  280
 4.7113E+04 0.0000E+00 7.5206E-07 2.3389E-06 4.7113E+04 1.0000E+003554 8454  281
 3.3090E-06 1.0291E-05 4.7114E+04 0.0000E+00 2.0038E-06 6.2317E-063554 8454  282
 4.7114E+04 1.0000E+00 2.2868E-06 7.1118E-06 4.7115E+04 0.0000E+003554 8454  283
 4.5134E-07 1.4262E-06 4.7115E+04 1.0000E+00 1.9858E-06 6.2752E-063554 8454  284
 4.7116E+04 0.0000E+00 2.9209E-07 9.7557E-07 4.7116E+04 1.0000E+003554 8454  285
 4.3685E-07 1.4591E-06 4.7117E+04 0.0000E+00 2.0318E-08 8.4523E-083554 8454  286
 4.7117E+04 1.0000E+00 8.9397E-08 3.7189E-07 4.7118E+04 0.0000E+003554 8454  287
 4.2477E-09 3.0541E-08 4.7118E+04 1.0000E+00 3.6762E-09 2.6432E-083554 8454  288
 4.7119E+04 0.0000E+00 2.6291E-10 2.1033E-09 4.7120E+04 0.0000E+003554 8454  289
 1.7973E-13 1.4080E-11 4.7120E+04 1.0000E+00 1.5555E-13 1.2186E-113554 8454  290
 4.8108E+04 0.0000E+00 5.6152E-16 5.1025E-14 4.8109E+04 0.0000E+003554 8454  291
 2.7311E-13 8.9880E-12 4.8110E+04 0.0000E+00 4.2853E-11 5.2795E-103554 8454  292
 4.8111E+04 0.0000E+00 6.7356E-10 6.6345E-09 4.8111E+04 1.0000E+003554 8454  293
 1.6962E-09 1.6707E-08 4.8112E+04 0.0000E+00 5.0415E-08 1.2150E-073554 8454  294
 4.8113E+04 0.0000E+00 1.4371E-07 4.9579E-07 4.8113E+04 1.0000E+003554 8454  295
 3.0697E-07 1.0590E-06 4.8114E+04 0.0000E+00 1.8522E-06 2.9450E-063554 8454  296
 4.8115E+04 0.0000E+00 1.2181E-06 3.8125E-06 4.8115E+04 1.0000E+003554 8454  297
 2.6019E-06 8.1439E-06 4.8116E+04 0.0000E+00 4.2269E-06 6.6363E-063554 8454  298
 4.8117E+04 0.0000E+00 8.1618E-07 2.6118E-06 4.8117E+04 1.0000E+003554 8454  299
 1.7434E-06 5.5790E-06 4.8118E+04 0.0000E+00 8.2114E-07 1.3877E-063554 8454  300
 4.8119E+04 0.0000E+00 4.1940E-08 1.6944E-07 4.8119E+04 1.0000E+003554 8454  301
 8.9588E-08 3.6194E-07 4.8120E+04 0.0000E+00 1.0374E-08 4.1083E-083554 8454  302
 4.8121E+04 0.0000E+00 9.9468E-10 1.0524E-08 4.8121E+04 1.0000E+003554 8454  303
 2.1247E-09 2.2480E-08 4.8122E+04 0.0000E+00 8.8104E-10 6.3699E-093554 8454  304
 4.8123E+04 0.0000E+00 1.0914E-10 2.1873E-09 4.8123E+04 1.0000E+003554 8454  305
 1.7123E-10 3.4314E-09 4.8124E+04 0.0000E+00 1.2717E-10 1.7854E-093554 8454  306
 4.8125E+04 0.0000E+00 9.6683E-10 1.5373E-08 4.8125E+04 1.0000E+003554 8454  307
 1.5168E-09 2.4117E-08 4.8126E+04 0.0000E+00 3.0193E-10 5.2718E-093554 8454  308
 4.8127E+04 0.0000E+00 1.1416E-11 4.5115E-10 4.8128E+04 0.0000E+003554 8454  309
 1.8483E-13 1.6965E-11 4.9111E+04 0.0000E+00 2.7733E-13 1.7547E-113554 8454  310
 4.9111E+04 1.0000E+00 9.5573E-14 6.0469E-12 4.9112E+04 0.0000E+003554 8454  311
 1.1843E-11 2.9313E-10 4.9112E+04 1.0000E+00 3.2934E-11 8.1512E-103554 8454  312
 4.9113E+04 0.0000E+00 6.6989E-11 6.8597E-10 4.9113E+04 1.0000E+003554 8454  313
 2.0255E-09 2.0741E-08 4.9114E+04 0.0000E+00 1.0638E-08 8.0528E-083554 8454  314
 4.9114E+04 1.0000E+00 2.1135E-08 1.5999E-07 4.9114E+04 2.0000E+003554 8454  315
 9.2066E-09 6.9694E-08 4.9115E+04 0.0000E+00 2.6834E-07 9.4723E-073554 8454  316
 4.9115E+04 1.0000E+00 9.2472E-08 3.2643E-07 4.9116E+04 0.0000E+003554 8454  317
 3.9680E-07 1.9165E-06 4.9116E+04 1.0000E+00 7.8838E-07 3.8079E-063554 8454  318
 4.9116E+04 2.0000E+00 3.4342E-07 1.6587E-06 4.9117E+04 0.0000E+003554 8454  319
 2.4732E-06 7.8646E-06 4.9117E+04 1.0000E+00 8.5228E-07 2.7102E-063554 8454  320
 4.9118E+04 0.0000E+00 1.0139E-06 4.8872E-06 4.9118E+04 1.0000E+003554 8454  321
 2.0145E-06 9.7099E-06 4.9118E+04 2.0000E+00 8.7752E-07 4.2297E-063554 8454  322
 4.9119E+04 0.0000E+00 1.8626E-06 6.1281E-06 4.9119E+04 1.0000E+003554 8454  323
 6.4189E-07 2.1118E-06 4.9120E+04 0.0000E+00 4.2061E-07 2.1535E-063554 8454  324
 4.9120E+04 1.0000E+00 8.3567E-07 4.2786E-06 4.9120E+04 2.0000E+003554 8454  325
 3.6402E-07 1.8638E-06 4.9121E+04 0.0000E+00 7.3374E-07 2.5974E-063554 8454  326
 4.9121E+04 1.0000E+00 2.5286E-07 8.9511E-07 4.9122E+04 0.0000E+003554 8454  327
 1.4995E-07 8.2771E-07 4.9122E+04 1.0000E+00 2.9792E-07 1.6445E-063554 8454  328
 4.9122E+04 2.0000E+00 1.2977E-07 7.1635E-07 4.9123E+04 0.0000E+003554 8454  329
 2.8942E-07 1.0824E-06 4.9123E+04 1.0000E+00 9.9737E-08 3.7302E-073554 8454  330
 4.9124E+04 0.0000E+00 1.2996E-07 4.9124E-07 4.9124E+04 1.0000E+003554 8454  331
 2.5089E-07 9.4838E-07 4.9125E+04 0.0000E+00 4.5012E-07 1.3729E-063554 8454  332
 4.9125E+04 1.0000E+00 1.5512E-07 4.7311E-07 4.9126E+04 0.0000E+003554 8454  333
 8.5613E-08 4.2806E-07 4.9126E+04 1.0000E+00 1.6528E-07 8.2641E-073554 8454  334
 4.9127E+04 0.0000E+00 4.7425E-08 4.9986E-07 4.9127E+04 1.0000E+003554 8454  335
 1.6343E-08 1.7226E-07 4.9128E+04 0.0000E+00 2.7872E-09 6.6447E-083554 8454  336
 4.9128E+04 1.0000E+00 1.4437E-09 3.4418E-08 4.9129E+04 0.0000E+003554 8454  337
 1.4925E-10 8.3220E-09 4.9129E+04 1.0000E+00 5.1432E-11 2.8678E-093554 8454  338
 4.9130E+04 0.0000E+00 9.9276E-13 9.9266E-11 4.9130E+04 1.0000E+003554 8454  339
 1.4848E-12 1.4846E-10 4.9130E+04 2.0000E+00 4.1587E-13 4.1583E-113554 8454  340
 5.0112E+04 0.0000E+00 1.1575E-15 9.6778E-14 5.0113E+04 0.0000E+003554 8454  341
 5.6183E-14 3.7154E-12 5.0113E+04 1.0000E+00 2.4720E-13 1.6347E-113554 8454  342
 5.0114E+04 0.0000E+00 3.1603E-11 4.2221E-10 5.0115E+04 0.0000E+003554 8454  343
 1.3951E-09 7.8543E-09 5.0116E+04 0.0000E+00 2.7575E-08 7.5281E-083554 8454  344
 5.0117E+04 0.0000E+00 7.2725E-08 2.6835E-07 5.0117E+04 1.0000E+003554 8454  345
 1.8314E-07 6.7578E-07 5.0118E+04 0.0000E+00 1.1644E-06 1.9329E-063554 8454  346
 5.0119E+04 0.0000E+00 7.7247E-07 2.5414E-06 5.0119E+04 1.0000E+003554 8454  347
 1.9453E-06 6.3999E-06 5.0120E+04 0.0000E+00 3.3385E-06 5.5754E-063554 8454  348
 5.0121E+04 0.0000E+00 1.3501E-06 4.6039E-06 5.0121E+04 1.0000E+003554 8454  349
 2.1181E-06 7.2226E-06 5.0122E+04 0.0000E+00 3.5519E-06 6.0738E-063554 8454  350
 5.0123E+04 0.0000E+00 2.6367E-06 8.5429E-06 5.0123E+04 1.0000E+003554 8454  351
 1.6807E-06 5.4455E-06 5.0124E+04 0.0000E+00 7.8918E-06 1.0812E-053554 8454  352
 5.0125E+04 0.0000E+00 1.4536E-05 3.0815E-05 5.0125E+04 1.0000E+003554 8454  353
 9.2654E-06 1.9643E-05 5.0126E+04 0.0000E+00 4.9958E-05 4.2964E-053554 8454  354
 5.0127E+04 0.0000E+00 2.4864E-05 4.6993E-05 5.0127E+04 1.0000E+003554 8454  355
 1.5849E-05 2.9955E-05 5.0128E+04 0.0000E+00 7.0348E-06 2.3285E-053554 8454  356
 5.0128E+04 1.0000E+00 1.0521E-05 3.4825E-05 5.0129E+04 0.0000E+003554 8454  357
 1.3111E-06 9.4794E-06 5.0129E+04 1.0000E+00 2.0569E-06 1.4871E-053554 8454  358
 5.0130E+04 0.0000E+00 1.5718E-07 2.6564E-06 5.0130E+04 1.0000E+003554 8454  359
 2.3508E-07 3.9729E-06 5.0131E+04 0.0000E+00 7.0420E-09 2.8837E-073554 8454  360
 5.0131E+04 1.0000E+00 1.1048E-08 4.5240E-07 5.0132E+04 0.0000E+003554 8454  361
 3.0744E-10 1.5692E-08 5.0133E+04 0.0000E+00 1.1103E-12 1.1102E-103554 8454  362
 5.1115E+04 0.0000E+00 1.6682E-13 6.1206E-12 5.1116E+04 0.0000E+003554 8454  363
 1.1223E-11 3.3825E-10 5.1116E+04 1.0000E+00 5.8131E-12 1.7521E-103554 8454  364
 5.1117E+04 0.0000E+00 7.8470E-10 8.9395E-09 5.1118E+04 0.0000E+003554 8454  365
 9.0099E-09 5.4330E-08 5.1118E+04 1.0000E+00 7.7977E-09 4.7020E-083554 8454  366
 5.1119E+04 0.0000E+00 1.7133E-07 3.3410E-07 5.1120E+04 0.0000E+003554 8454  367
 7.2544E-08 3.1919E-07 5.1120E+04 1.0000E+00 6.2784E-08 2.7625E-073554 8454  368
 5.1121E+04 0.0000E+00 2.6019E-07 5.1777E-07 5.1122E+04 0.0000E+003554 8454  369
 2.8617E-07 1.0703E-06 5.1122E+04 1.0000E+00 1.9605E-07 7.3321E-073554 8454  370
 5.1123E+04 0.0000E+00 1.0384E-06 1.7757E-06 5.1124E+04 0.0000E+003554 8454  371
 1.2430E-06 5.2827E-06 5.1124E+04 1.0000E+00 1.4185E-06 6.0288E-063554 8454  372
 5.1124E+04 2.0000E+00 6.4385E-07 2.7364E-06 5.1125E+04 0.0000E+003554 8454  373
 8.4470E-06 8.4461E-04 5.1126E+04 0.0000E+00 6.5331E-06 1.5549E-053554 8454  374
 5.1126E+04 1.0000E+00 2.0865E-05 4.9659E-05 5.1126E+04 2.0000E+003554 8454  375
 1.2613E-05 3.0018E-05 5.1127E+04 0.0000E+00 1.4426E-04 8.8002E-053554 8454  376
 5.1128E+04 0.0000E+00 1.2374E-04 1.2992E-04 5.1128E+04 1.0000E+003554 8454  377
 5.1834E-05 5.4426E-05 5.1129E+04 0.0000E+00 1.2835E-04 1.6044E-043554 8454  378
 5.1129E+04 1.0000E+00 7.0751E-05 8.8439E-05 5.1130E+04 0.0000E+003554 8454  379
 6.2199E-05 1.4244E-04 5.1130E+04 1.0000E+00 2.6055E-05 5.9666E-053554 8454  380
 5.1131E+04 0.0000E+00 3.1702E-05 8.1790E-05 5.1132E+04 0.0000E+003554 8454  381
 1.8494E-06 2.3026E-05 5.1132E+04 1.0000E+00 7.7473E-07 9.6454E-063554 8454  382
 5.1133E+04 0.0000E+00 9.2191E-08 1.4345E-06 5.1134E+04 0.0000E+003554 8454  383
 3.3007E-10 2.6353E-08 5.1134E+04 1.0000E+00 4.9365E-10 3.9413E-083554 8454  384
 5.1135E+04 0.0000E+00 5.1718E-12 5.1713E-10 5.2117E+04 1.0000E+003554 8454  385
 5.0116E-14 4.1932E-12 5.2118E+04 0.0000E+00 8.1603E-12 1.4020E-103554 8454  386
 5.2119E+04 0.0000E+00 1.3394E-10 1.9221E-09 5.2119E+04 1.0000E+003554 8454  387
 2.8612E-10 4.1058E-09 5.2120E+04 0.0000E+00 3.6619E-11 5.6540E-103554 8454  388
 5.2121E+04 0.0000E+00 4.7557E-11 1.0553E-09 5.2121E+04 1.0000E+003554 8454  389
 1.0158E-10 2.2542E-09 5.2122E+04 0.0000E+00 5.8332E-10 4.6665E-093554 8454  390
 5.2123E+04 0.0000E+00 8.3992E-10 9.7179E-09 5.2123E+04 1.0000E+003554 8454  391
 1.7941E-09 2.0758E-08 5.2124E+04 0.0000E+00 1.7417E-08 7.2627E-083554 8454  392
 5.2125E+04 0.0000E+00 2.1157E-07 7.5107E-07 5.2125E+04 1.0000E+003554 8454  393
 5.3278E-07 1.8914E-06 5.2126E+04 0.0000E+00 1.5741E-05 1.6686E-053554 8454  394
 5.2127E+04 0.0000E+00 5.2947E-05 7.3596E-05 5.2127E+04 1.0000E+003554 8454  395
 8.3063E-05 1.1546E-04 5.2128E+04 0.0000E+00 7.0711E-04 3.5356E-043554 8454  396
 5.2129E+04 0.0000E+00 7.8730E-04 5.9834E-04 5.2129E+04 1.0000E+003554 8454  397
 1.2351E-03 9.3868E-04 5.2130E+04 0.0000E+00 4.6389E-03 1.5772E-033554 8454  398
 5.2131E+04 0.0000E+00 2.0252E-03 1.7619E-03 5.2131E+04 1.0000E+003554 8454  399
 3.6741E-03 3.1964E-03 5.2132E+04 0.0000E+00 3.4318E-03 2.8484E-033554 8454  400
 5.2133E+04 0.0000E+00 2.1979E-04 8.3958E-04 5.2133E+04 1.0000E+003554 8454  401
 3.4480E-04 1.3171E-03 5.2134E+04 0.0000E+00 4.7977E-05 2.2597E-043554 8454  402
 5.2135E+04 0.0000E+00 1.7715E-06 2.1329E-05 5.2136E+04 0.0000E+003554 8454  403
 2.9195E-08 9.1848E-07 5.2137E+04 0.0000E+00 9.1250E-11 7.6385E-093554 8454  404
 5.2138E+04 0.0000E+00 9.0207E-14 9.0198E-12 5.3124E+04 0.0000E+003554 8454  405
 4.5354E-13 1.9511E-11 5.3125E+04 0.0000E+00 3.4471E-10 3.5643E-093554 8454  406
 5.3126E+04 0.0000E+00 2.0324E-08 1.0304E-07 5.3127E+04 0.0000E+003554 8454  407
 8.8420E-07 2.1928E-06 5.3128E+04 0.0000E+00 1.2652E-05 1.5689E-053554 8454  408
 5.3129E+04 0.0000E+00 1.7188E-04 1.1344E-04 5.3130E+04 0.0000E+003554 8454  409
 6.0225E-04 4.8180E-04 5.3130E+04 1.0000E+00 4.0268E-04 3.2215E-043554 8454  410
 5.3131E+04 0.0000E+00 5.7660E-03 1.6145E-03 5.3132E+04 0.0000E+003554 8454  411
 4.7066E-03 2.3533E-03 5.3132E+04 1.0000E+00 5.3713E-03 2.6857E-033554 8454  412
 5.3133E+04 0.0000E+00 7.7262E-03 5.0221E-03 5.3133E+04 1.0000E+003554 8454  413
 2.5998E-03 1.6899E-03 5.3134E+04 0.0000E+00 2.5819E-03 3.2016E-033554 8454  414
 5.3134E+04 1.0000E+00 1.0816E-03 1.3411E-03 5.3135E+04 0.0000E+003554 8454  415
 1.1889E-03 1.7119E-03 5.3136E+04 0.0000E+00 5.0840E-05 3.6503E-043554 8454  416
 5.3136E+04 1.0000E+00 5.8020E-05 4.1658E-04 5.3137E+04 0.0000E+003554 8454  417
 3.7754E-06 3.5036E-05 5.3138E+04 0.0000E+00 2.5294E-08 6.2021E-073554 8454  418
 5.3139E+04 0.0000E+00 1.0908E-10 7.1897E-09 5.3140E+04 0.0000E+003554 8454  419
 1.2260E-13 1.2259E-11 5.4126E+04 0.0000E+00 5.6831E-12 2.1164E-103554 8454  420
 5.4127E+04 0.0000E+00 1.8724E-10 6.7293E-09 5.4127E+04 1.0000E+003554 8454  421
 5.4332E-10 1.9527E-08 5.4128E+04 0.0000E+00 5.7463E-08 4.8901E-073554 8454  422
 5.4129E+04 0.0000E+00 6.9365E-07 5.5076E-06 5.4129E+04 1.0000E+003554 8454  423
 1.7468E-06 1.3870E-05 5.4130E+04 0.0000E+00 7.9909E-05 1.4623E-043554 8454  424
 5.4131E+04 0.0000E+00 3.9133E-04 6.7309E-04 5.4131E+04 1.0000E+003554 8454  425
 9.8548E-04 1.6950E-03 5.4132E+04 0.0000E+00 1.2242E-02 5.3867E-033554 8454  426
 5.4133E+04 0.0000E+00 1.3472E-02 7.0055E-03 5.4133E+04 1.0000E+003554 8454  427
 2.1135E-02 1.0990E-02 5.4134E+04 0.0000E+00 2.6166E-02 1.0205E-023554 8454  428
 5.4134E+04 1.0000E+00 3.9134E-02 1.5262E-02 5.4135E+04 0.0000E+003554 8454  429
 2.8858E-02 1.5006E-02 5.4135E+04 1.0000E+00 4.5273E-02 2.3542E-023554 8454  430
 5.4136E+04 0.0000E+00 5.2024E-02 2.4972E-02 5.4137E+04 0.0000E+003554 8454  431
 9.1507E-03 9.8827E-03 5.4138E+04 0.0000E+00 6.4067E-04 1.7362E-033554 8454  432
 5.4139E+04 0.0000E+00 1.7970E-05 1.2651E-04 5.4140E+04 0.0000E+003554 8454  433
 2.6043E-07 4.8831E-06 5.4141E+04 0.0000E+00 1.0911E-09 5.5492E-083554 8454  434
 5.4142E+04 0.0000E+00 1.2555E-12 1.2554E-10 5.5128E+04 0.0000E+003554 8454  435
 4.9682E-13 3.2497E-11 5.5129E+04 0.0000E+00 1.2048E-10 3.6951E-093554 8454  436
 5.5130E+04 0.0000E+00 1.3131E-08 1.8476E-07 5.5131E+04 0.0000E+003554 8454  437
 1.3994E-06 8.8439E-06 5.5132E+04 0.0000E+00 4.3175E-05 1.2089E-043554 8454  438
 5.5133E+04 0.0000E+00 7.3635E-04 9.1308E-04 5.5134E+04 0.0000E+003554 8454  439
 3.4238E-03 3.9032E-03 5.5134E+04 1.0000E+00 9.0799E-04 1.0351E-033554 8454  440
 5.5135E+04 0.0000E+00 1.9229E-02 1.1345E-02 5.5135E+04 1.0000E+003554 8454  441
 6.4703E-03 3.8175E-03 5.5136E+04 0.0000E+00 4.0683E-02 1.5866E-023554 8454  442
 5.5136E+04 1.0000E+00 1.2738E-02 4.9680E-03 5.5137E+04 0.0000E+003554 8454  443
 5.7589E-02 1.2670E-02 5.5138E+04 0.0000E+00 9.0586E-03 6.7033E-033554 8454  444
 5.5138E+04 1.0000E+00 7.8399E-03 5.8015E-03 5.5139E+04 0.0000E+003554 8454  445
 4.3322E-03 3.5091E-03 5.5140E+04 0.0000E+00 3.7288E-04 7.4949E-043554 8454  446
 5.5141E+04 0.0000E+00 1.8896E-05 9.8828E-05 5.5142E+04 0.0000E+003554 8454  447
 1.6331E-07 2.2945E-06 5.5143E+04 0.0000E+00 6.3982E-10 2.4684E-083554 8454  448
 5.5144E+04 0.0000E+00 6.6793E-13 6.6786E-11 5.6130E+04 0.0000E+003554 8454  449
 3.4616E-13 3.4612E-11 5.6131E+04 0.0000E+00 1.2850E-10 6.5443E-093554 8454  450
 5.6132E+04 0.0000E+00 2.6145E-08 5.9218E-07 5.6133E+04 0.0000E+003554 8454  451
 5.4242E-07 1.0718E-05 5.6133E+04 1.0000E+00 1.1587E-06 2.2895E-053554 8454  452
 5.6134E+04 0.0000E+00 6.9534E-05 2.9483E-04 5.6135E+04 0.0000E+003554 8454  453
 4.4101E-04 1.6009E-03 5.6135E+04 1.0000E+00 1.1106E-03 4.0314E-033554 8454  454
 5.6136E+04 0.0000E+00 8.0668E-03 1.2745E-02 5.6136E+04 1.0000E+003554 8454  455
 1.2065E-02 1.9062E-02 5.6137E+04 0.0000E+00 1.9349E-02 1.4512E-023554 8454  456
 5.6137E+04 1.0000E+00 4.8725E-02 3.6544E-02 5.6138E+04 0.0000E+003554 8454  457
 1.0848E-01 2.3865E-02 5.6139E+04 0.0000E+00 9.2917E-02 1.8583E-023554 8454  458
 5.6140E+04 0.0000E+00 5.9014E-02 1.7704E-02 5.6141E+04 0.0000E+003554 8454  459
 1.5299E-02 9.3323E-03 5.6142E+04 0.0000E+00 1.4574E-03 2.1423E-033554 8454  460
 5.6143E+04 0.0000E+00 4.0494E-05 1.5509E-04 5.6144E+04 0.0000E+003554 8454  461
 6.0972E-07 6.3288E-06 5.6145E+04 0.0000E+00 3.9182E-09 1.1324E-073554 8454  462
 5.6146E+04 0.0000E+00 9.5904E-12 7.8910E-10 5.7133E+04 0.0000E+003554 8454  463
 9.2189E-12 7.6240E-10 5.7134E+04 0.0000E+00 1.4854E-09 5.3326E-083554 8454  464
 5.7135E+04 0.0000E+00 2.4399E-07 3.7403E-06 5.7136E+04 0.0000E+003554 8454  465
 1.3186E-05 8.5184E-05 5.7137E+04 0.0000E+00 3.2718E-04 8.8665E-043554 8454  466
 5.7138E+04 0.0000E+00 1.9799E-03 2.2769E-03 5.7139E+04 0.0000E+003554 8454  467
 1.0294E-02 5.2498E-03 5.7140E+04 0.0000E+00 2.0240E-02 5.6672E-033554 8454  468
 5.7141E+04 0.0000E+00 3.0537E-02 6.4127E-03 5.7142E+04 0.0000E+003554 8454  469
 1.1416E-02 3.0824E-03 5.7143E+04 0.0000E+00 2.8602E-03 1.3443E-033554 8454  470
 5.7144E+04 0.0000E+00 2.6811E-04 2.8688E-04 5.7145E+04 0.0000E+003554 8454  471
 2.2851E-05 6.3298E-05 5.7146E+04 0.0000E+00 2.2198E-07 3.3653E-063554 8454  472
 5.7146E+04 1.0000E+00 2.5334E-07 3.8406E-06 5.7147E+04 0.0000E+003554 8454  473
 3.0600E-09 6.5607E-08 5.7148E+04 0.0000E+00 4.0508E-12 2.5180E-103554 8454  474
 5.8135E+04 0.0000E+00 7.8989E-13 7.8981E-11 5.8135E+04 1.0000E+003554 8454  475
 1.6873E-12 1.6871E-10 5.8136E+04 0.0000E+00 1.0162E-09 5.7943E-083554 8454  476
 5.8137E+04 0.0000E+00 4.3077E-08 2.0720E-06 5.8137E+04 1.0000E+003554 8454  477
 6.7579E-08 3.2505E-06 5.8138E+04 0.0000E+00 2.1617E-06 4.3363E-053554 8454  478
 5.8138E+04 1.0000E+00 3.2330E-06 6.4854E-05 5.8139E+04 0.0000E+003554 8454  479
 4.8600E-05 4.0338E-04 5.8139E+04 1.0000E+00 7.6244E-05 6.3283E-043554 8454  480
 5.8140E+04 0.0000E+00 1.8581E-03 3.1959E-03 5.8141E+04 0.0000E+003554 8454  481
 1.0546E-02 7.8040E-03 5.8142E+04 0.0000E+00 2.3523E-02 8.7034E-033554 8454  482
 5.8143E+04 0.0000E+00 1.9164E-02 4.9827E-03 5.8144E+04 0.0000E+003554 8454  483
 1.2250E-02 3.4300E-03 5.8145E+04 0.0000E+00 5.1537E-03 2.1130E-033554 8454  484
 5.8146E+04 0.0000E+00 1.2263E-03 9.8107E-04 5.8147E+04 0.0000E+003554 8454  485
 6.1494E-05 1.2299E-04 5.8148E+04 0.0000E+00 1.3383E-06 7.3475E-063554 8454  486
 5.8149E+04 0.0000E+00 1.1916E-08 1.8804E-07 5.8150E+04 0.0000E+003554 8454  487
 4.6530E-11 2.1669E-09 5.9137E+04 0.0000E+00 5.8645E-14 5.8639E-123554 8454  488
 5.9138E+04 0.0000E+00 5.8729E-12 5.8723E-10 5.9138E+04 1.0000E+003554 8454  489
 6.7024E-12 6.7017E-10 5.9139E+04 0.0000E+00 2.3961E-09 9.2587E-083554 8454  490
 5.9140E+04 0.0000E+00 1.6836E-07 2.6921E-06 5.9141E+04 0.0000E+003554 8454  491
 8.1764E-06 5.3555E-05 5.9142E+04 0.0000E+00 3.3722E-05 1.8007E-043554 8454  492
 5.9142E+04 1.0000E+00 5.0434E-05 2.6932E-04 5.9143E+04 0.0000E+003554 8454  493
 5.1725E-04 5.7414E-04 5.9144E+04 0.0000E+00 1.7116E-04 1.7630E-043554 8454  494
 5.9144E+04 1.0000E+00 1.0310E-03 1.0619E-03 5.9145E+04 0.0000E+003554 8454  495
 3.0217E-03 1.0274E-03 5.9146E+04 0.0000E+00 2.6175E-03 8.3761E-043554 8454  496
 5.9147E+04 0.0000E+00 1.1130E-03 4.4519E-04 5.9148E+04 0.0000E+003554 8454  497
 4.0587E-05 5.2357E-05 5.9148E+04 1.0000E+00 1.1286E-04 1.4559E-043554 8454  498
 5.9149E+04 0.0000E+00 1.9773E-05 2.8868E-05 5.9150E+04 0.0000E+003554 8454  499
 7.4829E-07 2.9632E-06 5.9151E+04 0.0000E+00 4.3823E-09 6.6129E-083554 8454  500
 5.9152E+04 0.0000E+00 1.4038E-13 1.3263E-11 6.0140E+04 0.0000E+003554 8454  501
 1.2172E-12 1.2170E-10 6.0141E+04 0.0000E+00 1.1155E-10 1.1154E-083554 8454  502
 6.0141E+04 1.0000E+00 1.7500E-10 1.7498E-08 6.0142E+04 0.0000E+003554 8454  503
 2.6751E-08 7.0086E-07 6.0143E+04 0.0000E+00 8.5097E-07 9.0288E-063554 8454  504
 6.0144E+04 0.0000E+00 1.8256E-05 7.7771E-05 6.0145E+04 0.0000E+003554 8454  505
 2.2038E-04 3.7905E-04 6.0146E+04 0.0000E+00 1.4288E-03 1.0716E-033554 8454  506
 6.0147E+04 0.0000E+00 2.1842E-03 9.6103E-04 6.0148E+04 0.0000E+003554 8454  507
 1.9546E-03 7.8184E-04 6.0149E+04 0.0000E+00 1.1394E-03 5.1271E-043554 8454  508
 6.0150E+04 0.0000E+00 4.8577E-04 2.9632E-04 6.0151E+04 0.0000E+003554 8454  509
 5.0081E-05 6.3103E-05 6.0152E+04 0.0000E+00 5.1631E-07 2.6900E-063554 8454  510
 6.0153E+04 0.0000E+00 1.2911E-10 4.5371E-09 6.1143E+04 0.0000E+003554 8454  511
 1.3368E-12 1.3366E-10 6.1144E+04 0.0000E+00 1.5308E-10 6.7232E-093554 8454  512
 6.1145E+04 0.0000E+00 1.8441E-08 3.2401E-07 6.1146E+04 0.0000E+003554 8454  513
 6.7353E-07 4.6676E-06 6.1147E+04 0.0000E+00 1.0034E-05 2.7291E-053554 8454  514
 6.1148E+04 0.0000E+00 1.7266E-05 3.8676E-05 6.1148E+04 1.0000E+003554 8454  515
 2.5824E-05 5.7845E-05 6.1149E+04 0.0000E+00 1.8040E-04 1.0824E-043554 8454  516
 6.1150E+04 0.0000E+00 2.8088E-04 1.4325E-04 6.1151E+04 0.0000E+003554 8454  517
 2.6946E-04 1.5090E-04 6.1152E+04 0.0000E+00 9.4970E-06 2.0608E-053554 8454  518
 6.1152E+04 1.0000E+00 2.6409E-05 5.7308E-05 6.1152E+04 2.0000E+003554 8454  519
 1.1249E-06 2.4410E-06 6.1153E+04 0.0000E+00 2.8427E-06 4.5483E-063554 8454  520
 6.1154E+04 0.0000E+00 8.0881E-10 1.6128E-08 6.1154E+04 1.0000E+003554 8454  521
 4.8716E-09 9.7141E-08 6.1155E+04 0.0000E+00 2.0670E-13 2.0668E-113554 8454  522
 6.1157E+04 0.0000E+00 1.0115E-13 4.0866E-12 6.2146E+04 0.0000E+003554 8454  523
 1.6756E-11 1.2591E-09 6.2147E+04 0.0000E+00 1.5116E-09 4.4788E-083554 8454  524
 6.2148E+04 0.0000E+00 7.2958E-08 8.3902E-07 6.2149E+04 0.0000E+003554 8454  525
 1.8913E-06 8.3405E-06 6.2150E+04 0.0000E+00 2.9899E-05 5.2025E-053554 8454  526
 6.2151E+04 0.0000E+00 1.2545E-04 1.1165E-04 6.2152E+04 0.0000E+003554 8454  527
 1.9339E-04 1.3731E-04 6.2153E+04 0.0000E+00 4.1565E-05 6.4842E-053554 8454  528
 6.2153E+04 1.0000E+00 6.5207E-05 1.0172E-04 6.2154E+04 0.0000E+003554 8454  529
 4.6130E-05 4.5668E-05 6.2155E+04 0.0000E+00 5.4497E-06 1.2207E-053554 8454  530
 6.2156E+04 0.0000E+00 5.7896E-09 1.7103E-07 6.2157E+04 0.0000E+003554 8454  531
 9.8692E-09 3.8589E-08 6.2158E+04 0.0000E+00 7.3470E-11 7.1192E-103554 8454  532
 6.2159E+04 0.0000E+00 2.4318E-13 6.3520E-12 6.3149E+04 0.0000E+003554 8454  533
 1.1586E-11 5.8984E-10 6.3150E+04 0.0000E+00 9.8727E-10 3.8395E-083554 8454  534
 6.3150E+04 1.0000E+00 2.6182E-10 1.0182E-08 6.3151E+04 0.0000E+003554 8454  535
 3.7631E-08 3.4056E-07 6.3152E+04 0.0000E+00 1.0437E-07 1.4194E-063554 8454  536
 6.3152E+04 1.0000E+00 1.7327E-08 2.3565E-07 6.3152E+04 2.0000E+003554 8454  537
 5.4059E-08 7.3520E-07 6.3153E+04 0.0000E+00 1.4683E-06 3.0248E-063554 8454  538
 6.3154E+04 0.0000E+00 2.0700E-06 4.7817E-06 6.3154E+04 1.0000E+003554 8454  539
 1.0722E-06 2.4768E-06 6.3155E+04 0.0000E+00 1.4628E-05 1.7554E-053554 8454  540
 6.3156E+04 0.0000E+00 4.1466E-06 6.3444E-06 6.3157E+04 0.0000E+003554 8454  541
 5.5336E-07 1.1012E-06 6.3158E+04 0.0000E+00 2.9255E-08 8.0159E-083554 8454  542
 6.3159E+04 0.0000E+00 1.3831E-09 5.7674E-09 6.3160E+04 0.0000E+003554 8454  543
 1.7856E-11 1.3803E-10 6.3161E+04 0.0000E+00 7.6570E-14 1.3637E-123554 8454  544
 6.4150E+04 0.0000E+00 1.6294E-15 1.6292E-13 6.4151E+04 0.0000E+003554 8454  545
 1.1015E-13 1.1014E-11 6.4152E+04 0.0000E+00 1.5515E-12 1.2692E-103554 8454  546
 6.4153E+04 0.0000E+00 2.5105E-11 1.2164E-09 6.4154E+04 0.0000E+003554 8454  547
 1.0262E-09 2.5604E-08 6.4155E+04 0.0000E+00 2.0062E-08 4.2310E-073554 8454  548
 6.4155E+04 1.0000E+00 5.0521E-08 1.0655E-06 6.4156E+04 0.0000E+003554 8454  549
 3.4351E-06 1.2263E-05 6.4157E+04 0.0000E+00 2.0493E-06 4.0577E-063554 8454  550
 6.4158E+04 0.0000E+00 7.7583E-07 2.0249E-06 6.4159E+04 0.0000E+003554 8454  551
 1.8627E-07 6.6311E-07 6.4160E+04 0.0000E+00 2.7851E-08 1.3786E-073554 8454  552
 6.4161E+04 0.0000E+00 8.9561E-10 6.3588E-09 6.4162E+04 0.0000E+003554 8454  553
 1.0222E-11 1.0989E-10 6.5157E+04 0.0000E+00 1.8200E-08 1.8199E-063554 8454  554
 6.5158E+04 0.0000E+00 2.9519E-08 1.6059E-07 6.5158E+04 1.0000E+003554 8454  555
 4.9009E-09 2.6661E-08 6.5159E+04 0.0000E+00 5.7808E-08 5.7802E-063554 8454  556
 6.5160E+04 0.0000E+00 3.1993E-08 3.1990E-06 6.5161E+04 0.0000E+003554 8454  557
 8.2340E-09 5.7391E-08 6.5162E+04 0.0000E+00 5.4395E-10 5.4775E-093554 8454  558
 6.5163E+04 0.0000E+00 3.0464E-11 4.5330E-10 6.5164E+04 0.0000E+003554 8454  559
 5.5512E-13 1.2496E-11 6.6157E+04 0.0000E+00 1.5379E-12 7.3050E-113554 8454  560
 6.6157E+04 1.0000E+00 2.4126E-12 1.1460E-10 6.6158E+04 0.0000E+003554 8454  561
 1.0693E-10 1.0692E-08 6.6159E+04 0.0000E+00 1.2443E-09 1.2442E-073554 8454  562
 6.6160E+04 0.0000E+00 6.8552E-09 6.8545E-07 6.6161E+04 0.0000E+003554 8454  563
 7.4676E-09 7.4669E-07 6.6162E+04 0.0000E+00 3.2241E-09 3.2467E-083554 8454  564
 6.6163E+04 0.0000E+00 7.2078E-10 1.0704E-08 6.6164E+04 0.0000E+003554 8454  565
 1.2147E-10 2.7185E-09 6.6165E+04 0.0000E+00 7.2403E-12 4.9850E-103554 8454  566
 6.6165E+04 1.0000E+00 1.6456E-12 1.1330E-10 6.6166E+04 0.0000E+003554 8454  567
 2.2120E-13 1.1960E-11 6.7160E+04 0.0000E+00 7.0500E-13 1.0018E-113554 8454  568
 6.7161E+04 0.0000E+00 8.2243E-12 8.2235E-10 6.7161E+04 1.0000E+003554 8454  569
 1.8692E-12 1.8690E-10 6.7162E+04 0.0000E+00 1.0710E-11 2.1903E-103554 8454  570
 6.7162E+04 1.0000E+00 1.6019E-11 3.2758E-10 6.7163E+04 0.0000E+003554 8454  571
 4.1559E-11 1.2360E-09 6.7163E+04 1.0000E+00 9.4456E-12 2.8091E-103554 8454  572
 6.7164E+04 0.0000E+00 3.2592E-11 7.2942E-10 6.7165E+04 0.0000E+003554 8454  573
 1.5925E-11 5.4814E-10 6.7166E+04 0.0000E+00 7.2438E-13 7.2431E-113554 8454  574
 6.7166E+04 1.0000E+00 1.0834E-12 1.0833E-10 6.7167E+04 0.0000E+003554 8454  575
 1.1173E-13 9.6823E-12 6.8163E+04 0.0000E+00 1.4871E-13 2.4865E-123554 8454  576
 6.8164E+04 0.0000E+00 1.1462E-12 2.5847E-11 6.8165E+04 0.0000E+003554 8454  577
 3.0119E-12 1.0373E-10 6.8166E+04 0.0000E+00 2.5445E-12 1.3753E-103554 8454  578
 6.8167E+04 0.0000E+00 1.8316E-14 1.8314E-12 6.8167E+04 1.0000E+003554 8454  579
 5.5380E-13 5.5374E-11 6.8168E+04 0.0000E+00 8.8636E-14 8.8627E-123554 8454  580
 0.0000E+00 0.0000E+00          0          0          0          03554 8  099999
 9.3228E+04 2.2604E+02          1          0          0          03554 8459    1
 0.0000E+00 0.0000E+00          0          0       3468        8673554 8459    2
 2.5060E+04 0.0000E+00 2.8231E-13 2.2585E-11 2.5061E+04 0.0000E+003554 8459    3
 5.9339E-13 2.9711E-11 2.5062E+04 0.0000E+00 4.4215E-13 1.4153E-113554 8459    4
 2.5063E+04 0.0000E+00 2.6231E-13 5.5662E-12 2.6060E+04 0.0000E+003554 8459    5
 9.5183E-13 7.6146E-11 2.6061E+04 0.0000E+00 6.0672E-12 3.0379E-103554 8459    6
 2.6062E+04 0.0000E+00 3.3466E-11 1.0709E-09 2.6063E+04 0.0000E+003554 8459    7
 1.1454E-10 2.3904E-09 2.6064E+04 0.0000E+00 1.8365E-10 2.5583E-093554 8459    8
 2.6065E+04 0.0000E+00 5.5043E-11 5.3722E-10 2.6066E+04 0.0000E+003554 8459    9
 7.3960E-12 6.8635E-11 2.6067E+04 0.0000E+00 4.3304E-13 8.0674E-123554 8459   10
 2.7061E+04 0.0000E+00 6.2138E-12 3.1113E-10 2.7062E+04 0.0000E+003554 8459   11
 3.7227E-11 1.1913E-09 2.7063E+04 0.0000E+00 1.9995E-10 4.1730E-093554 8459   12
 2.7064E+04 0.0000E+00 7.3060E-10 1.0155E-08 2.7065E+04 0.0000E+003554 8459   13
 1.5719E-09 1.4854E-08 2.7066E+04 0.0000E+00 1.3340E-09 8.7512E-093554 8459   14
 2.7067E+04 0.0000E+00 1.0564E-09 5.1765E-09 2.7068E+04 0.0000E+003554 8459   15
 2.5016E-10 1.3409E-09 2.7069E+04 0.0000E+00 2.4190E-11 2.8448E-103554 8459   16
 2.8061E+04 0.0000E+00 6.2139E-12 3.1113E-10 2.8062E+04 0.0000E+003554 8459   17
 3.7268E-11 1.1926E-09 2.8063E+04 0.0000E+00 2.0574E-10 4.2938E-093554 8459   18
 2.8064E+04 0.0000E+00 1.0453E-09 1.4530E-08 2.8065E+04 0.0000E+003554 8459   19
 4.8745E-09 4.6064E-08 2.8066E+04 0.0000E+00 2.0590E-08 1.3507E-073554 8459   20
 2.8067E+04 0.0000E+00 7.0956E-08 3.2995E-07 2.8068E+04 0.0000E+003554 8459   21
 1.7768E-07 6.0233E-07 2.8069E+04 0.0000E+00 1.2461E-07 3.3396E-073554 8459   22
 2.9063E+04 0.0000E+00 2.0574E-10 4.2938E-09 2.9064E+04 0.0000E+003554 8459   23
 1.1587E-13 1.6106E-12 2.9065E+04 0.0000E+00 4.8892E-09 4.6203E-083554 8459   24
 2.9066E+04 0.0000E+00 2.1047E-08 1.3807E-07 2.9067E+04 0.0000E+003554 8459   25
 8.3273E-08 3.8722E-07 2.9068E+04 0.0000E+00 2.8085E-07 9.4645E-073554 8459   26
 2.9068E+04 1.0000E+00 6.8386E-08 4.6092E-07 2.9069E+04 0.0000E+003554 8459   27
 7.1910E-07 1.7905E-06 2.9070E+04 0.0000E+00 1.9031E-07 8.2403E-073554 8459   28
 2.9070E+04 1.0000E+00 1.9354E-07 8.3801E-07 2.9071E+04 0.0000E+003554 8459   29
 6.7724E-08 3.3727E-07 2.9072E+04 0.0000E+00 1.3196E-09 1.8356E-083554 8459   30
 2.9073E+04 0.0000E+00 1.7012E-10 5.2416E-09 2.9074E+04 0.0000E+003554 8459   31
 4.7069E-12 2.6876E-10 2.9075E+04 0.0000E+00 1.8743E-13 1.7487E-113554 8459   32
 3.0066E+04 0.0000E+00 2.1047E-08 1.3807E-07 3.0067E+04 0.0000E+003554 8459   33
 8.3396E-08 3.8779E-07 3.0068E+04 0.0000E+00 3.0416E-07 1.0250E-063554 8459   34
 3.0069E+04 0.0000E+00 1.0208E-06 2.5418E-06 3.0069E+04 1.0000E+003554 8459   35
 2.2445E-07 1.1514E-06 3.0070E+04 0.0000E+00 3.1553E-06 6.5632E-063554 8459   36
 3.0071E+04 0.0000E+00 2.3495E-06 6.6258E-06 3.0071E+04 1.0000E+003554 8459   37
 6.6213E-06 1.9268E-05 3.0072E+04 0.0000E+00 2.2629E-05 2.6477E-053554 8459   38
 3.0073E+04 0.0000E+00 2.3563E-05 4.6184E-05 3.0073E+04 1.0000E+003554 8459   39
 1.9199E-05 4.9917E-05 3.0074E+04 0.0000E+00 6.6172E-06 1.7205E-053554 8459   40
 3.0075E+04 0.0000E+00 3.2638E-07 1.8310E-06 3.0076E+04 0.0000E+003554 8459   41
 2.6963E-08 2.9147E-07 3.0077E+04 0.0000E+00 7.3898E-10 3.1695E-083554 8459   42
 3.0077E+04 1.0000E+00 1.5082E-10 7.7414E-09 3.0078E+04 0.0000E+003554 8459   43
 9.7461E-12 6.5094E-10 3.1068E+04 0.0000E+00 5.4996E-13 1.8533E-123554 8459   44
 3.1069E+04 0.0000E+00 1.0211E-06 2.5425E-06 3.1071E+04 0.0000E+003554 8459   45
 8.9762E-06 1.2926E-05 3.1072E+04 0.0000E+00 2.3511E-05 2.6802E-053554 8459   46
 3.1072E+04 1.0000E+00 8.7963E-07 2.6828E-06 3.1073E+04 0.0000E+003554 8459   47
 5.6269E-05 5.1205E-05 3.1074E+04 0.0000E+00 6.2174E-05 4.9740E-053554 8459   48
 3.1074E+04 1.0000E+00 1.9272E-05 2.9486E-05 3.1075E+04 0.0000E+003554 8459   49
 4.9860E-05 3.6398E-05 3.1076E+04 0.0000E+00 1.4703E-05 1.5144E-053554 8459   50
 3.1077E+04 0.0000E+00 5.5985E-06 1.2597E-05 3.1078E+04 0.0000E+003554 8459   51
 4.5049E-07 2.6128E-06 3.1079E+04 0.0000E+00 1.4816E-08 2.2327E-073554 8459   52
 3.1080E+04 0.0000E+00 1.2562E-10 4.8563E-09 3.1081E+04 0.0000E+003554 8459   53
 9.2602E-13 9.0370E-11 3.2072E+04 0.0000E+00 2.3512E-05 2.6802E-053554 8459   54
 3.2073E+04 0.0000E+00 5.6726E-05 5.1621E-05 3.2073E+04 1.0000E+003554 8459   55
 5.5885E-05 5.0856E-05 3.2074E+04 0.0000E+00 1.2616E-04 9.4624E-053554 8459   56
 3.2075E+04 0.0000E+00 2.5834E-04 1.6791E-04 3.2075E+04 1.0000E+003554 8459   57
 1.7190E-04 2.3035E-04 3.2076E+04 0.0000E+00 4.7425E-04 2.5135E-043554 8459   58
 3.2077E+04 0.0000E+00 5.1891E-04 2.6983E-04 3.2077E+04 1.0000E+003554 8459   59
 1.1842E-04 1.2316E-04 3.2078E+04 0.0000E+00 5.1602E-04 3.5089E-043554 8459   60
 3.2079E+04 0.0000E+00 2.3058E-05 5.6723E-05 3.2079E+04 1.0000E+003554 8459   61
 8.6214E-05 2.4571E-04 3.2080E+04 0.0000E+00 1.0014E-05 3.5552E-053554 8459   62
 3.2081E+04 0.0000E+00 3.2952E-07 5.9544E-06 3.2081E+04 1.0000E+003554 8459   63
 1.1317E-07 2.0449E-06 3.2082E+04 0.0000E+00 1.3063E-08 2.9861E-073554 8459   64
 3.2083E+04 0.0000E+00 1.5540E-10 8.8657E-09 3.2084E+04 0.0000E+003554 8459   65
 8.4411E-13 8.4402E-11 3.3074E+04 0.0000E+00 1.0174E-09 7.6307E-103554 8459   66
 3.3075E+04 0.0000E+00 2.5907E-04 1.6063E-04 3.3075E+04 1.0000E+003554 8459   67
 5.8428E-07 3.8271E-06 3.3076E+04 0.0000E+00 1.8401E-05 9.7525E-063554 8459   68
 3.3077E+04 0.0000E+00 8.6794E-04 3.9925E-04 3.3078E+04 0.0000E+003554 8459   69
 1.3002E-03 5.2006E-04 3.3079E+04 0.0000E+00 1.3201E-03 5.4124E-043554 8459   70
 3.3080E+04 0.0000E+00 5.8563E-04 2.8696E-04 3.3081E+04 0.0000E+003554 8459   71
 2.5233E-04 2.3466E-04 3.3082E+04 0.0000E+00 1.6871E-05 7.4739E-053554 8459   72
 3.3082E+04 1.0000E+00 2.5213E-05 1.1195E-04 3.3083E+04 0.0000E+003554 8459   73
 4.9715E-06 2.7542E-05 3.3084E+04 0.0000E+00 1.4305E-07 1.9784E-063554 8459   74
 3.3084E+04 1.0000E+00 3.7658E-13 3.7658E-13 3.3085E+04 0.0000E+003554 8459   75
 2.4426E-09 8.3342E-08 3.3086E+04 0.0000E+00 1.5480E-11 1.2819E-093554 8459   76
 3.3087E+04 0.0000E+00 9.5490E-14 9.5480E-12 3.4074E+04 0.0000E+003554 8459   77
 3.4592E-10 2.5945E-10 3.4075E+04 0.0000E+00 1.3064E-11 8.0996E-123554 8459   78
 3.4076E+04 0.0000E+00 1.8447E-05 9.7767E-06 3.4077E+04 0.0000E+003554 8459   79
 8.7282E-04 4.0150E-04 3.4077E+04 1.0000E+00 4.1278E-06 1.7131E-053554 8459   80
 3.4078E+04 0.0000E+00 1.4552E-03 5.8207E-04 3.4079E+04 0.0000E+003554 8459   81
 2.3180E-03 9.2720E-04 3.4079E+04 1.0000E+00 1.4738E-03 5.7479E-043554 8459   82
 3.4080E+04 0.0000E+00 3.5867E-03 1.1478E-03 3.4081E+04 0.0000E+003554 8459   83
 5.1303E-03 1.6417E-03 3.4081E+04 1.0000E+00 3.9859E-03 2.5509E-033554 8459   84
 3.4082E+04 0.0000E+00 6.4525E-03 2.3229E-03 3.4083E+04 0.0000E+003554 8459   85
 2.7970E-03 3.5242E-03 3.4083E+04 1.0000E+00 9.6643E-04 1.2080E-033554 8459   86
 3.4084E+04 0.0000E+00 1.0126E-03 1.4481E-03 3.4085E+04 0.0000E+003554 8459   87
 8.9615E-05 3.1186E-04 3.4086E+04 0.0000E+00 5.1002E-06 4.3504E-053554 8459   88
 3.4087E+04 0.0000E+00 1.4890E-07 3.0778E-06 3.4088E+04 0.0000E+003554 8459   89
 2.4301E-09 1.1925E-07 3.4089E+04 0.0000E+00 1.1176E-11 1.1175E-093554 8459   90
 3.5077E+04 0.0000E+00 9.7724E-11 4.4953E-11 3.5077E+04 1.0000E+003554 8459   91
 6.6563E-11 3.1284E-11 3.5078E+04 0.0000E+00 2.8531E-08 1.1412E-083554 8459   92
 3.5079E+04 0.0000E+00 3.3203E-06 1.1953E-06 3.5079E+04 1.0000E+003554 8459   93
 1.9342E-06 1.5841E-05 3.5080E+04 0.0000E+00 4.3724E-05 9.9254E-053554 8459   94
 3.5080E+04 1.0000E+00 2.9085E-05 8.8417E-05 3.5081E+04 0.0000E+003554 8459   95
 5.6882E-03 1.6496E-03 3.5082E+04 0.0000E+00 2.5129E-03 6.7849E-043554 8459   96
 3.5082E+04 1.0000E+00 1.0167E-03 7.3203E-04 3.5083E+04 0.0000E+003554 8459   97
 1.2785E-02 3.5798E-03 3.5084E+04 0.0000E+00 4.7270E-03 2.5054E-033554 8459   98
 3.5084E+04 1.0000E+00 5.5553E-03 3.1109E-03 3.5085E+04 0.0000E+003554 8459   99
 6.5303E-03 2.8733E-03 3.5086E+04 0.0000E+00 1.7223E-03 1.6189E-033554 8459  100
 3.5087E+04 0.0000E+00 4.2450E-04 9.4238E-04 3.5088E+04 0.0000E+003554 8459  101
 3.1510E-05 1.6638E-04 3.5089E+04 0.0000E+00 1.1181E-06 1.3875E-053554 8459  102
 3.5090E+04 0.0000E+00 1.2878E-08 3.6702E-07 3.5091E+04 0.0000E+003554 8459  103
 1.4954E-10 9.5407E-09 3.5092E+04 0.0000E+00 7.1456E-13 7.1449E-113554 8459  104
 3.6078E+04 0.0000E+00 1.1674E-13 4.6694E-14 3.6079E+04 0.0000E+003554 8459  105
 1.0312E-10 3.7124E-11 3.6080E+04 0.0000E+00 4.0123E-05 7.4632E-053554 8459  106
 3.6081E+04 0.0000E+00 2.6731E-06 2.5341E-05 3.6081E+04 1.0000E+003554 8459  107
 4.9505E-07 5.6139E-06 3.6082E+04 0.0000E+00 2.6684E-03 6.9379E-043554 8459  108
 3.6083E+04 0.0000E+00 1.4924E-02 3.7310E-03 3.6083E+04 1.0000E+003554 8459  109
 1.4844E-02 5.0468E-03 3.6084E+04 0.0000E+00 2.4503E-02 6.8609E-033554 8459  110
 3.6085E+04 0.0000E+00 2.6806E-02 6.1654E-03 3.6085E+04 1.0000E+003554 8459  111
 1.4672E-02 4.8418E-03 3.6086E+04 0.0000E+00 5.4008E-02 1.1342E-023554 8459  112
 3.6087E+04 0.0000E+00 5.0422E-02 1.6135E-02 3.6088E+04 0.0000E+003554 8459  113
 2.7952E-02 1.7609E-02 3.6089E+04 0.0000E+00 4.2030E-03 5.9261E-033554 8459  114
 3.6090E+04 0.0000E+00 3.5751E-04 1.1476E-03 3.6091E+04 0.0000E+003554 8459  115
 1.6184E-05 1.1717E-04 3.6092E+04 0.0000E+00 5.1049E-07 8.1883E-063554 8459  116
 3.6093E+04 0.0000E+00 6.6756E-09 2.3291E-07 3.6094E+04 0.0000E+003554 8459  117
 4.5819E-11 3.4350E-09 3.6095E+04 0.0000E+00 1.1938E-13 1.1937E-113554 8459  118
 3.7081E+04 0.0000E+00 1.6106E-11 1.0485E-10 3.7081E+04 1.0000E+003554 8459  119
 1.1262E-11 9.8322E-11 3.7082E+04 0.0000E+00 2.2270E-09 9.5849E-083554 8459  120
 3.7082E+04 1.0000E+00 4.4246E-09 1.9044E-07 3.7083E+04 0.0000E+003554 8459  121
 1.3827E-06 3.1802E-07 3.7084E+04 0.0000E+00 5.4242E-05 1.0849E-053554 8459  122
 3.7084E+04 1.0000E+00 2.8910E-05 8.6730E-06 3.7085E+04 0.0000E+003554 8459  123
 3.9368E-02 7.0862E-03 3.7086E+04 0.0000E+00 6.1968E-03 1.0535E-033554 8459  124
 3.7086E+04 1.0000E+00 3.3028E-03 7.5964E-04 3.7087E+04 0.0000E+003554 8459  125
 8.3595E-02 1.4211E-02 3.7088E+04 0.0000E+00 8.4775E-02 2.0346E-023554 8459  126
 3.7089E+04 0.0000E+00 5.5307E-02 1.3827E-02 3.7090E+04 0.0000E+003554 8459  127
 4.7351E-03 3.5513E-03 3.7090E+04 1.0000E+00 1.1517E-02 9.7891E-033554 8459  128
 3.7091E+04 0.0000E+00 4.6884E-03 4.1258E-03 3.7092E+04 0.0000E+003554 8459  129
 5.3665E-04 1.0143E-03 3.7093E+04 0.0000E+00 4.4526E-05 1.8345E-043554 8459  130
 3.7094E+04 0.0000E+00 1.0488E-06 9.3769E-06 3.7095E+04 0.0000E+003554 8459  131
 1.6499E-08 3.1959E-07 3.7096E+04 0.0000E+00 9.4474E-11 3.9802E-093554 8459  132
 3.7097E+04 0.0000E+00 4.9618E-13 4.5882E-11 3.8083E+04 0.0000E+003554 8459  133
 2.0091E-11 4.6209E-12 3.8083E+04 1.0000E+00 3.7206E-12 9.3017E-133554 8459  134
 3.8084E+04 0.0000E+00 1.7468E-06 3.4937E-07 3.8085E+04 0.0000E+003554 8459  135
 1.3917E-06 2.5050E-07 3.8085E+04 1.0000E+00 3.6935E-07 7.7563E-083554 8459  136
 3.8086E+04 0.0000E+00 6.2877E-03 1.0060E-03 3.8087E+04 0.0000E+003554 8459  137
 2.3191E-03 3.4786E-04 3.8087E+04 1.0000E+00 2.2514E-03 5.6285E-043554 8459  138
 3.8088E+04 0.0000E+00 1.1168E-01 2.2338E-02 3.8089E+04 0.0000E+003554 8459  139
 1.2960E-01 2.7218E-02 3.8090E+04 0.0000E+00 1.3094E-01 2.4879E-023554 8459  140
 3.8091E+04 0.0000E+00 1.0462E-01 2.0926E-02 3.8092E+04 0.0000E+003554 8459  141
 6.4537E-02 1.9361E-02 3.8093E+04 0.0000E+00 1.7441E-02 9.5927E-033554 8459  142
 3.8094E+04 0.0000E+00 2.4774E-03 2.7994E-03 3.8095E+04 0.0000E+003554 8459  143
 1.3279E-04 3.1868E-04 3.8096E+04 0.0000E+00 4.7036E-06 2.4553E-053554 8459  144
 3.8097E+04 0.0000E+00 8.5987E-08 9.9573E-07 3.8098E+04 0.0000E+003554 8459  145
 8.7111E-10 2.2719E-08 3.8099E+04 0.0000E+00 2.3574E-12 1.4029E-103554 8459  146
 3.9085E+04 0.0000E+00 8.5780E-13 1.5440E-13 3.9085E+04 1.0000E+003554 8459  147
 2.4890E-12 4.4802E-13 3.9086E+04 0.0000E+00 1.5402E-09 2.4643E-103554 8459  148
 3.9086E+04 1.0000E+00 4.5564E-10 8.6571E-11 3.9087E+04 0.0000E+003554 8459  149
 4.4823E-07 6.7236E-08 3.9087E+04 1.0000E+00 3.3729E-07 5.0594E-083554 8459  150
 3.9088E+04 0.0000E+00 2.8938E-05 4.0515E-06 3.9089E+04 0.0000E+003554 8459  151
 1.3026E-01 1.6935E-02 3.9089E+04 1.0000E+00 5.2380E-04 2.2628E-033554 8459  152
 3.9090E+04 0.0000E+00 1.3471E-01 1.7513E-02 3.9090E+04 1.0000E+003554 8459  153
 1.7493E-03 3.2013E-03 3.9091E+04 0.0000E+00 1.2232E-01 1.8350E-023554 8459  154
 3.9091E+04 1.0000E+00 7.4719E-02 1.8680E-02 3.9092E+04 0.0000E+003554 8459  155
 9.4441E-02 1.5111E-02 3.9093E+04 0.0000E+00 5.5184E-02 1.2692E-023554 8459  156
 3.9093E+04 1.0000E+00 3.2434E-02 1.1028E-02 3.9094E+04 0.0000E+003554 8459  157
 1.7220E-02 4.6495E-03 3.9095E+04 0.0000E+00 4.3773E-03 1.7072E-033554 8459  158
 3.9096E+04 0.0000E+00 7.3700E-05 1.0392E-04 3.9096E+04 1.0000E+003554 8459  159
 4.1558E-04 6.1090E-04 3.9097E+04 0.0000E+00 1.4264E-05 4.2648E-053554 8459  160
 3.9097E+04 1.0000E+00 4.0372E-05 1.2273E-04 3.9098E+04 0.0000E+003554 8459  161
 5.1605E-07 3.4885E-06 3.9098E+04 1.0000E+00 1.4326E-06 9.6699E-063554 8459  162
 3.9099E+04 0.0000E+00 3.4283E-08 2.6535E-07 3.9100E+04 0.0000E+003554 8459  163
 4.4968E-11 1.6202E-09 3.9100E+04 1.0000E+00 1.2504E-10 4.5051E-093554 8459  164
 3.9101E+04 0.0000E+00 7.5058E-13 3.1607E-11 4.0087E+04 0.0000E+003554 8459  165
 2.7458E-12 4.1189E-13 4.0087E+04 1.0000E+00 7.0374E-13 1.0556E-133554 8459  166
 4.0088E+04 0.0000E+00 2.1217E-09 2.9705E-10 4.0089E+04 0.0000E+003554 8459  167
 2.8191E-07 3.6650E-08 4.0089E+04 1.0000E+00 7.3505E-08 1.2496E-083554 8459  168
 4.0090E+04 0.0000E+00 1.3473E-01 1.7514E-02 4.0090E+04 1.0000E+003554 8459  169
 1.1156E-05 7.6976E-05 4.0091E+04 0.0000E+00 1.2264E-01 1.5942E-023554 8459  170
 4.0092E+04 0.0000E+00 9.7908E-02 1.4686E-02 4.0093E+04 0.0000E+003554 8459  171
 6.8551E-02 1.3710E-02 4.0094E+04 0.0000E+00 4.2136E-02 1.0113E-023554 8459  172
 4.0095E+04 0.0000E+00 2.2449E-02 5.1632E-03 4.0096E+04 0.0000E+003554 8459  173
 1.0259E-02 2.7701E-03 4.0097E+04 0.0000E+00 3.2554E-03 1.2370E-033554 8459  174
 4.0098E+04 0.0000E+00 6.7520E-04 4.0512E-04 4.0099E+04 0.0000E+003554 8459  175
 4.1876E-05 4.8157E-05 4.0100E+04 0.0000E+00 1.3729E-06 3.4183E-063554 8459  176
 4.0101E+04 0.0000E+00 2.2492E-08 1.2888E-07 4.0102E+04 0.0000E+003554 8459  177
 3.6361E-12 1.2534E-10 4.0103E+04 0.0000E+00 1.2533E-13 6.5910E-123554 8459  178
 4.1089E+04 0.0000E+00 1.9784E-13 2.5720E-14 4.1089E+04 1.0000E+003554 8459  179
 6.8177E-14 8.8630E-15 4.1090E+04 0.0000E+00 8.4303E-11 1.0960E-113554 8459  180
 4.1090E+04 1.0000E+00 5.9414E-11 9.5062E-12 4.1091E+04 0.0000E+003554 8459  181
 1.6432E-08 2.1361E-09 4.1091E+04 1.0000E+00 4.2373E-09 7.2034E-103554 8459  182
 4.1092E+04 0.0000E+00 4.0049E-07 5.6067E-08 4.1092E+04 1.0000E+003554 8459  183
 4.6275E-07 8.3295E-08 4.1093E+04 0.0000E+00 2.4836E-05 3.7253E-063554 8459  184
 4.1093E+04 1.0000E+00 2.4041E-05 5.2892E-06 4.1094E+04 0.0000E+003554 8459  185
 1.6855E-04 2.8654E-05 4.1094E+04 1.0000E+00 9.0595E-05 2.3555E-053554 8459  186
 4.1095E+04 0.0000E+00 2.3128E-02 4.6258E-03 4.1095E+04 1.0000E+003554 8459  187
 4.2262E-04 3.5078E-04 4.1096E+04 0.0000E+00 1.0696E-03 2.6740E-043554 8459  188
 4.1097E+04 0.0000E+00 4.9018E-03 1.5196E-03 4.1097E+04 1.0000E+003554 8459  189
 3.5161E-03 1.2307E-03 4.1098E+04 0.0000E+00 9.8317E-04 4.8175E-043554 8459  190
 4.1098E+04 1.0000E+00 6.1188E-04 4.8338E-04 4.1099E+04 0.0000E+003554 8459  191
 2.5093E-04 2.3086E-04 4.1099E+04 1.0000E+00 9.2128E-05 8.0151E-053554 8459  192
 4.1100E+04 0.0000E+00 9.8187E-06 1.2666E-05 4.1100E+04 1.0000E+003554 8459  193
 2.3486E-05 3.3820E-05 4.1101E+04 0.0000E+00 3.3135E-06 3.7774E-063554 8459  194
 4.1102E+04 0.0000E+00 3.9259E-08 2.6303E-07 4.1102E+04 1.0000E+003554 8459  195
 4.4799E-08 3.0015E-07 4.1103E+04 0.0000E+00 7.6426E-09 3.8289E-083554 8459  196
 4.1104E+04 0.0000E+00 6.5433E-10 9.7626E-09 4.1104E+04 1.0000E+003554 8459  197
 2.4254E-10 3.6187E-09 4.1105E+04 0.0000E+00 1.4482E-10 1.6075E-093554 8459  198
 4.1106E+04 0.0000E+00 2.5222E-11 4.1591E-10 4.1107E+04 0.0000E+003554 8459  199
 9.3404E-11 9.3123E-10 4.1108E+04 0.0000E+00 6.3843E-13 1.7774E-113554 8459  200
 4.2092E+04 0.0000E+00 1.8669E-11 2.6137E-12 4.2093E+04 0.0000E+003554 8459  201
 2.6401E-09 3.9601E-10 4.2093E+04 1.0000E+00 6.6490E-10 9.9735E-113554 8459  202
 4.2094E+04 0.0000E+00 5.9887E-07 1.0181E-07 4.2095E+04 0.0000E+003554 8459  203
 2.3154E-02 4.6308E-03 4.2096E+04 0.0000E+00 1.0964E-03 2.6314E-043554 8459  204
 4.2097E+04 0.0000E+00 5.0472E-03 1.5141E-03 4.2098E+04 0.0000E+003554 8459  205
 2.0535E-03 7.5980E-04 4.2099E+04 0.0000E+00 7.6631E-04 3.6017E-043554 8459  206
 4.2100E+04 0.0000E+00 2.5909E-04 1.6064E-04 4.2101E+04 0.0000E+003554 8459  207
 7.1434E-05 5.8577E-05 4.2102E+04 0.0000E+00 1.0194E-05 1.1519E-053554 8459  208
 4.2103E+04 0.0000E+00 2.2173E-06 3.2818E-06 4.2104E+04 0.0000E+003554 8459  209
 6.3601E-07 1.1385E-06 4.2105E+04 0.0000E+00 2.5293E-07 5.0588E-073554 8459  210
 4.2106E+04 0.0000E+00 1.0825E-07 2.4680E-07 4.2107E+04 0.0000E+003554 8459  211
 7.0389E-08 1.5627E-07 4.2108E+04 0.0000E+00 3.2036E-09 1.4160E-083554 8459  212
 4.2109E+04 0.0000E+00 5.8451E-11 6.6575E-10 4.2110E+04 0.0000E+003554 8459  213
 4.4722E-13 1.3586E-11 4.3094E+04 0.0000E+00 9.6497E-14 1.6405E-143554 8459  214
 4.3094E+04 1.0000E+00 1.1150E-13 2.2300E-14 4.3095E+04 0.0000E+003554 8459  215
 2.3347E-11 4.6694E-12 4.3095E+04 1.0000E+00 7.9394E-12 1.8261E-123554 8459  216
 4.3096E+04 0.0000E+00 1.4962E-09 3.5908E-10 4.3097E+04 0.0000E+003554 8459  217
 6.3884E-08 1.9166E-08 4.3098E+04 0.0000E+00 8.3899E-07 3.1043E-073554 8459  218
 4.3099E+04 0.0000E+00 7.7164E-04 3.6267E-04 4.3099E+04 1.0000E+003554 8459  219
 6.7619E-04 3.2457E-04 4.3100E+04 0.0000E+00 9.6340E-06 5.9730E-063554 8459  220
 4.3101E+04 0.0000E+00 8.6987E-05 7.1330E-05 4.3102E+04 0.0000E+003554 8459  221
 1.4714E-05 1.6039E-05 4.3102E+04 1.0000E+00 1.2570E-05 2.7780E-053554 8459  222
 4.3103E+04 0.0000E+00 9.4735E-06 1.3358E-05 4.3104E+04 0.0000E+003554 8459  223
 4.7822E-06 7.8428E-06 4.3105E+04 0.0000E+00 3.6242E-06 6.1976E-063554 8459  224
 4.3106E+04 0.0000E+00 3.1332E-06 5.2953E-06 4.3107E+04 0.0000E+003554 8459  225
 2.0050E-06 3.3283E-06 4.3108E+04 0.0000E+00 5.1368E-07 8.9381E-073554 8459  226
 4.3109E+04 0.0000E+00 5.6510E-08 1.3167E-07 4.3110E+04 0.0000E+003554 8459  227
 2.6382E-09 1.2558E-08 4.3111E+04 0.0000E+00 5.3577E-11 6.3435E-103554 8459  228
 4.3112E+04 0.0000E+00 4.8976E-13 1.4811E-11 4.4097E+04 0.0000E+003554 8459  229
 1.9795E-12 5.9387E-13 4.4098E+04 0.0000E+00 2.2943E-10 8.4891E-113554 8459  230
 4.4099E+04 0.0000E+00 3.1975E-08 1.5028E-08 4.4100E+04 0.0000E+003554 8459  231
 9.7347E-06 6.0356E-06 4.4101E+04 0.0000E+00 8.7645E-05 7.1869E-053554 8459  232
 4.4102E+04 0.0000E+00 2.7830E-05 3.0335E-05 4.4103E+04 0.0000E+003554 8459  233
 9.9781E-06 1.4069E-05 4.4103E+04 1.0000E+00 2.7296E-07 9.7175E-073554 8459  234
 4.4104E+04 0.0000E+00 5.3802E-06 8.8235E-06 4.4105E+04 0.0000E+003554 8459  235
 4.5837E-06 7.8381E-06 4.4106E+04 0.0000E+00 4.7619E-06 8.0477E-063554 8459  236
 4.4107E+04 0.0000E+00 4.9118E-06 8.1535E-06 4.4108E+04 0.0000E+003554 8459  237
 4.0466E-06 6.5960E-06 4.4109E+04 0.0000E+00 2.0052E-06 6.1360E-063554 8459  238
 4.4110E+04 0.0000E+00 4.9249E-07 8.4707E-07 4.4111E+04 0.0000E+003554 8459  239
 5.5652E-08 1.3134E-07 4.4112E+04 0.0000E+00 2.8644E-09 1.3548E-083554 8459  240
 4.4113E+04 0.0000E+00 6.8005E-11 7.7050E-10 4.4114E+04 0.0000E+003554 8459  241
 7.5533E-13 2.1134E-11 4.5100E+04 0.0000E+00 2.6987E-12 1.6731E-123554 8459  242
 4.5100E+04 1.0000E+00 1.8157E-12 1.1439E-12 4.5101E+04 0.0000E+003554 8459  243
 4.8529E-11 3.9794E-11 4.5101E+04 1.0000E+00 1.1582E-10 9.4976E-113554 8459  244
 4.5102E+04 0.0000E+00 1.1089E-10 1.2087E-10 4.5103E+04 0.0000E+003554 8459  245
 9.9784E-06 1.4069E-05 4.5103E+04 1.0000E+00 9.8588E-06 1.3901E-053554 8459  246
 4.5104E+04 0.0000E+00 7.8082E-10 1.2806E-09 4.5104E+04 1.0000E+003554 8459  247
 5.1985E-10 8.5256E-10 4.5105E+04 0.0000E+00 4.5867E-06 7.8433E-063554 8459  248
 4.5105E+04 1.0000E+00 1.3018E-06 2.2260E-06 4.5106E+04 0.0000E+003554 8459  249
 4.7667E-06 8.0558E-06 4.5106E+04 1.0000E+00 7.1681E-09 5.3976E-083554 8459  250
 4.5107E+04 0.0000E+00 5.1740E-06 8.5888E-06 4.5108E+04 0.0000E+003554 8459  251
 5.0536E-06 8.2374E-06 4.5108E+04 1.0000E+00 5.0686E-07 1.6828E-063554 8459  252
 4.5109E+04 0.0000E+00 5.5753E-06 8.9205E-06 4.5110E+04 0.0000E+003554 8459  253
 9.0291E-07 1.5530E-06 4.5110E+04 1.0000E+00 3.4651E-06 1.0984E-053554 8459  254
 4.5111E+04 0.0000E+00 2.1049E-06 3.2836E-06 4.5112E+04 0.0000E+003554 8459  255
 5.3037E-07 9.0163E-07 4.5113E+04 0.0000E+00 6.5202E-08 1.4931E-073554 8459  256
 4.5114E+04 0.0000E+00 1.0126E-09 8.9406E-09 4.5114E+04 1.0000E+003554 8459  257
 2.8136E-09 2.4844E-08 4.5115E+04 0.0000E+00 1.0632E-10 1.0888E-093554 8459  258
 4.5116E+04 0.0000E+00 4.6359E-13 2.2967E-11 4.5116E+04 1.0000E+003554 8459  259
 9.2108E-13 4.5639E-11 4.6104E+04 0.0000E+00 7.7799E-10 1.2759E-093554 8459  260
 4.6105E+04 0.0000E+00 4.5867E-06 7.8433E-06 4.6106E+04 0.0000E+003554 8459  261
 4.7739E-06 8.0678E-06 4.6107E+04 0.0000E+00 5.1750E-06 8.5905E-063554 8459  262
 4.6107E+04 1.0000E+00 5.2067E-10 6.0554E-09 4.6108E+04 0.0000E+003554 8459  263
 5.5937E-06 9.1177E-06 4.6109E+04 0.0000E+00 5.9743E-06 9.5589E-063554 8459  264
 4.6109E+04 1.0000E+00 3.0035E-06 1.0632E-05 4.6110E+04 0.0000E+003554 8459  265
 6.2532E-06 9.8799E-06 4.6111E+04 0.0000E+00 5.4992E-06 8.5787E-063554 8459  266
 4.6111E+04 1.0000E+00 2.1503E-06 6.7519E-06 4.6112E+04 0.0000E+003554 8459  267
 4.6741E-06 7.2448E-06 4.6113E+04 0.0000E+00 2.2966E-06 5.0983E-063554 8459  268
 4.6113E+04 1.0000E+00 1.3627E-06 4.2926E-06 4.6114E+04 0.0000E+003554 8459  269
 6.1897E-07 1.0337E-06 4.6115E+04 0.0000E+00 8.4487E-08 1.8418E-073554 8459  270
 4.6115E+04 1.0000E+00 1.5438E-11 1.5438E-11 4.6116E+04 0.0000E+003554 8459  271
 5.6029E-09 2.2355E-08 4.6117E+04 0.0000E+00 1.7499E-10 1.5784E-093554 8459  272
 4.6118E+04 0.0000E+00 2.4971E-12 5.4237E-11 4.7107E+04 0.0000E+003554 8459  273
 1.0897E-13 1.8088E-13 4.7107E+04 1.0000E+00 9.2114E-14 6.9629E-123554 8459  274
 4.7108E+04 0.0000E+00 1.1490E-11 1.8729E-11 4.7108E+04 1.0000E+003554 8459  275
 1.5206E-11 2.4786E-11 4.7109E+04 0.0000E+00 5.9762E-06 9.5619E-063554 8459  276
 4.7109E+04 1.0000E+00 5.9730E-06 9.5568E-06 4.7110E+04 0.0000E+003554 8459  277
 1.9560E-08 3.0905E-08 4.7110E+04 1.0000E+00 2.8671E-08 4.5300E-083554 8459  278
 4.7111E+04 0.0000E+00 6.5207E-06 1.0173E-05 4.7111E+04 1.0000E+003554 8459  279
 6.2578E-06 9.7622E-06 4.7112E+04 0.0000E+00 6.6760E-06 1.0348E-053554 8459  280
 4.7113E+04 0.0000E+00 4.3810E-06 6.7904E-06 4.7113E+04 1.0000E+003554 8459  281
 5.4907E-06 1.5210E-05 4.7114E+04 0.0000E+00 4.9096E-06 1.1832E-053554 8459  282
 4.7114E+04 1.0000E+00 2.2868E-06 7.1118E-06 4.7115E+04 0.0000E+003554 8459  283
 9.3483E-07 2.9540E-06 4.7115E+04 1.0000E+00 2.0086E-06 6.0862E-063554 8459  284
 4.7116E+04 0.0000E+00 3.2390E-07 1.0332E-06 4.7116E+04 1.0000E+003554 8459  285
 4.3685E-07 1.4591E-06 4.7117E+04 0.0000E+00 2.5775E-08 1.0670E-073554 8459  286
 4.7117E+04 1.0000E+00 8.9484E-08 3.7136E-07 4.7118E+04 0.0000E+003554 8459  287
 5.7572E-09 3.2413E-08 4.7118E+04 1.0000E+00 3.6766E-09 2.6434E-083554 8459  288
 4.7119E+04 0.0000E+00 2.6292E-10 2.1033E-09 4.7120E+04 0.0000E+003554 8459  289
 2.3728E-13 1.4782E-11 4.7120E+04 1.0000E+00 1.5555E-13 1.2186E-113554 8459  290
 4.8108E+04 0.0000E+00 1.1157E-11 1.8186E-11 4.8109E+04 0.0000E+003554 8459  291
 2.7311E-13 4.3698E-13 4.8110E+04 0.0000E+00 4.7825E-08 7.5564E-083554 8459  292
 4.8111E+04 0.0000E+00 6.5544E-06 1.0225E-05 4.8111E+04 1.0000E+003554 8459  293
 1.6962E-09 1.6707E-08 4.8112E+04 0.0000E+00 6.7264E-06 1.0426E-053554 8459  294
 4.8113E+04 0.0000E+00 6.4261E-06 1.5230E-05 4.8113E+04 1.0000E+003554 8459  295
 3.8271E-07 5.9320E-07 4.8114E+04 0.0000E+00 6.7630E-06 1.0483E-053554 8459  296
 4.8115E+04 0.0000E+00 3.6397E-06 5.6780E-06 4.8115E+04 1.0000E+003554 8459  297
 2.7020E-06 8.3761E-06 4.8116E+04 0.0000E+00 4.9614E-06 7.7398E-063554 8459  298
 4.8117E+04 0.0000E+00 9.0087E-07 2.8198E-06 4.8117E+04 1.0000E+003554 8459  299
 1.7686E-06 5.3942E-06 4.8118E+04 0.0000E+00 8.2907E-07 1.3845E-063554 8459  300
 4.8119E+04 0.0000E+00 4.2071E-08 1.6955E-07 4.8119E+04 1.0000E+003554 8459  301
 8.9719E-08 3.6247E-07 4.8120E+04 0.0000E+00 1.0374E-08 4.1081E-083554 8459  302
 4.8121E+04 0.0000E+00 9.9472E-10 1.0524E-08 4.8121E+04 1.0000E+003554 8459  303
 2.1247E-09 2.2480E-08 4.8122E+04 0.0000E+00 8.8105E-10 6.3700E-093554 8459  304
 4.8123E+04 0.0000E+00 1.0914E-10 1.5574E-09 4.8123E+04 1.0000E+003554 8459  305
 1.7123E-10 3.4314E-09 4.8124E+04 0.0000E+00 1.2717E-10 1.7854E-093554 8459  306
 4.8125E+04 0.0000E+00 9.6685E-10 1.0954E-08 4.8125E+04 1.0000E+003554 8459  307
 1.5168E-09 2.4117E-08 4.8126E+04 0.0000E+00 3.0193E-10 5.2716E-093554 8459  308
 4.8127E+04 0.0000E+00 1.1416E-11 4.5115E-10 4.8128E+04 0.0000E+003554 8459  309
 1.8483E-13 1.6965E-11 4.9111E+04 0.0000E+00 3.7290E-13 5.8173E-133554 8459  310
 4.9111E+04 1.0000E+00 9.5573E-14 1.5005E-13 4.9112E+04 0.0000E+003554 8459  311
 4.4777E-11 6.9405E-11 4.9112E+04 1.0000E+00 3.2934E-11 5.1377E-113554 8459  312
 4.9113E+04 0.0000E+00 3.8427E-07 5.9561E-07 4.9113E+04 1.0000E+003554 8459  313
 2.0258E-09 2.0744E-08 4.9114E+04 0.0000E+00 3.9918E-08 6.1872E-083554 8459  314
 4.9114E+04 1.0000E+00 3.0342E-08 4.7030E-08 4.9114E+04 2.0000E+003554 8459  315
 9.2066E-09 1.4270E-08 4.9115E+04 0.0000E+00 6.5158E-06 1.0100E-053554 8459  316
 4.9115E+04 1.0000E+00 3.7324E-06 5.7853E-06 4.9116E+04 0.0000E+003554 8459  317
 3.9680E-07 6.1901E-07 4.9116E+04 1.0000E+00 1.1318E-06 1.7996E-063554 8459  318
 4.9116E+04 2.0000E+00 3.4342E-07 5.3575E-07 4.9117E+04 0.0000E+003554 8459  319
 5.0931E-06 8.0981E-06 4.9117E+04 1.0000E+00 1.7048E-06 3.7505E-063554 8459  320
 4.9118E+04 0.0000E+00 1.8430E-06 5.0866E-06 4.9118E+04 1.0000E+003554 8459  321
 2.8797E-06 1.0568E-05 4.9118E+04 2.0000E+00 8.7752E-07 4.2297E-063554 8459  322
 4.9119E+04 0.0000E+00 1.9943E-06 6.2221E-06 4.9119E+04 1.0000E+003554 8459  323
 6.8007E-07 2.1150E-06 4.9120E+04 0.0000E+00 4.3098E-07 2.1549E-063554 8459  324
 4.9120E+04 1.0000E+00 8.3567E-07 4.2786E-06 4.9120E+04 2.0000E+003554 8459  325
 3.6402E-07 1.8638E-06 4.9121E+04 0.0000E+00 7.3923E-07 2.5947E-063554 8459  326
 4.9121E+04 1.0000E+00 2.5353E-07 8.9497E-07 4.9122E+04 0.0000E+003554 8459  327
 1.5083E-07 8.2805E-07 4.9122E+04 1.0000E+00 2.9792E-07 1.6445E-063554 8459  328
 4.9122E+04 2.0000E+00 1.2977E-07 7.1635E-07 4.9123E+04 0.0000E+003554 8459  329
 2.8962E-07 1.0832E-06 4.9123E+04 1.0000E+00 9.9814E-08 3.7330E-073554 8459  330
 4.9124E+04 0.0000E+00 1.3009E-07 4.9175E-07 4.9124E+04 1.0000E+003554 8459  331
 2.5089E-07 9.4838E-07 4.9125E+04 0.0000E+00 4.5210E-07 1.3789E-063554 8459  332
 4.9125E+04 1.0000E+00 1.5562E-07 4.6844E-07 4.9126E+04 0.0000E+003554 8459  333
 8.5915E-08 4.2786E-07 4.9126E+04 1.0000E+00 1.6528E-07 8.2641E-073554 8459  334
 4.9127E+04 0.0000E+00 4.7425E-08 4.9986E-07 4.9127E+04 1.0000E+003554 8459  335
 1.6354E-08 1.7221E-07 4.9128E+04 0.0000E+00 4.2311E-09 1.0087E-073554 8459  336
 4.9128E+04 1.0000E+00 1.4439E-09 3.4422E-08 4.9129E+04 0.0000E+003554 8459  337
 1.4925E-10 8.3220E-09 4.9129E+04 1.0000E+00 5.1433E-11 2.8679E-093554 8459  338
 4.9130E+04 0.0000E+00 9.9276E-13 9.9266E-11 4.9130E+04 1.0000E+003554 8459  339
 1.4848E-12 1.4846E-10 4.9130E+04 2.0000E+00 4.1587E-13 4.1583E-113554 8459  340
 5.0112E+04 0.0000E+00 1.9703E-11 3.0539E-11 5.0113E+04 0.0000E+003554 8459  341
 2.8138E-13 4.3614E-13 5.0113E+04 1.0000E+00 2.4720E-13 3.8316E-133554 8459  342
 5.0114E+04 0.0000E+00 3.9750E-08 6.1611E-08 5.0115E+04 0.0000E+003554 8459  343
 1.8802E-07 2.9143E-07 5.0116E+04 0.0000E+00 1.5562E-06 2.4276E-063554 8459  344
 5.0117E+04 0.0000E+00 6.2516E-06 9.8776E-06 5.0117E+04 1.0000E+003554 8459  345
 2.0049E-07 6.8367E-07 5.0118E+04 0.0000E+00 5.9162E-06 9.5251E-063554 8459  346
 5.0119E+04 0.0000E+00 5.5258E-06 9.0071E-06 5.0119E+04 1.0000E+003554 8459  347
 3.7469E-06 8.4682E-06 5.0120E+04 0.0000E+00 5.1045E-06 8.4735E-063554 8459  348
 5.0121E+04 0.0000E+00 3.9647E-06 6.7400E-06 5.0121E+04 1.0000E+003554 8459  349
 2.2018E-06 7.2000E-06 5.0122E+04 0.0000E+00 4.1430E-06 7.0844E-063554 8459  350
 5.0123E+04 0.0000E+00 2.6588E-06 8.5880E-06 5.0123E+04 1.0000E+003554 8459  351
 2.0481E-06 5.5298E-06 5.0124E+04 0.0000E+00 8.2728E-06 1.1168E-053554 8459  352
 5.0125E+04 0.0000E+00 1.4612E-05 3.0102E-05 5.0125E+04 1.0000E+003554 8459  353
 9.7968E-06 2.0280E-05 5.0126E+04 0.0000E+00 5.0209E-05 4.3180E-053554 8459  354
 5.0127E+04 0.0000E+00 2.4882E-05 4.7028E-05 5.0127E+04 1.0000E+003554 8459  355
 1.5894E-05 3.0041E-05 5.0128E+04 0.0000E+00 1.7560E-05 4.1969E-053554 8459  356
 5.0128E+04 1.0000E+00 1.0521E-05 3.4823E-05 5.0129E+04 0.0000E+003554 8459  357
 1.3113E-06 9.4804E-06 5.0129E+04 1.0000E+00 2.0569E-06 1.4871E-053554 8459  358
 5.0130E+04 0.0000E+00 1.5718E-07 2.6564E-06 5.0130E+04 1.0000E+003554 8459  359
 2.3508E-07 3.9728E-06 5.0131E+04 0.0000E+00 7.0421E-09 2.8837E-073554 8459  360
 5.0131E+04 1.0000E+00 1.1048E-08 4.5240E-07 5.0132E+04 0.0000E+003554 8459  361
 3.0744E-10 1.5692E-08 5.0133E+04 0.0000E+00 1.1103E-12 1.1102E-103554 8459  362
 5.1115E+04 0.0000E+00 1.6682E-13 2.5857E-13 5.1116E+04 0.0000E+003554 8459  363
 1.1223E-11 1.7509E-11 5.1116E+04 1.0000E+00 5.8131E-12 9.1267E-123554 8459  364
 5.1117E+04 0.0000E+00 7.8478E-10 1.2399E-09 5.1118E+04 0.0000E+003554 8459  365
 9.0181E-09 1.4429E-08 5.1118E+04 1.0000E+00 7.7977E-09 1.2476E-083554 8459  366
 5.1119E+04 0.0000E+00 1.7175E-07 2.7995E-07 5.1120E+04 0.0000E+003554 8459  367
 7.2544E-08 1.2042E-07 5.1120E+04 1.0000E+00 6.2784E-08 1.0422E-073554 8459  368
 5.1121E+04 0.0000E+00 4.7183E-06 8.0211E-06 5.1122E+04 0.0000E+003554 8459  369
 4.8222E-07 8.2461E-07 5.1122E+04 1.0000E+00 1.9605E-07 3.3524E-073554 8459  370
 5.1123E+04 0.0000E+00 5.7452E-06 9.3072E-06 5.1124E+04 0.0000E+003554 8459  371
 2.7898E-06 3.7662E-06 5.1124E+04 1.0000E+00 2.0623E-06 2.9492E-063554 8459  372
 5.1124E+04 2.0000E+00 6.4385E-07 8.7564E-07 5.1125E+04 0.0000E+003554 8459  373
 3.2856E-05 3.4170E-05 5.1126E+04 0.0000E+00 1.1220E-05 1.1220E-053554 8459  374
 5.1126E+04 1.0000E+00 3.3478E-05 2.6783E-05 5.1126E+04 2.0000E+003554 8459  375
 1.2613E-05 1.1352E-05 5.1127E+04 0.0000E+00 1.8504E-04 1.0917E-043554 8459  376
 5.1128E+04 0.0000E+00 1.4317E-04 1.4745E-04 5.1128E+04 1.0000E+003554 8459  377
 5.1834E-05 5.1316E-05 5.1129E+04 0.0000E+00 1.4179E-04 1.5880E-043554 8459  378
 5.1129E+04 1.0000E+00 7.1389E-05 8.9236E-05 5.1130E+04 0.0000E+003554 8459  379
 6.2396E-05 1.4226E-04 5.1130E+04 1.0000E+00 2.6250E-05 5.9850E-053554 8459  380
 5.1131E+04 0.0000E+00 3.1720E-05 8.1837E-05 5.1132E+04 0.0000E+003554 8459  381
 1.8497E-06 2.3029E-05 5.1132E+04 1.0000E+00 7.7473E-07 9.6454E-063554 8459  382
 5.1133E+04 0.0000E+00 9.2192E-08 1.4345E-06 5.1134E+04 0.0000E+003554 8459  383
 3.3007E-10 2.6353E-08 5.1134E+04 1.0000E+00 4.9365E-10 3.9413E-083554 8459  384
 5.1135E+04 0.0000E+00 5.1718E-12 5.1713E-10 5.2117E+04 1.0000E+003554 8459  385
 5.0116E-14 7.9184E-14 5.2118E+04 0.0000E+00 8.1604E-12 1.3057E-113554 8459  386
 5.2119E+04 0.0000E+00 1.3397E-10 2.1837E-10 5.2119E+04 1.0000E+003554 8459  387
 2.8612E-10 4.6637E-10 5.2120E+04 0.0000E+00 3.6619E-11 6.0787E-113554 8459  388
 5.2121E+04 0.0000E+00 1.3766E-10 2.3402E-10 5.2121E+04 1.0000E+003554 8459  389
 1.0158E-10 1.7269E-10 5.2122E+04 0.0000E+00 4.7027E-07 8.0417E-073554 8459  390
 5.2123E+04 0.0000E+00 2.6341E-09 4.2408E-09 5.2123E+04 1.0000E+003554 8459  391
 1.7941E-09 2.9065E-09 5.2124E+04 0.0000E+00 3.3228E-06 4.4856E-063554 8459  392
 5.2125E+04 0.0000E+00 3.3601E-05 3.4945E-05 5.2125E+04 1.0000E+003554 8459  393
 7.8849E-06 8.2002E-06 5.2126E+04 0.0000E+00 5.5764E-05 4.3496E-053554 8459  394
 5.2127E+04 0.0000E+00 3.1832E-04 1.8780E-04 5.2127E+04 1.0000E+003554 8459  395
 1.1356E-04 1.1470E-04 5.2128E+04 0.0000E+00 9.0112E-04 4.0550E-043554 8459  396
 5.2129E+04 0.0000E+00 1.7373E-03 6.6016E-04 5.2129E+04 1.0000E+003554 8459  397
 1.3179E-03 9.0932E-04 5.2130E+04 0.0000E+00 4.7275E-03 1.6073E-033554 8459  398
 5.2131E+04 0.0000E+00 2.8265E-03 1.8937E-03 5.2131E+04 1.0000E+003554 8459  399
 3.6766E-03 3.1987E-03 5.2132E+04 0.0000E+00 3.4344E-03 2.8506E-033554 8459  400
 5.2133E+04 0.0000E+00 2.8021E-04 8.7144E-04 5.2133E+04 1.0000E+003554 8459  401
 3.4482E-04 1.3171E-03 5.2134E+04 0.0000E+00 4.7978E-05 2.2598E-043554 8459  402
 5.2135E+04 0.0000E+00 1.7715E-06 2.1329E-05 5.2136E+04 0.0000E+003554 8459  403
 2.9195E-08 9.1848E-07 5.2137E+04 0.0000E+00 9.1250E-11 7.6385E-093554 8459  404
 5.2138E+04 0.0000E+00 9.0207E-14 9.0198E-12 5.3124E+04 0.0000E+003554 8459  405
 4.5354E-13 6.1226E-13 5.3125E+04 0.0000E+00 3.4473E-10 3.5852E-103554 8459  406
 5.3126E+04 0.0000E+00 2.0324E-08 1.5853E-08 5.3127E+04 0.0000E+003554 8459  407
 3.2193E-04 1.8994E-04 5.3128E+04 0.0000E+00 1.2652E-05 5.8199E-063554 8459  408
 5.3129E+04 0.0000E+00 2.3967E-03 8.6281E-04 5.3130E+04 0.0000E+003554 8459  409
 9.4050E-04 2.7275E-04 5.3130E+04 1.0000E+00 4.0268E-04 1.2886E-043554 8459  410
 5.3131E+04 0.0000E+00 1.1497E-02 3.1042E-03 5.3132E+04 0.0000E+003554 8459  411
 1.2760E-02 4.3386E-03 5.3132E+04 1.0000E+00 5.3713E-03 2.6857E-033554 8459  412
 5.3133E+04 0.0000E+00 1.0891E-02 5.5540E-03 5.3133E+04 1.0000E+003554 8459  413
 2.5998E-03 1.6899E-03 5.3134E+04 0.0000E+00 3.6866E-03 3.4653E-033554 8459  414
 5.3134E+04 1.0000E+00 1.0816E-03 1.3087E-03 5.3135E+04 0.0000E+003554 8459  415
 1.1907E-03 1.7146E-03 5.3136E+04 0.0000E+00 5.0869E-05 3.6524E-043554 8459  416
 5.3136E+04 1.0000E+00 5.8020E-05 4.1658E-04 5.3137E+04 0.0000E+003554 8459  417
 3.7755E-06 3.5037E-05 5.3138E+04 0.0000E+00 2.5294E-08 6.2021E-073554 8459  418
 5.3139E+04 0.0000E+00 1.0908E-10 7.1897E-09 5.3140E+04 0.0000E+003554 8459  419
 1.2260E-13 1.2259E-11 5.4126E+04 0.0000E+00 8.8873E-09 6.9322E-093554 8459  420
 5.4127E+04 0.0000E+00 7.3056E-10 4.3105E-10 5.4127E+04 1.0000E+003554 8459  421
 5.4332E-10 3.2599E-10 5.4128E+04 0.0000E+00 1.1836E-05 5.3264E-063554 8459  422
 5.4129E+04 0.0000E+00 2.4406E-06 8.7860E-07 5.4129E+04 1.0000E+003554 8459  423
 1.7468E-06 1.3870E-05 5.4130E+04 0.0000E+00 1.0849E-03 3.1461E-043554 8459  424
 5.4131E+04 0.0000E+00 1.2875E-02 3.2187E-03 5.4131E+04 1.0000E+003554 8459  425
 1.1104E-03 1.6989E-03 5.4132E+04 0.0000E+00 2.5797E-02 6.9651E-033554 8459  426
 5.4133E+04 0.0000E+00 4.5498E-02 1.0465E-02 5.4133E+04 1.0000E+003554 8459  427
 2.1445E-02 1.1151E-02 5.4134E+04 0.0000E+00 6.9011E-02 1.3112E-023554 8459  428
 5.4134E+04 1.0000E+00 3.9159E-02 1.5272E-02 5.4135E+04 0.0000E+003554 8459  429
 7.5049E-02 1.9513E-02 5.4135E+04 1.0000E+00 4.5470E-02 2.3189E-023554 8459  430
 5.4136E+04 0.0000E+00 5.2133E-02 2.4503E-02 5.4137E+04 0.0000E+003554 8459  431
 9.1542E-03 9.8865E-03 5.4138E+04 0.0000E+00 6.4069E-04 1.7363E-033554 8459  432
 5.4139E+04 0.0000E+00 1.7970E-05 1.2651E-04 5.4140E+04 0.0000E+003554 8459  433
 2.6043E-07 4.8831E-06 5.4141E+04 0.0000E+00 1.0911E-09 5.5492E-083554 8459  434
 5.4142E+04 0.0000E+00 1.2555E-12 1.2554E-10 5.5128E+04 0.0000E+003554 8459  435
 4.9682E-13 2.2357E-13 5.5129E+04 0.0000E+00 1.2048E-10 4.3373E-113554 8459  436
 5.5130E+04 0.0000E+00 1.3131E-08 3.8081E-09 5.5131E+04 0.0000E+003554 8459  437
 1.3995E-06 3.2190E-07 5.5132E+04 0.0000E+00 4.3175E-05 8.6350E-063554 8459  438
 5.5133E+04 0.0000E+00 4.6236E-02 7.8601E-03 5.5134E+04 0.0000E+003554 8459  439
 4.3318E-03 6.4977E-04 5.5134E+04 1.0000E+00 9.0799E-04 1.7252E-043554 8459  440
 5.5135E+04 0.0000E+00 1.0102E-01 1.6163E-02 5.5135E+04 1.0000E+003554 8459  441
 6.4703E-03 3.8175E-03 5.5136E+04 0.0000E+00 4.7052E-02 9.8808E-033554 8459  442
 5.5136E+04 1.0000E+00 1.2738E-02 4.4584E-03 5.5137E+04 0.0000E+003554 8459  443
 6.6743E-02 1.6018E-02 5.5138E+04 0.0000E+00 1.6050E-02 8.3461E-033554 8459  444
 5.5138E+04 1.0000E+00 7.8399E-03 5.8015E-03 5.5139E+04 0.0000E+003554 8459  445
 4.3502E-03 3.5237E-03 5.5140E+04 0.0000E+00 3.7314E-04 7.4628E-043554 8459  446
 5.5141E+04 0.0000E+00 1.8897E-05 9.8834E-05 5.5142E+04 0.0000E+003554 8459  447
 1.6331E-07 2.2945E-06 5.5143E+04 0.0000E+00 6.3982E-10 2.4684E-083554 8459  448
 5.5144E+04 0.0000E+00 6.6793E-13 6.6786E-11 5.6130E+04 0.0000E+003554 8459  449
 2.1044E-10 6.1029E-11 5.6131E+04 0.0000E+00 1.2850E-10 2.9556E-113554 8459  450
 5.6132E+04 0.0000E+00 8.0329E-07 1.6066E-07 5.6133E+04 0.0000E+003554 8459  451
 1.7010E-06 2.8917E-07 5.6133E+04 1.0000E+00 1.1587E-06 2.3175E-073554 8459  452
 5.6134E+04 0.0000E+00 4.4013E-03 6.6022E-04 5.6135E+04 0.0000E+003554 8459  453
 1.5519E-03 2.1726E-04 5.6135E+04 1.0000E+00 1.1106E-03 4.0314E-033554 8459  454
 5.6136E+04 0.0000E+00 7.3566E-02 1.3242E-02 5.6136E+04 1.0000E+003554 8459  455
 1.2065E-02 4.1020E-03 5.6137E+04 0.0000E+00 1.3482E-01 2.9659E-023554 8459  456
 5.6137E+04 1.0000E+00 1.1173E-01 4.0224E-02 5.6138E+04 0.0000E+003554 8459  457
 1.2602E-01 2.5203E-02 5.6139E+04 0.0000E+00 9.7267E-02 1.8481E-023554 8459  458
 5.6140E+04 0.0000E+00 5.9387E-02 1.7816E-02 5.6141E+04 0.0000E+003554 8459  459
 1.5318E-02 9.3437E-03 5.6142E+04 0.0000E+00 1.4576E-03 2.1427E-033554 8459  460
 5.6143E+04 0.0000E+00 4.0495E-05 1.5509E-04 5.6144E+04 0.0000E+003554 8459  461
 6.0972E-07 6.3289E-06 5.6145E+04 0.0000E+00 3.9182E-09 1.1324E-073554 8459  462
 5.6146E+04 0.0000E+00 9.5904E-12 7.8910E-10 5.7133E+04 0.0000E+003554 8459  463
 9.2189E-12 1.5672E-12 5.7134E+04 0.0000E+00 1.4854E-09 2.2282E-103554 8459  464
 5.7135E+04 0.0000E+00 2.4399E-07 3.4158E-08 5.7136E+04 0.0000E+003554 8459  465
 1.3186E-05 1.7142E-06 5.7137E+04 0.0000E+00 3.2729E-04 4.2547E-053554 8459  466
 5.7138E+04 0.0000E+00 1.9799E-03 2.5739E-04 5.7139E+04 0.0000E+003554 8459  467
 1.0769E-01 1.6153E-02 5.7140E+04 0.0000E+00 7.9627E-02 1.2740E-023554 8459  468
 5.7141E+04 0.0000E+00 4.5855E-02 1.1464E-02 5.7142E+04 0.0000E+003554 8459  469
 1.2874E-02 3.7333E-03 5.7143E+04 0.0000E+00 2.9007E-03 1.3633E-033554 8459  470
 5.7144E+04 0.0000E+00 2.6872E-04 2.8753E-04 5.7145E+04 0.0000E+003554 8459  471
 2.2855E-05 6.3309E-05 5.7146E+04 0.0000E+00 2.2199E-07 3.3654E-063554 8459  472
 5.7146E+04 1.0000E+00 2.5334E-07 3.8406E-06 5.7147E+04 0.0000E+003554 8459  473
 3.0600E-09 6.5607E-08 5.7148E+04 0.0000E+00 4.0508E-12 2.5180E-103554 8459  474
 5.8135E+04 0.0000E+00 2.4772E-12 3.4679E-13 5.8135E+04 1.0000E+003554 8459  475
 1.6873E-12 2.8684E-13 5.8136E+04 0.0000E+00 1.0162E-09 1.3211E-103554 8459  476
 5.8137E+04 0.0000E+00 1.1013E-07 1.4317E-08 5.8137E+04 1.0000E+003554 8459  477
 6.7579E-08 1.0813E-08 5.8138E+04 0.0000E+00 5.3947E-06 7.0131E-073554 8459  478
 5.8138E+04 1.0000E+00 3.2330E-06 5.4959E-07 5.8139E+04 0.0000E+003554 8459  479
 1.2485E-04 1.7479E-05 5.8139E+04 1.0000E+00 7.6244E-05 1.3724E-053554 8459  480
 5.8140E+04 0.0000E+00 8.1485E-02 1.2223E-02 5.8141E+04 0.0000E+003554 8459  481
 5.6401E-02 1.1844E-02 5.8142E+04 0.0000E+00 3.6397E-02 9.4632E-033554 8459  482
 5.8143E+04 0.0000E+00 2.2065E-02 5.0749E-03 5.8144E+04 0.0000E+003554 8459  483
 1.2519E-02 3.3799E-03 5.8145E+04 0.0000E+00 5.1766E-03 2.1224E-033554 8459  484
 5.8146E+04 0.0000E+00 1.2268E-03 9.8144E-04 5.8147E+04 0.0000E+003554 8459  485
 6.1497E-05 1.2299E-04 5.8148E+04 0.0000E+00 1.3383E-06 7.3475E-063554 8459  486
 5.8149E+04 0.0000E+00 1.1916E-08 1.8804E-07 5.8150E+04 0.0000E+003554 8459  487
 4.6530E-11 2.1669E-09 5.9137E+04 0.0000E+00 5.8645E-14 7.6237E-153554 8459  488
 5.9138E+04 0.0000E+00 5.8729E-12 7.6346E-13 5.9138E+04 1.0000E+003554 8459  489
 6.7024E-12 8.7131E-13 5.9139E+04 0.0000E+00 2.3961E-09 3.3544E-103554 8459  490
 5.9140E+04 0.0000E+00 1.6836E-07 2.5255E-08 5.9141E+04 0.0000E+003554 8459  491
 5.6409E-02 9.0254E-03 5.9142E+04 0.0000E+00 8.4156E-05 1.5148E-053554 8459  492
 5.9142E+04 1.0000E+00 5.0434E-05 2.6932E-04 5.9143E+04 0.0000E+003554 8459  493
 2.2582E-02 4.7423E-03 5.9144E+04 0.0000E+00 1.3720E-02 3.1555E-033554 8459  494
 5.9144E+04 1.0000E+00 1.2038E-03 1.0473E-03 5.9145E+04 0.0000E+003554 8459  495
 8.1983E-03 2.2955E-03 5.9146E+04 0.0000E+00 3.8443E-03 1.3071E-033554 8459  496
 5.9147E+04 0.0000E+00 1.1745E-03 4.5804E-04 5.9148E+04 0.0000E+003554 8459  497
 4.1925E-05 5.3245E-05 5.9148E+04 1.0000E+00 1.1286E-04 1.4559E-043554 8459  498
 5.9149E+04 0.0000E+00 1.9785E-05 2.8885E-05 5.9150E+04 0.0000E+003554 8459  499
 7.4834E-07 2.9634E-06 5.9151E+04 0.0000E+00 4.3823E-09 6.6129E-083554 8459  500
 5.9152E+04 0.0000E+00 1.4038E-13 1.3263E-11 6.0140E+04 0.0000E+003554 8459  501
 1.2172E-12 1.8258E-13 6.0141E+04 0.0000E+00 2.8649E-10 4.5839E-113554 8459  502
 6.0141E+04 1.0000E+00 1.7500E-10 3.3250E-11 6.0142E+04 0.0000E+003554 8459  503
 8.4169E-05 1.5150E-05 6.0143E+04 0.0000E+00 2.2583E-02 4.5166E-033554 8459  504
 6.0144E+04 0.0000E+00 1.3739E-02 3.1600E-03 6.0145E+04 0.0000E+003554 8459  505
 8.4187E-03 2.1889E-03 6.0146E+04 0.0000E+00 5.2735E-03 1.7402E-033554 8459  506
 6.0147E+04 0.0000E+00 3.3587E-03 1.1083E-03 6.0148E+04 0.0000E+003554 8459  507
 2.1094E-03 7.8047E-04 6.0149E+04 0.0000E+00 1.1592E-03 5.1006E-043554 8459  508
 6.0150E+04 0.0000E+00 4.8652E-04 2.9678E-04 6.0151E+04 0.0000E+003554 8459  509
 5.0085E-05 6.3107E-05 6.0152E+04 0.0000E+00 5.1631E-07 2.6900E-063554 8459  510
 6.0153E+04 0.0000E+00 1.2911E-10 4.5371E-09 6.1143E+04 0.0000E+003554 8459  511
 1.3368E-12 2.6736E-13 6.1144E+04 0.0000E+00 1.5308E-10 3.5209E-113554 8459  512
 6.1145E+04 0.0000E+00 1.8441E-08 4.7948E-09 6.1146E+04 0.0000E+003554 8459  513
 6.7353E-07 1.9532E-07 6.1147E+04 0.0000E+00 3.3687E-03 1.1117E-033554 8459  514
 6.1148E+04 0.0000E+00 1.8557E-05 6.8662E-06 6.1148E+04 1.0000E+003554 8459  515
 2.5824E-05 9.8134E-06 6.1149E+04 0.0000E+00 1.3396E-03 5.4924E-043554 8459  516
 6.1150E+04 0.0000E+00 2.8088E-04 1.3201E-04 6.1151E+04 0.0000E+003554 8459  517
 3.1955E-04 1.7256E-04 6.1152E+04 0.0000E+00 1.0013E-05 2.0829E-053554 8459  518
 6.1152E+04 1.0000E+00 2.6409E-05 5.7308E-05 6.1152E+04 2.0000E+003554 8459  519
 1.1249E-06 2.4410E-06 6.1153E+04 0.0000E+00 2.8428E-06 4.5485E-063554 8459  520
 6.1154E+04 0.0000E+00 8.0881E-10 1.6128E-08 6.1154E+04 1.0000E+003554 8459  521
 4.8716E-09 9.7141E-08 6.1155E+04 0.0000E+00 2.0670E-13 2.0668E-113554 8459  522
 6.1157E+04 0.0000E+00 1.0115E-13 4.0866E-12 6.2146E+04 0.0000E+003554 8459  523
 2.2902E-07 6.6415E-08 6.2147E+04 0.0000E+00 3.3687E-03 1.1117E-033554 8459  524
 6.2148E+04 0.0000E+00 4.3163E-05 1.5970E-05 6.2149E+04 0.0000E+003554 8459  525
 1.3415E-03 5.5002E-04 6.2150E+04 0.0000E+00 3.1078E-04 1.4607E-043554 8459  526
 6.2151E+04 0.0000E+00 4.4500E-04 2.4030E-04 6.2152E+04 0.0000E+003554 8459  527
 2.3106E-04 1.5019E-04 6.2153E+04 0.0000E+00 1.0961E-04 8.5496E-053554 8459  528
 6.2153E+04 1.0000E+00 6.5207E-05 1.0172E-04 6.2154E+04 0.0000E+003554 8459  529
 4.6136E-05 4.5675E-05 6.2155E+04 0.0000E+00 5.4497E-06 1.2207E-053554 8459  530
 6.2156E+04 0.0000E+00 5.7896E-09 1.7103E-07 6.2157E+04 0.0000E+003554 8459  531
 9.8693E-09 3.8589E-08 6.2158E+04 0.0000E+00 7.3470E-11 7.1192E-103554 8459  532
 6.2159E+04 0.0000E+00 2.4318E-13 6.3520E-12 6.3149E+04 0.0000E+003554 8459  533
 1.1586E-11 4.7504E-12 6.3150E+04 0.0000E+00 9.8727E-10 4.6402E-103554 8459  534
 6.3150E+04 1.0000E+00 2.6182E-10 1.2567E-10 6.3151E+04 0.0000E+003554 8459  535
 4.4503E-04 2.4032E-04 6.3152E+04 0.0000E+00 1.5843E-07 1.0140E-073554 8459  536
 6.3152E+04 1.0000E+00 1.7327E-08 1.1089E-08 6.3152E+04 2.0000E+003554 8459  537
 5.4059E-08 3.5679E-08 6.3153E+04 0.0000E+00 1.1108E-04 8.5536E-053554 8459  538
 6.3154E+04 0.0000E+00 3.1422E-06 2.9536E-06 6.3154E+04 1.0000E+003554 8459  539
 1.0722E-06 1.0293E-06 6.3155E+04 0.0000E+00 2.0078E-05 2.3692E-053554 8459  540
 6.3156E+04 0.0000E+00 4.1524E-06 6.3117E-06 6.3157E+04 0.0000E+003554 8459  541
 5.6323E-07 1.1039E-06 6.3158E+04 0.0000E+00 2.9328E-08 8.0066E-083554 8459  542
 6.3159E+04 0.0000E+00 1.3833E-09 5.7687E-09 6.3160E+04 0.0000E+003554 8459  543
 1.7856E-11 1.3803E-10 6.3161E+04 0.0000E+00 7.6570E-14 1.3637E-123554 8459  544
 6.4150E+04 0.0000E+00 2.3040E-10 1.0829E-10 6.4151E+04 0.0000E+003554 8459  545
 1.1015E-13 5.9481E-14 6.4152E+04 0.0000E+00 5.6679E-08 3.6273E-083554 8459  546
 6.4153E+04 0.0000E+00 2.5105E-11 1.9331E-11 6.4154E+04 0.0000E+003554 8459  547
 3.1426E-06 2.9540E-06 6.4155E+04 0.0000E+00 2.0148E-05 2.3775E-053554 8459  548
 6.4155E+04 1.0000E+00 5.0521E-08 1.0655E-06 6.4156E+04 0.0000E+003554 8459  549
 7.5875E-06 1.3809E-05 6.4157E+04 0.0000E+00 2.6307E-06 5.1563E-063554 8459  550
 6.4158E+04 0.0000E+00 8.3380E-07 2.1762E-06 6.4159E+04 0.0000E+003554 8459  551
 1.8765E-07 6.6617E-07 6.4160E+04 0.0000E+00 2.7869E-08 1.3795E-073554 8459  552
 6.4161E+04 0.0000E+00 8.9569E-10 6.3594E-09 6.4162E+04 0.0000E+003554 8459  553
 1.0222E-11 1.0989E-10 6.5157E+04 0.0000E+00 1.8204E-08 3.5679E-083554 8459  554
 6.5158E+04 0.0000E+00 3.4420E-08 8.9834E-08 6.5158E+04 1.0000E+003554 8459  555
 4.9009E-09 1.2791E-08 6.5159E+04 0.0000E+00 2.4671E-07 8.7580E-073554 8459  556
 6.5160E+04 0.0000E+00 3.1993E-08 1.5741E-07 6.5161E+04 0.0000E+003554 8459  557
 9.1297E-09 6.3543E-08 6.5162E+04 0.0000E+00 5.5417E-10 5.5805E-093554 8459  558
 6.5163E+04 0.0000E+00 3.0509E-11 4.5336E-10 6.5164E+04 0.0000E+003554 8459  559
 5.5522E-13 1.2493E-11 6.6157E+04 0.0000E+00 3.9505E-12 7.7428E-123554 8459  560
 6.6157E+04 1.0000E+00 2.4126E-12 4.7528E-12 6.6158E+04 0.0000E+003554 8459  561
 5.8895E-09 1.5372E-08 6.6159E+04 0.0000E+00 1.2443E-09 4.4174E-093554 8459  562
 6.6160E+04 0.0000E+00 3.8849E-08 1.9113E-07 6.6161E+04 0.0000E+003554 8459  563
 1.6607E-08 1.1559E-07 6.6162E+04 0.0000E+00 3.8050E-09 3.8317E-083554 8459  564
 6.6163E+04 0.0000E+00 7.5129E-10 1.1157E-08 6.6164E+04 0.0000E+003554 8459  565
 1.3777E-10 3.0833E-09 6.6165E+04 0.0000E+00 8.8553E-12 5.1077E-103554 8459  566
 6.6165E+04 1.0000E+00 1.6456E-12 1.1287E-10 6.6166E+04 0.0000E+003554 8459  567
 2.2121E-13 1.1961E-11 6.7160E+04 0.0000E+00 7.0500E-13 3.4686E-123554 8459  568
 6.7161E+04 0.0000E+00 1.0094E-11 7.0254E-11 6.7161E+04 1.0000E+003554 8459  569
 1.8693E-12 1.3010E-11 6.7162E+04 0.0000E+00 2.0642E-11 2.0787E-103554 8459  570
 6.7162E+04 1.0000E+00 1.6019E-11 1.6131E-10 6.7163E+04 0.0000E+003554 8459  571
 5.1153E-11 7.5963E-10 6.7163E+04 1.0000E+00 9.4456E-12 1.4027E-103554 8459  572
 6.7164E+04 0.0000E+00 3.2592E-11 7.2939E-10 6.7165E+04 0.0000E+003554 8459  573
 2.7830E-11 9.5790E-10 6.7166E+04 0.0000E+00 9.4559E-13 7.9212E-113554 8459  574
 6.7166E+04 1.0000E+00 1.0834E-12 1.0833E-10 6.7167E+04 0.0000E+003554 8459  575
 1.1301E-13 9.7936E-12 6.8163E+04 0.0000E+00 1.4871E-13 2.2083E-123554 8459  576
 6.8164E+04 0.0000E+00 1.7996E-11 4.0277E-10 6.8165E+04 0.0000E+003554 8459  577
 3.0124E-12 1.0369E-10 6.8166E+04 0.0000E+00 3.4932E-12 1.8881E-103554 8459  578
 6.8167E+04 0.0000E+00 6.9275E-13 6.0035E-11 6.8167E+04 1.0000E+003554 8459  579
 5.7480E-13 5.7475E-11 6.8168E+04 0.0000E+00 9.6486E-14 9.6475E-123554 8459  580
 0.0000E+00 0.0000E+00          0          0          0          03554 8  099999
                                                                  3554 0  0    0
                                                                     0 0  0    0
 0.0000E+00 0.0000E+00          0          0          0          0  -1 0  0    0
