  2.2700E-02  2.2700E-02  2.2700E-02  2.2700E-02  2.2700E-02
  2.2700E-02  2.2700E-02  2.2700E-02  2.2700E-02  2.2700E-02
  2.2700E-02  2.2700E-02  2.2700E-02  2.2600E-02  2.2600E-02
  2.2600E-02  2.2500E-02  2.2500E-02  2.2300E-02  2.2000E-02
  2.1500E-02  2.1000E-02  2.0400E-02  1.9800E-02  1.8000E-02
  1.4000E-02  1.1000E-02  5.1000E-03  2.3000E-03  5.4000E-04
  5.6000E-05
  8.3500E-02  8.3500E-02  8.3500E-02  8.3400E-02  8.3400E-02
  8.3300E-02  8.3100E-02  8.2900E-02  8.2600E-02  8.2300E-02
  8.2000E-02  8.1100E-02  8.0100E-02  7.9000E-02  7.7600E-02
  7.6200E-02  7.4500E-02  7.1000E-02  6.4900E-02  5.3600E-02
  4.2200E-02  3.1800E-02  2.3100E-02  1.6100E-02  7.4000E-03
  2.0000E-03  1.9000E-03  1.1000E-03  4.5000E-04  8.4000E-05
  7.1000E-06
  4.1900E-02  4.1900E-02  4.1900E-02  4.1900E-02  4.1900E-02
  4.1900E-02  4.1900E-02  4.1900E-02  4.1900E-02  4.1900E-02
  4.1900E-02  4.1900E-02  4.1900E-02  4.1900E-02  4.1900E-02
  4.1900E-02  4.1800E-02  4.1700E-02  4.1400E-02  4.0500E-02
  3.8900E-02  3.6600E-02  3.3700E-02  3.0500E-02  2.4000E-02
  1.0000E-02  3.9000E-03  6.0000E-04  1.2000E-04  9.4000E-06
  3.4000E-07
  4.2900E-02  4.2900E-02  4.2900E-02  4.2900E-02  4.2900E-02
  4.2900E-02  4.2900E-02  4.2900E-02  4.2900E-02  4.2900E-02
  4.2900E-02  4.2900E-02  4.2900E-02  4.2900E-02  4.2900E-02
  4.2800E-02  4.2800E-02  4.2700E-02  4.2300E-02  4.1300E-02
  3.9600E-02  3.7100E-02  3.4100E-02  3.0600E-02  2.3000E-02
  9.7000E-03  3.6000E-03  5.2000E-04  9.7000E-05  6.7000E-06
  1.8000E-07
  2.1300E-01  2.1300E-01  2.1300E-01  2.1200E-01  2.1100E-01
  2.0900E-01  2.0600E-01  2.0200E-01  1.9800E-01  1.9200E-01
  1.8700E-01  1.7300E-01  1.5800E-01  1.4300E-01  1.2700E-01
  1.1100E-01  9.5500E-02  6.8600E-02  3.9200E-02  1.6700E-02
  1.2100E-02  1.1900E-02  1.1000E-02  8.9900E-03  4.5000E-03
  5.1000E-04  3.2000E-04  2.0000E-04  8.1000E-05  1.5000E-05
  1.2000E-06
  1.2900E-01  1.2900E-01  1.2900E-01  1.2900E-01  1.2900E-01
  1.2900E-01  1.2900E-01  1.2800E-01  1.2800E-01  1.2800E-01
  1.2800E-01  1.2700E-01  1.2600E-01  1.2300E-01  1.2000E-01
  1.1600E-01  1.1200E-01  1.0000E-01  7.9600E-02  4.6000E-02
  2.2700E-02  1.0400E-02  5.2000E-03  3.5200E-03  3.2000E-03
  2.0000E-03  8.1000E-04  1.2000E-04  2.3000E-05  1.7000E-06
  6.0000E-08
  1.3100E-01  1.3100E-01  1.3100E-01  1.3100E-01  1.3100E-01
  1.3100E-01  1.3100E-01  1.3100E-01  1.3100E-01  1.3000E-01
  1.3000E-01  1.2900E-01  1.2800E-01  1.2500E-01  1.2200E-01
  1.1800E-01  1.1300E-01  1.0100E-01  7.9000E-02  4.4700E-02
  2.1500E-02  9.7100E-03  4.9600E-03  3.5200E-03  3.3000E-03
  2.0000E-03  7.6000E-04  1.0000E-04  1.9000E-05  1.2000E-06
  3.2000E-08
  9.5000E-02  9.5000E-02  9.5000E-02  9.5000E-02  9.5000E-02
  9.5000E-02  9.5000E-02  9.5000E-02  9.5000E-02  9.5000E-02
  9.5000E-02  9.4900E-02  9.4700E-02  9.4400E-02  9.3800E-02
  9.2900E-02  9.1600E-02  8.7900E-02  7.9500E-02  6.1100E-02
  4.3100E-02  2.8800E-02  1.8800E-02  1.2100E-02  5.0000E-03
  6.2000E-04  9.8000E-05  4.9000E-06  4.7000E-07  1.4000E-08
  1.8000E-10
  9.5700E-02  9.5700E-02  9.5700E-02  9.5700E-02  9.5700E-02
  9.5700E-02  9.5700E-02  9.5700E-02  9.5700E-02  9.5700E-02
  9.5600E-02  9.5600E-02  9.5400E-02  9.5000E-02  9.4400E-02
  9.3400E-02  9.2100E-02  8.8300E-02  7.9700E-02  6.1000E-02
  4.2900E-02  2.8600E-02  1.8500E-02  1.1900E-02  4.9000E-03
  6.0000E-04  9.3000E-05  4.5000E-06  4.2000E-07  1.2000E-08
  1.3000E-10
  6.3100E-01  6.2900E-01  6.2000E-01  6.0700E-01  5.8900E-01
  5.3900E-01  4.7800E-01  4.1000E-01  3.4100E-01  2.7600E-01
  2.1700E-01  1.2600E-01  7.1100E-02  4.3200E-02  3.2000E-02
  2.9000E-02  2.8700E-02  2.7200E-02  1.8800E-02  6.0200E-03
  1.9600E-03  1.4400E-03  1.4100E-03  1.2300E-03  6.5000E-04
  6.6000E-05  3.6000E-05  2.3000E-05  9.4000E-06  1.7000E-06
  1.4000E-07
  4.3300E-01  4.3300E-01  4.3300E-01  4.3300E-01  4.3200E-01
  4.2800E-01  4.1800E-01  4.0000E-01  3.7500E-01  3.4300E-01
  3.0700E-01  2.2800E-01  1.5700E-01  1.0100E-01  6.1300E-02
  3.6400E-02  2.1800E-02  1.0300E-02  8.2600E-03  6.8600E-03
  3.7800E-03  1.6800E-03  7.1400E-04  3.6900E-04  2.7000E-04
  1.8000E-04  7.5000E-05  1.1000E-05  2.1000E-06  1.5000E-07
  5.4000E-09
  4.4300E-01  4.4300E-01  4.4300E-01  4.4200E-01  4.4100E-01
  4.3700E-01  4.2500E-01  4.0600E-01  3.7900E-01  3.4500E-01
  3.0600E-01  2.2500E-01  1.5200E-01  9.5800E-02  5.7500E-02
  3.3700E-02  2.0100E-02  9.9300E-03  8.3800E-03  6.7300E-03
  3.5700E-03  1.5400E-03  6.5000E-04  3.5100E-04  2.7000E-04
  1.8000E-04  6.9000E-05  9.5000E-06  1.7000E-06  1.1000E-07
  2.8000E-09
  2.5600E+00  2.4000E+00  2.0000E+00  1.4800E+00  9.7700E-01
  3.2400E-01  9.7200E-02  5.5600E-02  5.3700E-02  5.0000E-02
  4.1400E-02  2.2400E-02  1.0400E-02  4.6100E-03  2.3000E-03
  1.5400E-03  1.3700E-03  1.3400E-03  9.8800E-04  3.2300E-04
  9.6700E-05  6.5600E-05  6.4300E-05  5.6300E-05  3.0000E-05
  3.0000E-06  1.6000E-06  1.0000E-06  4.3000E-07  7.6000E-08
  6.2000E-09