  1.3500E-02  1.3500E-02  1.3500E-02  1.3500E-02  1.3500E-02
  1.3500E-02  1.3500E-02  1.3500E-02  1.3500E-02  1.3500E-02
  1.3500E-02  1.3500E-02  1.3400E-02  1.3400E-02  1.3400E-02
  1.3400E-02  1.3400E-02  1.3400E-02  1.3400E-02  1.3300E-02
  1.3200E-02  1.3100E-02  1.2900E-02  1.2800E-02  1.2000E-02
  1.1000E-02  9.9000E-03  7.1000E-03  4.7000E-03  2.0000E-03
  3.7000E-04
  4.8000E-02  4.8000E-02  4.8000E-02  4.8000E-02  4.8000E-02
  4.8000E-02  4.7900E-02  4.7900E-02  4.7900E-02  4.7800E-02
  4.7700E-02  4.7600E-02  4.7400E-02  4.7100E-02  4.6900E-02
  4.6600E-02  4.6200E-02  4.5500E-02  4.4100E-02  4.1300E-02
  3.8000E-02  3.4400E-02  3.0500E-02  2.6700E-02  1.9000E-02
  7.1000E-03  2.4000E-03  1.2000E-03  1.0000E-03  4.4000E-04
  6.7000E-05
  2.3800E-02  2.3800E-02  2.3800E-02  2.3800E-02  2.3800E-02
  2.3800E-02  2.3800E-02  2.3800E-02  2.3800E-02  2.3800E-02
  2.3800E-02  2.3800E-02  2.3800E-02  2.3800E-02  2.3800E-02
  2.3800E-02  2.3800E-02  2.3700E-02  2.3700E-02  2.3700E-02
  2.3500E-02  2.3300E-02  2.3000E-02  2.2500E-02  2.1000E-02
  1.6000E-02  1.1000E-02  3.9000E-03  1.3000E-03  1.9000E-04
  1.1000E-05
  2.5200E-02  2.5200E-02  2.5200E-02  2.5200E-02  2.5200E-02
  2.5200E-02  2.5200E-02  2.5200E-02  2.5200E-02  2.5200E-02
  2.5200E-02  2.5200E-02  2.5200E-02  2.5200E-02  2.5200E-02
  2.5200E-02  2.5200E-02  2.5200E-02  2.5200E-02  2.5100E-02
  2.4900E-02  2.4700E-02  2.4200E-02  2.3700E-02  2.2000E-02
  1.6000E-02  1.0000E-02  3.3000E-03  1.0000E-03  1.2000E-04
  4.7000E-06
  1.0900E-01  1.0900E-01  1.0900E-01  1.0800E-01  1.0800E-01
  1.0800E-01  1.0800E-01  1.0700E-01  1.0600E-01  1.0600E-01
  1.0500E-01  1.0300E-01  1.0000E-01  9.7200E-02  9.4000E-02
  9.0500E-02  8.6700E-02  7.8600E-02  6.5800E-02  4.5300E-02
  2.8800E-02  1.7800E-02  1.1600E-02  8.8400E-03  7.8000E-03
  5.4000E-03  1.7000E-03  2.5000E-04  2.3000E-04  1.0000E-04
  1.5000E-05
  6.4300E-02  6.4300E-02  6.4300E-02  6.4300E-02  6.4300E-02
  6.4300E-02  6.4300E-02  6.4300E-02  6.4300E-02  6.4200E-02
  6.4200E-02  6.4200E-02  6.4200E-02  6.4100E-02  6.3900E-02
  6.3800E-02  6.3500E-02  6.2800E-02  6.1000E-02  5.5900E-02
  4.8400E-02  3.9400E-02  3.0300E-02  2.2100E-02  1.0000E-02
  2.4000E-03  2.2000E-03  1.1000E-03  3.7000E-04  4.9000E-05
  2.6000E-06
  6.6900E-02  6.6900E-02  6.6900E-02  6.6900E-02  6.6900E-02
  6.6900E-02  6.6900E-02  6.6900E-02  6.6900E-02  6.6900E-02
  6.6900E-02  6.6800E-02  6.6800E-02  6.6700E-02  6.6500E-02
  6.6300E-02  6.6000E-02  6.5100E-02  6.3000E-02  5.7100E-02
  4.8500E-02  3.8600E-02  2.8900E-02  2.0400E-02  9.1000E-03
  2.5000E-03  2.3000E-03  9.8000E-04  3.0000E-04  3.2000E-05
  1.2000E-06
  4.4100E-02  4.4100E-02  4.4100E-02  4.4100E-02  4.4100E-02
  4.4100E-02  4.4100E-02  4.4100E-02  4.4100E-02  4.4100E-02
  4.4100E-02  4.4100E-02  4.4100E-02  4.4100E-02  4.4100E-02
  4.4100E-02  4.4100E-02  4.4100E-02  4.3900E-02  4.3400E-02
  4.2000E-02  3.9600E-02  3.6400E-02  3.2400E-02  2.4000E-02
  8.4000E-03  2.6000E-03  2.7000E-04  3.8000E-05  1.7000E-06
  2.5000E-08
  4.4700E-02  4.4700E-02  4.4700E-02  4.4700E-02  4.4700E-02
  4.4700E-02  4.4700E-02  4.4700E-02  4.4700E-02  4.4700E-02
  4.4700E-02  4.4700E-02  4.4700E-02  4.4700E-02  4.4700E-02
  4.4700E-02  4.4600E-02  4.4600E-02  4.4500E-02  4.3900E-02
  4.2400E-02  4.0000E-02  3.6600E-02  3.2400E-02  2.4000E-02
  8.1000E-03  2.4000E-03  2.4000E-04  3.2000E-05  1.3000E-06
  1.5000E-08
  2.3400E-01  2.3400E-01  2.3300E-01  2.3300E-01  2.3200E-01
  2.2800E-01  2.2400E-01  2.1800E-01  2.1100E-01  2.0400E-01
  1.9500E-01  1.7700E-01  1.5700E-01  1.3600E-01  1.1600E-01
  9.6800E-02  7.9900E-02  5.2900E-02  3.0000E-02  2.1000E-02
  2.0400E-02  1.6300E-02  1.0600E-02  5.9200E-03  2.2000E-03
  1.5000E-03  5.4000E-04  5.9000E-05  5.2000E-05  2.3000E-05
  3.4000E-06
  1.5000E-01  1.5000E-01  1.5000E-01  1.5000E-01  1.5000E-01
  1.5000E-01  1.5000E-01  1.5000E-01  1.4900E-01  1.4900E-01
  1.4800E-01  1.4700E-01  1.4400E-01  1.3900E-01  1.3300E-01
  1.2600E-01  1.1800E-01  9.8200E-02  6.7500E-02  2.8900E-02
  1.2200E-02  8.4800E-03  8.2800E-03  7.7700E-03  4.8000E-03
  6.4000E-04  4.3000E-04  2.4000E-04  8.3000E-05  1.1000E-05
  5.7000E-07
  1.5600E-01  1.5600E-01  1.5600E-01  1.5600E-01  1.5600E-01
  1.5600E-01  1.5600E-01  1.5500E-01  1.5500E-01  1.5500E-01
  1.5400E-01  1.5200E-01  1.4800E-01  1.4300E-01  1.3600E-01
  1.2800E-01  1.1900E-01  9.6900E-02  6.4200E-02  2.5900E-02
  1.1300E-02  8.7400E-03  8.6200E-03  7.7700E-03  4.4000E-03
  5.9000E-04  4.7000E-04  2.2000E-04  6.7000E-05  7.2000E-06
  2.6000E-07
  1.2500E-01  1.2500E-01  1.2500E-01  1.2500E-01  1.2500E-01
  1.2500E-01  1.2500E-01  1.2500E-01  1.2500E-01  1.2500E-01
  1.2500E-01  1.2400E-01  1.2400E-01  1.2300E-01  1.2100E-01
  1.1800E-01  1.1500E-01  1.0400E-01  8.4200E-02  4.8400E-02
  2.3000E-02  9.9700E-03  4.8200E-03  3.3400E-03  3.1000E-03
  1.7000E-03  5.6000E-04  5.9000E-05  8.3000E-06  3.6000E-07
  5.4000E-09
  1.2600E-01  1.2600E-01  1.2600E-01  1.2600E-01  1.2600E-01
  1.2600E-01  1.2600E-01  1.2600E-01  1.2600E-01  1.2600E-01
  1.2600E-01  1.2600E-01  1.2500E-01  1.2400E-01  1.2200E-01
  1.1900E-01  1.1500E-01  1.0500E-01  8.4000E-02  4.7500E-02
  2.2200E-02  9.5100E-03  4.6500E-03  3.3100E-03  3.1000E-03
  1.6000E-03  5.3000E-04  5.3000E-05  7.1000E-06  2.8000E-07
  3.3000E-09
  1.4900E-01  1.4900E-01  1.4900E-01  1.4900E-01  1.4900E-01
  1.4900E-01  1.4800E-01  1.4800E-01  1.4800E-01  1.4800E-01
  1.4700E-01  1.4500E-01  1.4000E-01  1.3500E-01  1.2800E-01
  1.2000E-01  1.1200E-01  9.4600E-02  7.1200E-02  4.2100E-02
  2.4100E-02  1.3700E-02  7.7800E-03  4.4500E-03  1.5000E-03
  1.3000E-04  1.6000E-05  5.4000E-07  3.7000E-08  6.0000E-10
  3.8000E-12
  6.0900E-01  6.0700E-01  5.9900E-01  5.8600E-01  5.6800E-01
  5.2000E-01  4.6100E-01  3.9500E-01  3.2700E-01  2.6400E-01
  2.0700E-01  1.2100E-01  7.0900E-02  4.8300E-02  4.1100E-02
  4.0100E-02  3.9900E-02  3.4500E-02  1.9400E-02  5.1700E-03
  3.4500E-03  3.2200E-03  2.3100E-03  1.3300E-03  4.0000E-04
  2.5000E-04  9.1000E-05  9.2000E-06  8.0000E-06  3.6000E-06
  5.3000E-07
  4.1700E-01  4.1700E-01  4.1600E-01  4.1600E-01  4.1600E-01
  4.1200E-01  4.0300E-01  3.8800E-01  3.6600E-01  3.3700E-01
  3.0300E-01  2.2800E-01  1.5600E-01  9.9000E-02  5.9600E-02
  3.5700E-02  2.3000E-02  1.5300E-02  1.4700E-02  8.7400E-03
  3.2100E-03  1.3300E-03  1.0600E-03  1.0400E-03  7.2000E-04
  9.3000E-05  5.5000E-05  3.2000E-05  1.1000E-05  1.4000E-06
  7.5000E-08
  4.4200E-01  4.4200E-01  4.4200E-01  4.4100E-01  4.4000E-01
  4.3600E-01  4.2500E-01  4.0500E-01  3.7800E-01  3.4300E-01
  3.0300E-01  2.1800E-01  1.4300E-01  8.6500E-02  5.0200E-02
  2.9700E-02  1.9900E-02  1.5100E-02  1.4300E-02  7.5000E-03
  2.5500E-03  1.1800E-03  1.0500E-03  1.0100E-03  6.2000E-04
  7.7000E-05  5.7000E-05  2.7000E-05  8.4000E-06  9.0000E-07
  3.2000E-08
  2.1500E+00  2.0500E+00  1.7800E+00  1.4200E+00  1.0300E+00
  4.4100E-01  1.6200E-01  7.9900E-02  6.8600E-02  6.7700E-02
  6.1600E-02  3.8700E-02  1.9200E-02  8.7300E-03  4.5000E-03
  3.2800E-03  3.1100E-03  2.9300E-03  1.7800E-03  4.4200E-04
  2.4900E-04  2.3700E-04  1.7300E-04  1.0000E-04  3.0000E-05
  1.8000E-05  6.6000E-06  6.6000E-07  5.7000E-07  2.6000E-07
  3.8000E-08