  1.1500E-02  1.1500E-02  1.1500E-02  1.1500E-02  1.1500E-02
  1.1500E-02  1.1500E-02  1.1500E-02  1.1500E-02  1.1500E-02
  1.1500E-02  1.1500E-02  1.1500E-02  1.1500E-02  1.1500E-02
  1.1500E-02  1.1500E-02  1.1500E-02  1.1500E-02  1.1400E-02
  1.1400E-02  1.1300E-02  1.1200E-02  1.1100E-02  1.1000E-02
  1.0000E-02  9.2000E-03  7.1000E-03  5.1000E-03  2.5000E-03
  5.7000E-04
  4.1000E-02  4.1000E-02  4.1000E-02  4.1000E-02  4.1000E-02
  4.1000E-02  4.0900E-02  4.0900E-02  4.0900E-02  4.0800E-02
  4.0800E-02  4.0700E-02  4.0600E-02  4.0400E-02  4.0300E-02
  4.0100E-02  3.9900E-02  3.9400E-02  3.8500E-02  3.6700E-02
  3.4500E-02  3.2000E-02  2.9400E-02  2.6600E-02  2.1000E-02
  9.7000E-03  3.8000E-03  1.1000E-03  1.0000E-03  5.9000E-04
  1.2000E-04
  2.0200E-02  2.0200E-02  2.0200E-02  2.0200E-02  2.0200E-02
  2.0200E-02  2.0200E-02  2.0200E-02  2.0200E-02  2.0200E-02
  2.0200E-02  2.0200E-02  2.0200E-02  2.0200E-02  2.0200E-02
  2.0200E-02  2.0200E-02  2.0200E-02  2.0200E-02  2.0100E-02
  2.0100E-02  2.0000E-02  1.9800E-02  1.9600E-02  1.9000E-02
  1.6000E-02  1.2000E-02  5.4000E-03  2.2000E-03  3.8000E-04
  2.6000E-05
  2.1900E-02  2.1900E-02  2.1900E-02  2.1900E-02  2.1900E-02
  2.1900E-02  2.1900E-02  2.1900E-02  2.1900E-02  2.1900E-02
  2.1900E-02  2.1900E-02  2.1900E-02  2.1900E-02  2.1900E-02
  2.1900E-02  2.1900E-02  2.1800E-02  2.1800E-02  2.1800E-02
  2.1700E-02  2.1600E-02  2.1300E-02  2.1000E-02  2.0000E-02
  1.6000E-02  1.2000E-02  4.6000E-03  1.7000E-03  2.3000E-04
  1.1000E-05
  9.1200E-02  9.1200E-02  9.1100E-02  9.1100E-02  9.1000E-02
  9.0800E-02  9.0600E-02  9.0300E-02  8.9900E-02  8.9400E-02
  8.8900E-02  8.7600E-02  8.6000E-02  8.4300E-02  8.2300E-02
  8.0000E-02  7.7700E-02  7.2400E-02  6.3700E-02  4.8500E-02
  3.4700E-02  2.3500E-02  1.5700E-02  1.0800E-02  7.2000E-03
  6.2000E-03  3.2000E-03  3.7000E-04  2.1000E-04  1.4000E-04
  2.7000E-05
  5.3700E-02  5.3700E-02  5.3700E-02  5.3700E-02  5.3700E-02
  5.3700E-02  5.3700E-02  5.3700E-02  5.3700E-02  5.3700E-02
  5.3700E-02  5.3700E-02  5.3700E-02  5.3700E-02  5.3600E-02
  5.3500E-02  5.3400E-02  5.3100E-02  5.2300E-02  4.9800E-02
  4.5700E-02  4.0300E-02  3.4000E-02  2.7500E-02  1.6000E-02
  3.3000E-03  1.9000E-03  1.4000E-03  6.4000E-04  1.1000E-04
  7.0000E-06
  5.6600E-02  5.6600E-02  5.6600E-02  5.6600E-02  5.6600E-02
  5.6600E-02  5.6600E-02  5.6600E-02  5.6600E-02  5.6600E-02
  5.6600E-02  5.6600E-02  5.6600E-02  5.6500E-02  5.6500E-02
  5.6400E-02  5.6200E-02  5.5800E-02  5.4800E-02  5.1700E-02
  4.6700E-02  4.0300E-02  3.3200E-02  2.6100E-02  1.4000E-02
  2.9000E-03  2.2000E-03  1.4000E-03  5.2000E-04  7.0000E-05
  3.0000E-06
  3.7000E-02  3.7000E-02  3.7000E-02  3.7000E-02  3.7000E-02
  3.7000E-02  3.7000E-02  3.7000E-02  3.7000E-02  3.7000E-02
  3.7000E-02  3.7000E-02  3.7000E-02  3.7000E-02  3.7000E-02
  3.7000E-02  3.7000E-02  3.7000E-02  3.6900E-02  3.6700E-02
  3.6200E-02  3.5200E-02  3.3600E-02  3.1400E-02  2.6000E-02
  1.2000E-02  4.6000E-03  6.3000E-04  1.0000E-04  5.3000E-06
  9.0000E-08
  3.7600E-02  3.7600E-02  3.7600E-02  3.7600E-02  3.7600E-02
  3.7600E-02  3.7600E-02  3.7600E-02  3.7600E-02  3.7600E-02
  3.7600E-02  3.7600E-02  3.7600E-02  3.7600E-02  3.7600E-02
  3.7600E-02  3.7600E-02  3.7600E-02  3.7500E-02  3.7300E-02
  3.6700E-02  3.5700E-02  3.4000E-02  3.1700E-02  2.6000E-02
  1.2000E-02  4.4000E-03  5.6000E-04  8.7000E-05  4.1000E-06
  5.3000E-08
  1.9400E-01  1.9400E-01  1.9400E-01  1.9400E-01  1.9300E-01
  1.9100E-01  1.8800E-01  1.8500E-01  1.8100E-01  1.7600E-01
  1.7100E-01  1.6000E-01  1.4700E-01  1.3300E-01  1.1800E-01
  1.0400E-01  9.0300E-02  6.6000E-02  3.9500E-02  2.0500E-02
  1.7800E-02  1.7300E-02  1.4600E-02  1.0500E-02  4.0000E-03
  1.6000E-03  1.0000E-03  1.1000E-04  4.9000E-05  3.4000E-05
  6.5000E-06
  1.2300E-01  1.2300E-01  1.2300E-01  1.2300E-01  1.2300E-01
  1.2300E-01  1.2300E-01  1.2300E-01  1.2300E-01  1.2300E-01
  1.2300E-01  1.2200E-01  1.2100E-01  1.1900E-01  1.1600E-01
  1.1300E-01  1.0800E-01  9.7400E-02  7.7300E-02  4.3800E-02
  2.1000E-02  1.0500E-02  7.5000E-03  7.1500E-03  6.4000E-03
  1.5000E-03  4.2000E-04  3.2000E-04  1.5000E-04  2.5000E-05
  1.6000E-06
  1.3000E-01  1.3000E-01  1.3000E-01  1.3000E-01  1.3000E-01
  1.3000E-01  1.3000E-01  1.3000E-01  1.3000E-01  1.3000E-01
  1.2900E-01  1.2800E-01  1.2700E-01  1.2400E-01  1.2100E-01
  1.1700E-01  1.1100E-01  9.8300E-02  7.5400E-02  3.9700E-02
  1.8000E-02  9.5200E-03  7.6600E-03  7.5600E-03  6.2000E-03
  1.2000E-03  4.5000E-04  3.2000E-04  1.2000E-04  1.7000E-05
  6.9000E-07
  1.0200E-01  1.0200E-01  1.0200E-01  1.0200E-01  1.0200E-01
  1.0200E-01  1.0200E-01  1.0200E-01  1.0200E-01  1.0200E-01
  1.0200E-01  1.0200E-01  1.0200E-01  1.0100E-01  1.0100E-01
  9.9600E-02  9.8200E-02  9.4000E-02  8.3800E-02  6.0300E-02
  3.7000E-02  2.0100E-02  1.0200E-02  5.3800E-03  2.9000E-03
  2.3000E-03  1.1000E-03  1.5000E-04  2.5000E-05  1.3000E-06
  2.1000E-08
  1.0400E-01  1.0400E-01  1.0400E-01  1.0400E-01  1.0400E-01
  1.0400E-01  1.0400E-01  1.0400E-01  1.0400E-01  1.0400E-01
  1.0400E-01  1.0400E-01  1.0300E-01  1.0300E-01  1.0200E-01
  1.0100E-01  9.9700E-02  9.5200E-02  8.4300E-02  5.9600E-02
  3.5900E-02  1.9100E-02  9.5600E-03  5.0500E-03  2.9000E-03
  2.3000E-03  1.0000E-03  1.4000E-04  2.1000E-05  9.6000E-07
  1.2000E-08
  1.1000E-01  1.1000E-01  1.1000E-01  1.1000E-01  1.1000E-01
  1.1000E-01  1.1000E-01  1.1000E-01  1.1000E-01  1.1000E-01
  1.1000E-01  1.0900E-01  1.0800E-01  1.0600E-01  1.0400E-01
  1.0100E-01  9.7900E-02  8.9800E-02  7.6200E-02  5.4500E-02
  3.7100E-02  2.4600E-02  1.6000E-02  1.0400E-02  4.3000E-03
  5.3000E-04  7.9000E-05  3.3000E-06  2.5000E-07  4.7000E-09
  2.5000E-11
  1.1400E-01  1.1400E-01  1.1400E-01  1.1400E-01  1.1400E-01
  1.1400E-01  1.1400E-01  1.1400E-01  1.1300E-01  1.1300E-01
  1.1300E-01  1.1200E-01  1.1100E-01  1.0900E-01  1.0600E-01
  1.0300E-01  9.8900E-02  9.0000E-02  7.5600E-02  5.3300E-02
  3.6000E-02  2.3700E-02  1.5300E-02  9.8900E-03  4.1000E-03
  4.9000E-04  7.3000E-05  2.9000E-06  2.1000E-07  3.7000E-09
  1.7000E-11
  5.2600E-01  5.2400E-01  5.1900E-01  5.1100E-01  4.9900E-01
  4.6800E-01  4.2800E-01  3.8100E-01  3.3200E-01  2.8200E-01
  2.3500E-01  1.5400E-01  9.5700E-02  6.0300E-02  4.2000E-02
  3.4500E-02  3.2400E-02  3.1900E-02  2.5400E-02  9.6500E-03
  3.5200E-03  2.7900E-03  2.6700E-03  2.1300E-03  8.6000E-04
  2.4000E-04  1.6000E-04  1.7000E-05  7.3000E-06  5.0000E-06
  9.6000E-07
  3.5800E-01  3.5800E-01  3.5800E-01  3.5800E-01  3.5800E-01
  3.5600E-01  3.5200E-01  3.4400E-01  3.3100E-01  3.1400E-01
  2.9300E-01  2.4200E-01  1.8600E-01  1.3400E-01  9.1800E-02
  6.0200E-02  3.8700E-02  1.7600E-02  1.1500E-02  1.0300E-02
  5.8900E-03  2.5600E-03  1.1900E-03  8.6800E-04  8.2000E-04
  2.2000E-04  5.2000E-05  4.0000E-05  1.9000E-05  3.1000E-06
  2.0000E-07
  3.8800E-01  3.8800E-01  3.8800E-01  3.8800E-01  3.8800E-01
  3.8500E-01  3.7900E-01  3.6700E-01  3.5000E-01  3.2800E-01
  3.0000E-01  2.3700E-01  1.7400E-01  1.1900E-01  7.6900E-02
  4.8000E-02  2.9900E-02  1.4500E-02  1.1500E-02  9.3700E-03
  4.6600E-03  1.8800E-03  9.7400E-04  8.3800E-04  7.6000E-04
  1.5000E-04  5.0000E-05  3.6000E-05  1.4000E-05  1.9000E-06
  7.9000E-08
  1.9900E+00  1.9100E+00  1.7000E+00  1.4000E+00  1.0700E+00
  5.2000E-01  2.0900E-01  8.7700E-02  5.6600E-02  5.3200E-02
  5.2400E-02  4.1000E-02  2.5200E-02  1.3400E-02  6.7600E-03
  3.6500E-03  2.4800E-03  2.1200E-03  1.8600E-03  7.4100E-04
  2.4100E-04  1.7100E-04  1.6600E-04  1.3400E-04  5.5000E-05
  1.5000E-05  9.8000E-06  1.1000E-06  4.4000E-07  3.0000E-07
  5.9000E-08