  1.1300E-01  1.1300E-01  1.1300E-01  1.1300E-01  1.1300E-01
  1.1300E-01  1.1200E-01  1.1200E-01  1.1100E-01  1.1000E-01
  1.0900E-01  1.0700E-01  1.0500E-01  1.0200E-01  9.8600E-02
  9.5200E-02  9.1500E-02  8.3800E-02  7.1800E-02  5.2900E-02
  3.7300E-02  2.5700E-02  1.7400E-02  1.1800E-02  5.5000E-03
  1.0000E-03  2.4000E-04  2.8000E-05  5.4000E-06  5.1000E-07
  2.5000E-08
  5.7900E-01  5.7700E-01  5.7100E-01  5.6100E-01  5.4800E-01
  5.1300E-01  4.6800E-01  4.1700E-01  3.6300E-01  3.1100E-01
  2.6100E-01  1.7500E-01  1.1100E-01  6.8400E-02  4.0900E-02
  2.4500E-02  1.5100E-02  7.6500E-03  6.0500E-03  5.6100E-03
  4.1400E-03  2.7100E-03  1.7100E-03  1.0700E-03  4.4000E-04
  6.5000E-05  1.5000E-05  1.5000E-06  2.9000E-07  2.7000E-08
  1.3000E-09
  3.5000E-01  3.5000E-01  3.5000E-01  3.4900E-01  3.4900E-01
  3.4600E-01  3.4000E-01  3.3000E-01  3.1500E-01  2.9700E-01
  2.7500E-01  2.2800E-01  1.8300E-01  1.4300E-01  1.1100E-01
  8.5200E-02  6.5300E-02  3.8500E-02  1.7900E-02  5.4200E-03
  1.8400E-03  6.9000E-04  2.8400E-04  1.2600E-04  3.0000E-05
  1.9000E-06  2.4000E-07  1.1000E-08  1.2000E-09  5.0000E-11
  8.5000E-13