  7.4300E-03  7.4300E-03  7.4300E-03  7.4300E-03  7.4300E-03
  7.4300E-03  7.4300E-03  7.4300E-03  7.4300E-03  7.4300E-03
  7.4300E-03  7.4300E-03  7.4300E-03  7.4200E-03  7.4200E-03
  7.4200E-03  7.4200E-03  7.4200E-03  7.4100E-03  7.4000E-03
  7.3800E-03  7.3600E-03  7.3300E-03  7.3000E-03  7.2000E-03
  7.0000E-03  6.7000E-03  5.9000E-03  5.0000E-03  3.3000E-03
  1.3000E-03
  2.6700E-02  2.6700E-02  2.6700E-02  2.6700E-02  2.6700E-02
  2.6700E-02  2.6700E-02  2.6600E-02  2.6600E-02  2.6600E-02
  2.6600E-02  2.6600E-02  2.6500E-02  2.6500E-02  2.6500E-02
  2.6400E-02  2.6300E-02  2.6200E-02  2.6000E-02  2.5400E-02
  2.4800E-02  2.4000E-02  2.3100E-02  2.2100E-02  2.0000E-02
  1.4000E-02  8.7000E-03  2.6000E-03  8.9000E-04  6.3000E-04
  3.3000E-04
  1.2800E-02  1.2800E-02  1.2800E-02  1.2800E-02  1.2800E-02
  1.2800E-02  1.2800E-02  1.2800E-02  1.2800E-02  1.2800E-02
  1.2800E-02  1.2800E-02  1.2800E-02  1.2800E-02  1.2800E-02
  1.2800E-02  1.2800E-02  1.2800E-02  1.2800E-02  1.2800E-02
  1.2800E-02  1.2800E-02  1.2800E-02  1.2700E-02  1.2700E-02
  1.2000E-02  1.1000E-02  7.9000E-03  4.9000E-03  1.7000E-03
  2.3000E-04
  1.5200E-02  1.5200E-02  1.5200E-02  1.5200E-02  1.5200E-02
  1.5200E-02  1.5200E-02  1.5200E-02  1.5200E-02  1.5200E-02
  1.5200E-02  1.5200E-02  1.5200E-02  1.5200E-02  1.5200E-02
  1.5200E-02  1.5200E-02  1.5200E-02  1.5200E-02  1.5200E-02
  1.5200E-02  1.5200E-02  1.5100E-02  1.5100E-02  1.5000E-02
  1.4000E-02  1.2000E-02  7.5000E-03  4.0000E-03  9.7000E-04
  7.6000E-05
  5.8400E-02  5.8400E-02  5.8400E-02  5.8400E-02  5.8300E-02
  5.8300E-02  5.8200E-02  5.8100E-02  5.8000E-02  5.7900E-02
  5.7800E-02  5.7400E-02  5.7000E-02  5.6500E-02  5.5900E-02
  5.5300E-02  5.4600E-02  5.3000E-02  5.0300E-02  4.4800E-02
  3.8600E-02  3.2400E-02  2.6400E-02  2.0900E-02  1.3000E-02
  4.8000E-03  4.5000E-03  2.3000E-03  5.9000E-04  1.4000E-04
  8.5000E-05
  3.4000E-02  3.4000E-02  3.4000E-02  3.4000E-02  3.4000E-02
  3.4000E-02  3.4000E-02  3.4000E-02  3.4000E-02  3.4000E-02
  3.4000E-02  3.4000E-02  3.4000E-02  3.4000E-02  3.4000E-02
  3.4000E-02  3.4000E-02  3.3900E-02  3.3800E-02  3.3500E-02
  3.2900E-02  3.1900E-02  3.0500E-02  2.8700E-02  2.4000E-02
  1.2000E-02  4.2000E-03  1.3000E-03  1.2000E-03  5.1000E-04
  6.9000E-05
  3.7900E-02  3.7900E-02  3.7900E-02  3.7900E-02  3.7900E-02
  3.7900E-02  3.7900E-02  3.7900E-02  3.7900E-02  3.7900E-02
  3.7900E-02  3.7900E-02  3.7900E-02  3.7900E-02  3.7900E-02
  3.7900E-02  3.7900E-02  3.7800E-02  3.7600E-02  3.7100E-02
  3.6100E-02  3.4500E-02  3.2400E-02  2.9700E-02  2.3000E-02
  9.2000E-03  2.9000E-03  1.6000E-03  1.2000E-03  3.5000E-04
  2.6000E-05
  2.4300E-02  2.4300E-02  2.4300E-02  2.4300E-02  2.4300E-02
  2.4300E-02  2.4300E-02  2.4300E-02  2.4300E-02  2.4300E-02
  2.4300E-02  2.4300E-02  2.4300E-02  2.4300E-02  2.4300E-02
  2.4300E-02  2.4300E-02  2.4300E-02  2.4300E-02  2.4300E-02
  2.4300E-02  2.4200E-02  2.4000E-02  2.3700E-02  2.3000E-02
  1.7000E-02  1.1000E-02  3.1000E-03  8.2000E-04  7.2000E-05
  1.9000E-06
  2.5200E-02  2.5200E-02  2.5200E-02  2.5200E-02  2.5200E-02
  2.5200E-02  2.5200E-02  2.5200E-02  2.5200E-02  2.5200E-02
  2.5200E-02  2.5200E-02  2.5200E-02  2.5200E-02  2.5200E-02
  2.5200E-02  2.5200E-02  2.5200E-02  2.5200E-02  2.5200E-02
  2.5100E-02  2.5000E-02  2.4800E-02  2.4400E-02  2.3000E-02
  1.7000E-02  1.1000E-02  2.8000E-03  6.8000E-04  5.1000E-05
  1.0000E-06
  1.1500E-01  1.1500E-01  1.1500E-01  1.1500E-01  1.1500E-01
  1.1500E-01  1.1400E-01  1.1300E-01  1.1200E-01  1.1100E-01
  1.1000E-01  1.0700E-01  1.0400E-01  1.0000E-01  9.5900E-02
  9.1300E-02  8.6500E-02  7.6400E-02  6.0900E-02  3.8400E-02
  2.3200E-02  1.5400E-02  1.2600E-02  1.2200E-02  1.1000E-02
  3.6000E-03  1.2000E-03  8.5000E-04  2.3000E-04  3.7000E-05
  2.3000E-05
  7.2400E-02  7.2400E-02  7.2400E-02  7.2400E-02  7.2400E-02
  7.2400E-02  7.2400E-02  7.2400E-02  7.2400E-02  7.2400E-02
  7.2300E-02  7.2300E-02  7.2200E-02  7.2000E-02  7.1800E-02
  7.1400E-02  7.1000E-02  6.9600E-02  6.6400E-02  5.7800E-02
  4.6100E-02  3.3700E-02  2.2800E-02  1.4600E-02  6.7000E-03
  4.9000E-03  2.6000E-03  3.5000E-04  2.9000E-04  1.4000E-04
  1.9000E-05
  7.9800E-02  7.9800E-02  7.9800E-02  7.9800E-02  7.9800E-02
  7.9800E-02  7.9800E-02  7.9800E-02  7.9800E-02  7.9800E-02
  7.9800E-02  7.9700E-02  7.9500E-02  7.9200E-02  7.8800E-02
  7.8300E-02  7.7600E-02  7.5500E-02  7.0700E-02  5.8500E-02
  4.3400E-02  2.9100E-02  1.8100E-02  1.1200E-02  6.2000E-03
  4.9000E-03  1.8000E-03  3.9000E-04  3.4000E-04  1.0000E-04
  7.3000E-06
  5.8900E-02  5.8900E-02  5.8900E-02  5.8900E-02  5.8900E-02
  5.8900E-02  5.8900E-02  5.8900E-02  5.8900E-02  5.8900E-02
  5.8900E-02  5.8900E-02  5.8900E-02  5.8900E-02  5.8900E-02
  5.8900E-02  5.8800E-02  5.8600E-02  5.8000E-02  5.5500E-02
  5.0300E-02  4.2800E-02  3.4000E-02  2.5300E-02  1.2000E-02
  2.5000E-03  2.2000E-03  9.8000E-04  2.7000E-04  2.4000E-05
  6.0000E-07
  6.0600E-02  6.0600E-02  6.0600E-02  6.0600E-02  6.0600E-02
  6.0600E-02  6.0600E-02  6.0600E-02  6.0600E-02  6.0600E-02
  6.0600E-02  6.0600E-02  6.0600E-02  6.0600E-02  6.0600E-02
  6.0500E-02  6.0500E-02  6.0300E-02  5.9600E-02  5.6600E-02
  5.0800E-02  4.2500E-02  3.3100E-02  2.4200E-02  1.1000E-02
  2.5000E-03  2.3000E-03  8.9000E-04  2.3000E-04  1.7000E-05
  3.2000E-07
  4.7200E-02  4.7200E-02  4.7200E-02  4.7200E-02  4.7200E-02
  4.7200E-02  4.7200E-02  4.7200E-02  4.7200E-02  4.7200E-02
  4.7200E-02  4.7200E-02  4.7200E-02  4.7200E-02  4.7200E-02
  4.7200E-02  4.7200E-02  4.7200E-02  4.7000E-02  4.6400E-02
  4.4700E-02  4.1700E-02  3.7400E-02  3.2500E-02  2.2000E-02
  6.8000E-03  1.8000E-03  1.5000E-04  1.7000E-05  4.8000E-07
  3.5000E-09
  4.7900E-02  4.7900E-02  4.7900E-02  4.7900E-02  4.7900E-02
  4.7900E-02  4.7900E-02  4.7900E-02  4.7900E-02  4.7900E-02
  4.7900E-02  4.7900E-02  4.7900E-02  4.7900E-02  4.7900E-02
  4.7900E-02  4.7900E-02  4.7800E-02  4.7700E-02  4.7000E-02
  4.5200E-02  4.2000E-02  3.7500E-02  3.2400E-02  2.2000E-02
  6.5000E-03  1.7000E-03  1.3000E-04  1.4000E-05  3.7000E-07
  2.2000E-09
  2.3800E-01  2.3800E-01  2.3800E-01  2.3700E-01  2.3600E-01
  2.3200E-01  2.2700E-01  2.2100E-01  2.1300E-01  2.0500E-01
  1.9500E-01  1.7500E-01  1.5300E-01  1.3100E-01  1.1000E-01
  9.0600E-02  7.3700E-02  4.8500E-02  2.9800E-02  2.5100E-02
  2.2700E-02  1.5400E-02  8.4300E-03  4.5900E-03  3.1000E-03
  1.4000E-03  3.4000E-04  2.2000E-04  6.2000E-05  9.1000E-06
  5.7000E-06
  1.5700E-01  1.5700E-01  1.5700E-01  1.5700E-01  1.5700E-01
  1.5700E-01  1.5600E-01  1.5600E-01  1.5600E-01  1.5500E-01
  1.5500E-01  1.5200E-01  1.4900E-01  1.4300E-01  1.3600E-01
  1.2700E-01  1.1700E-01  9.4400E-02  6.0500E-02  2.3600E-02
  1.2300E-02  1.1300E-02  1.0600E-02  8.3400E-03  3.4000E-03
  1.1000E-03  7.1000E-04  8.8000E-05  6.4000E-05  3.3000E-05
  4.4000E-06
  1.7300E-01  1.7300E-01  1.7300E-01  1.7300E-01  1.7300E-01
  1.7300E-01  1.7300E-01  1.7200E-01  1.7200E-01  1.7100E-01
  1.7000E-01  1.6600E-01  1.6100E-01  1.5200E-01  1.4200E-01
  1.3000E-01  1.1600E-01  8.7900E-02  5.0400E-02  1.8400E-02
  1.2600E-02  1.2300E-02  1.0000E-02  6.6700E-03  2.2000E-03
  1.2000E-03  5.0000E-04  8.7000E-05  7.7000E-05  2.3000E-05
  1.7000E-06
  1.4500E-01  1.4500E-01  1.4500E-01  1.4500E-01  1.4500E-01
  1.4500E-01  1.4500E-01  1.4500E-01  1.4500E-01  1.4500E-01
  1.4500E-01  1.4500E-01  1.4300E-01  1.4100E-01  1.3700E-01
  1.3200E-01  1.2500E-01  1.0700E-01  7.5700E-02  3.2200E-02
  1.1700E-02  6.1200E-03  5.5600E-03  5.3900E-03  3.5000E-03
  5.3000E-04  3.8000E-04  1.9000E-04  5.4000E-05  4.7000E-06
  1.2000E-07
  1.4900E-01  1.4900E-01  1.4900E-01  1.4900E-01  1.4900E-01
  1.4900E-01  1.4900E-01  1.4900E-01  1.4900E-01  1.4900E-01
  1.4900E-01  1.4800E-01  1.4700E-01  1.4400E-01  1.4000E-01
  1.3400E-01  1.2600E-01  1.0700E-01  7.3500E-02  2.9700E-02
  1.0600E-02  6.0400E-03  5.7200E-03  5.4200E-03  3.3000E-03
  4.9000E-04  3.9000E-04  1.7000E-04  4.5000E-05  3.4000E-06
  6.3000E-08
  1.9300E-01  1.9300E-01  1.9300E-01  1.9300E-01  1.9300E-01
  1.9300E-01  1.9300E-01  1.9300E-01  1.9200E-01  1.9200E-01
  1.9000E-01  1.8500E-01  1.7600E-01  1.6400E-01  1.5000E-01
  1.3500E-01  1.2000E-01  9.0700E-02  5.5600E-02  2.1400E-02
  7.4400E-03  2.7900E-03  1.6000E-03  1.4300E-03  1.4000E-03
  5.7000E-04  1.7000E-04  1.4000E-05  1.6000E-06  4.5000E-08
  3.4000E-10
  5.6500E-01  5.6300E-01  5.5600E-01  5.4500E-01  5.2900E-01
  4.8800E-01  4.3600E-01  3.7700E-01  3.1700E-01  2.6000E-01
  2.0700E-01  1.2600E-01  7.7800E-02  5.5100E-02  4.7700E-02
  4.6700E-02  4.6300E-02  4.0000E-02  2.2000E-02  6.4000E-03
  5.2200E-03  4.3600E-03  2.5900E-03  1.3000E-03  6.2000E-04
  3.1000E-04  6.9000E-05  4.5000E-05  1.2000E-05  1.8000E-06
  1.1000E-06
  3.9000E-01  3.9000E-01  3.9000E-01  3.9000E-01  3.8900E-01
  3.8600E-01  3.8000E-01  3.6800E-01  3.4900E-01  3.2500E-01
  2.9600E-01  2.2900E-01  1.6200E-01  1.0600E-01  6.6400E-02
  4.1400E-02  2.7900E-02  2.0100E-02  1.9200E-02  1.0300E-02
  3.4800E-03  1.9700E-03  1.9000E-03  1.6500E-03  7.4000E-04
  1.9000E-04  1.3000E-04  1.5000E-05  1.1000E-05  5.6000E-06
  7.6000E-07
  4.5000E-01  4.5000E-01  4.5000E-01  4.5000E-01  4.4900E-01
  4.4300E-01  4.3100E-01  4.0900E-01  3.7900E-01  3.4000E-01
  2.9700E-01  2.0700E-01  1.3000E-01  7.6300E-02  4.4200E-02
  2.8200E-02  2.2000E-02  2.0400E-02  1.7300E-02  6.4300E-03
  2.2500E-03  1.9100E-03  1.7300E-03  1.2400E-03  4.1000E-04
  1.9000E-04  8.0000E-05  1.3000E-05  1.2000E-05  3.5000E-06
  2.6000E-07
  5.4300E-01  5.4300E-01  5.4300E-01  5.4300E-01  5.4200E-01
  5.3500E-01  5.1200E-01  4.7100E-01  4.1500E-01  3.5100E-01
  2.8800E-01  1.7900E-01  1.0300E-01  5.6300E-02  2.9800E-02
  1.6000E-02  9.4900E-03  5.9500E-03  5.6800E-03  3.3900E-03
  1.2500E-03  4.9400E-04  3.7300E-04  3.6700E-04  2.6000E-04
  3.8000E-05  2.6000E-05  1.3000E-05  3.8000E-06  3.3000E-07
  8.1000E-09
  1.9100E+00  1.8400E+00  1.6400E+00  1.3500E+00  1.0400E+00
  5.1300E-01  2.1400E-01  9.9800E-02  7.3300E-02  7.1300E-02
  6.9100E-02  5.0600E-02  2.8500E-02  1.4100E-02  7.3000E-03
  4.9700E-03  4.5200E-03  4.3400E-03  2.6700E-03  6.7900E-04
  4.7100E-04  4.1000E-04  2.5000E-04  1.2400E-04  5.6000E-05
  2.8000E-05  6.2000E-06  4.0000E-06  1.1000E-06  1.6000E-07
  1.0000E-07