  8.6700E-03  8.6700E-03  8.6700E-03  8.6700E-03  8.6700E-03
  8.6700E-03  8.6700E-03  8.6700E-03  8.6700E-03  8.6700E-03
  8.6700E-03  8.6700E-03  8.6700E-03  8.6600E-03  8.6600E-03
  8.6600E-03  8.6600E-03  8.6500E-03  8.6400E-03  8.6200E-03
  8.5900E-03  8.5600E-03  8.5200E-03  8.4700E-03  8.4000E-03
  8.0000E-03  7.5000E-03  6.4000E-03  5.2000E-03  3.1000E-03
  1.0000E-03
  3.0900E-02  3.0900E-02  3.0900E-02  3.0900E-02  3.0900E-02
  3.0900E-02  3.0900E-02  3.0900E-02  3.0900E-02  3.0800E-02
  3.0800E-02  3.0800E-02  3.0700E-02  3.0700E-02  3.0600E-02
  3.0500E-02  3.0400E-02  3.0200E-02  2.9800E-02  2.9000E-02
  2.8000E-02  2.6800E-02  2.5500E-02  2.4000E-02  2.1000E-02
  1.3000E-02  7.1000E-03  1.7000E-03  7.9000E-04  7.0000E-04
  2.5000E-04
  1.5000E-02  1.5000E-02  1.5000E-02  1.5000E-02  1.5000E-02
  1.5000E-02  1.5000E-02  1.5000E-02  1.5000E-02  1.5000E-02
  1.5000E-02  1.5000E-02  1.5000E-02  1.5000E-02  1.5000E-02
  1.5000E-02  1.5000E-02  1.5000E-02  1.5000E-02  1.5000E-02
  1.5000E-02  1.4900E-02  1.4900E-02  1.4800E-02  1.4800E-02
  1.4000E-02  1.2000E-02  7.4000E-03  4.0000E-03  1.1000E-03
  1.1000E-04
  1.7100E-02  1.7100E-02  1.7100E-02  1.7100E-02  1.7100E-02
  1.7100E-02  1.7100E-02  1.7100E-02  1.7100E-02  1.7100E-02
  1.7100E-02  1.7100E-02  1.7100E-02  1.7100E-02  1.7100E-02
  1.7100E-02  1.7100E-02  1.7100E-02  1.7100E-02  1.7100E-02
  1.7100E-02  1.7000E-02  1.7000E-02  1.6900E-02  1.6900E-02
  1.5000E-02  1.2000E-02  6.8000E-03  3.2000E-03  6.4000E-04
  4.1000E-05
  6.7800E-02  6.7800E-02  6.7800E-02  6.7700E-02  6.7700E-02
  6.7600E-02  6.7500E-02  6.7400E-02  6.7200E-02  6.7000E-02
  6.6800E-02  6.6300E-02  6.5600E-02  6.4900E-02  6.4000E-02
  6.3000E-02  6.2000E-02  5.9600E-02  5.5400E-02  4.7500E-02
  3.9000E-02  3.0900E-02  2.3600E-02  1.7700E-02  9.8000E-03
  5.2000E-03  4.7000E-03  1.5000E-03  2.9000E-04  1.6000E-04
  6.4000E-05
  3.9600E-02  3.9600E-02  3.9600E-02  3.9600E-02  3.9600E-02
  3.9600E-02  3.9600E-02  3.9600E-02  3.9600E-02  3.9600E-02
  3.9600E-02  3.9600E-02  3.9600E-02  3.9600E-02  3.9600E-02
  3.9600E-02  3.9600E-02  3.9500E-02  3.9300E-02  3.8600E-02
  3.7400E-02  3.5500E-02  3.3100E-02  3.0100E-02  2.3000E-02
  8.4000E-03  2.5000E-03  1.5000E-03  1.1000E-03  3.4000E-04
  3.4000E-05
  4.3200E-02  4.3200E-02  4.3200E-02  4.3200E-02  4.3200E-02
  4.3200E-02  4.3200E-02  4.3200E-02  4.3200E-02  4.3200E-02
  4.3200E-02  4.3200E-02  4.3200E-02  4.3100E-02  4.3100E-02
  4.3100E-02  4.3100E-02  4.2900E-02  4.2600E-02  4.1700E-02
  3.9900E-02  3.7300E-02  3.4000E-02  3.0100E-02  2.2000E-02
  6.5000E-03  2.2000E-03  1.7000E-03  1.0000E-03  2.2000E-04
  1.3000E-05
  2.7800E-02  2.7800E-02  2.7800E-02  2.7800E-02  2.7800E-02
  2.7800E-02  2.7800E-02  2.7800E-02  2.7800E-02  2.7800E-02
  2.7800E-02  2.7800E-02  2.7800E-02  2.7800E-02  2.7800E-02
  2.7800E-02  2.7800E-02  2.7800E-02  2.7800E-02  2.7800E-02
  2.7700E-02  2.7500E-02  2.7100E-02  2.6500E-02  2.5000E-02
  1.7000E-02  9.0000E-03  2.0000E-03  4.5000E-04  3.2000E-05
  7.1000E-07
  2.8600E-02  2.8600E-02  2.8600E-02  2.8600E-02  2.8600E-02
  2.8600E-02  2.8600E-02  2.8600E-02  2.8600E-02  2.8600E-02
  2.8600E-02  2.8600E-02  2.8600E-02  2.8600E-02  2.8600E-02
  2.8600E-02  2.8600E-02  2.8600E-02  2.8600E-02  2.8600E-02
  2.8500E-02  2.8200E-02  2.7800E-02  2.7100E-02  2.5000E-02
  1.6000E-02  8.6000E-03  1.8000E-03  3.7000E-04  2.4000E-05
  4.0000E-07
  1.3800E-01  1.3800E-01  1.3800E-01  1.3700E-01  1.3700E-01
  1.3600E-01  1.3500E-01  1.3400E-01  1.3300E-01  1.3100E-01
  1.2900E-01  1.2400E-01  1.1900E-01  1.1300E-01  1.0600E-01
  9.9300E-02  9.2100E-02  7.7500E-02  5.6900E-02  3.1400E-02
  1.8500E-02  1.4300E-02  1.3800E-02  1.3600E-02  1.0000E-02
  2.0000E-03  1.3000E-03  5.3000E-04  9.5000E-05  4.1000E-05
  1.7000E-05
  8.6600E-02  8.6600E-02  8.6600E-02  8.6600E-02  8.6600E-02
  8.6600E-02  8.6600E-02  8.6600E-02  8.6600E-02  8.6500E-02
  8.6500E-02  8.6400E-02  8.6100E-02  8.5700E-02  8.5200E-02
  8.4400E-02  8.3400E-02  8.0500E-02  7.4100E-02  5.8600E-02
  4.1000E-02  2.5700E-02  1.5100E-02  9.1800E-03  5.8000E-03
  4.3000E-03  1.4000E-03  3.3000E-04  2.8000E-04  8.9000E-05
  8.8000E-06
  9.3900E-02  9.3900E-02  9.3900E-02  9.3900E-02  9.3900E-02
  9.3900E-02  9.3900E-02  9.3800E-02  9.3800E-02  9.3800E-02
  9.3700E-02  9.3500E-02  9.3100E-02  9.2600E-02  9.1700E-02
  9.0600E-02  8.9100E-02  8.5100E-02  7.6400E-02  5.6900E-02
  3.6800E-02  2.1300E-02  1.2100E-02  7.8200E-03  6.3000E-03
  3.7000E-03  9.3000E-04  4.0000E-04  2.7000E-04  5.9000E-05
  3.5000E-06
  7.0300E-02  7.0300E-02  7.0300E-02  7.0300E-02  7.0300E-02
  7.0300E-02  7.0300E-02  7.0300E-02  7.0300E-02  7.0300E-02
  7.0300E-02  7.0300E-02  7.0200E-02  7.0200E-02  7.0200E-02
  7.0100E-02  6.9900E-02  6.9400E-02  6.7700E-02  6.1500E-02
  5.1300E-02  3.9000E-02  2.7300E-02  1.7800E-02  6.8000E-03
  2.4000E-03  2.1000E-03  5.9000E-04  1.4000E-04  9.6000E-06
  2.0000E-07
  7.2000E-02  7.2000E-02  7.2000E-02  7.2000E-02  7.2000E-02
  7.2000E-02  7.2000E-02  7.2000E-02  7.2000E-02  7.2000E-02
  7.2000E-02  7.2000E-02  7.2000E-02  7.2000E-02  7.1900E-02
  7.1800E-02  7.1600E-02  7.1000E-02  6.9100E-02  6.2200E-02
  5.1100E-02  3.8100E-02  2.6100E-02  1.6700E-02  6.2000E-03
  2.5000E-03  2.0000E-03  5.3000E-04  1.1000E-04  7.1000E-06
  1.1000E-07
  5.8900E-02  5.8900E-02  5.8900E-02  5.8900E-02  5.8900E-02
  5.8900E-02  5.8900E-02  5.8900E-02  5.8900E-02  5.8900E-02
  5.8900E-02  5.8900E-02  5.8900E-02  5.8900E-02  5.8900E-02
  5.8900E-02  5.8800E-02  5.8600E-02  5.8000E-02  5.5100E-02
  4.9800E-02  4.2700E-02  3.5000E-02  2.7700E-02  1.6000E-02
  3.6000E-03  8.0000E-04  5.1000E-05  5.0000E-06  1.2000E-07
  8.1000E-10
  5.9700E-02  5.9700E-02  5.9700E-02  5.9700E-02  5.9700E-02
  5.9700E-02  5.9700E-02  5.9700E-02  5.9700E-02  5.9700E-02
  5.9700E-02  5.9700E-02  5.9700E-02  5.9700E-02  5.9600E-02
  5.9600E-02  5.9600E-02  5.9400E-02  5.8700E-02  5.5600E-02
  5.0000E-02  4.2600E-02  3.4800E-02  2.7400E-02  1.6000E-02
  3.5000E-03  7.5000E-04  4.6000E-05  4.3000E-06  9.6000E-08
  5.3000E-10
  3.1400E-01  3.1300E-01  3.1200E-01  3.1000E-01  3.0700E-01
  3.0000E-01  2.8900E-01  2.7600E-01  2.6100E-01  2.4500E-01
  2.2700E-01  1.9000E-01  1.5300E-01  1.2000E-01  9.1900E-02
  6.9500E-02  5.2800E-02  3.4100E-02  2.7500E-02  2.5300E-02
  1.5900E-02  7.4800E-03  3.8200E-03  3.0200E-03  2.8000E-03
  5.6000E-04  2.7000E-04  1.2000E-04  2.1000E-05  8.4000E-06
  3.5000E-06
  2.0700E-01  2.0700E-01  2.0700E-01  2.0700E-01  2.0700E-01
  2.0700E-01  2.0700E-01  2.0600E-01  2.0500E-01  2.0300E-01
  2.0100E-01  1.9300E-01  1.8100E-01  1.6600E-01  1.4900E-01
  1.2900E-01  1.0900E-01  7.2900E-02  3.4700E-02  1.2900E-02
  1.1500E-02  1.0200E-02  7.0200E-03  4.0500E-03  1.3000E-03
  8.9000E-04  3.1000E-04  6.0000E-05  5.2000E-05  1.7000E-05
  1.7000E-06
  2.2800E-01  2.2800E-01  2.2800E-01  2.2800E-01  2.2800E-01
  2.2800E-01  2.2700E-01  2.2600E-01  2.2400E-01  2.2200E-01
  2.1800E-01  2.0600E-01  1.9000E-01  1.7000E-01  1.4700E-01
  1.2300E-01  9.9700E-02  6.0900E-02  2.6400E-02  1.2500E-02
  1.1900E-02  9.1400E-03  5.3900E-03  2.7900E-03  1.2000E-03
  7.8000E-04  2.0000E-04  7.1000E-05  4.9000E-05  1.1000E-05
  6.3000E-07
  2.0800E-01  2.0800E-01  2.0800E-01  2.0800E-01  2.0800E-01
  2.0800E-01  2.0800E-01  2.0800E-01  2.0800E-01  2.0700E-01
  2.0500E-01  2.0000E-01  1.9000E-01  1.7600E-01  1.5900E-01
  1.3900E-01  1.2000E-01  8.1900E-02  4.0400E-02  1.0500E-02
  4.8700E-03  4.6000E-03  4.1800E-03  3.2100E-03  1.3000E-03
  2.8000E-04  2.5000E-04  7.7000E-05  1.8000E-05  1.3000E-06
  2.6000E-08
  2.1400E-01  2.1400E-01  2.1400E-01  2.1400E-01  2.1400E-01
  2.1400E-01  2.1400E-01  2.1400E-01  2.1400E-01  2.1300E-01
  2.1100E-01  2.0500E-01  1.9400E-01  1.7800E-01  1.5900E-01
  1.3900E-01  1.1700E-01  7.8300E-02  3.7000E-02  9.3000E-03
  4.7800E-03  4.6100E-03  4.0500E-03  3.0000E-03  1.2000E-03
  2.8000E-04  2.4000E-04  6.8000E-05  1.5000E-05  9.0000E-07
  1.4000E-08
  9.5500E-01  9.4500E-01  9.1600E-01  8.7000E-01  8.0900E-01
  6.6100E-01  5.0100E-01  3.5600E-01  2.4000E-01  1.5600E-01
  1.0200E-01  5.4400E-02  4.5800E-02  4.5400E-02  4.2500E-02
  3.6100E-02  2.8200E-02  1.4300E-02  5.0600E-03  3.5900E-03
  2.6900E-03  1.3200E-03  5.8700E-04  3.8900E-04  3.6000E-04
  7.5000E-05  3.4000E-05  1.5000E-05  2.6000E-06  1.0000E-06
  4.3000E-07
  7.1300E-01  7.1300E-01  7.1200E-01  7.0900E-01  7.0000E-01
  6.6000E-01  5.8600E-01  4.8700E-01  3.8100E-01  2.8200E-01
  1.9900E-01  9.0000E-02  3.8900E-02  1.9700E-02  1.4500E-02
  1.3800E-02  1.3700E-02  1.1600E-02  6.2600E-03  1.5400E-03
  9.3700E-04  8.8900E-04  6.5600E-04  3.8900E-04  1.2000E-04
  7.4000E-05  2.6000E-05  4.9000E-06  4.3000E-06  1.4000E-06
  1.4000E-07
  8.3200E-01  8.3200E-01  8.3000E-01  8.2300E-01  8.0700E-01
  7.3300E-01  6.1200E-01  4.6800E-01  3.3300E-01  2.2300E-01
  1.4200E-01  5.3800E-02  2.2400E-02  1.4300E-02  1.3300E-02
  1.3100E-02  1.2300E-02  8.8000E-03  3.7700E-03  9.8100E-04
  8.3900E-04  6.9600E-04  4.2800E-04  2.2100E-04  8.2000E-05
  5.5000E-05  1.4000E-05  4.9000E-06  3.4000E-06  7.4000E-07
  4.3000E-08