  5.9200E-02  5.9200E-02  5.9100E-02  5.9100E-02  5.9100E-02
  5.9100E-02  5.9000E-02  5.8900E-02  5.8800E-02  5.8700E-02
  5.8600E-02  5.8300E-02  5.7900E-02  5.7400E-02  5.6900E-02
  5.6400E-02  5.5700E-02  5.4300E-02  5.1800E-02  4.7000E-02
  4.1600E-02  3.6200E-02  3.0900E-02  2.6100E-02  1.8000E-02
  6.6000E-03  2.4000E-03  4.2000E-04  9.8000E-05  1.1000E-05
  5.7000E-07
  2.5100E-01  2.5000E-01  2.5000E-01  2.4900E-01  2.4800E-01
  2.4500E-01  2.4100E-01  2.3500E-01  2.2900E-01  2.2200E-01
  2.1400E-01  1.9600E-01  1.7600E-01  1.5600E-01  1.3600E-01
  1.1600E-01  9.8200E-02  6.7400E-02  3.5300E-02  1.1100E-02
  4.9200E-03  4.0900E-03  4.0600E-03  3.8200E-03  2.8000E-03
  8.9000E-04  2.8000E-04  3.9000E-05  8.4000E-06  8.5000E-07
  4.3000E-08
  1.3400E-01  1.3400E-01  1.3400E-01  1.3400E-01  1.3400E-01
  1.3400E-01  1.3400E-01  1.3400E-01  1.3400E-01  1.3400E-01
  1.3300E-01  1.3200E-01  1.3000E-01  1.2700E-01  1.2300E-01
  1.1800E-01  1.1200E-01  9.9100E-02  7.8100E-02  4.7500E-02
  2.7200E-02  1.5200E-02  8.5600E-03  4.8900E-03  1.7000E-03
  1.7000E-04  2.7000E-05  1.6000E-06  1.9000E-07  8.5000E-09
  1.5000E-10
  8.9700E-01  8.9000E-01  8.6800E-01  8.3300E-01  7.8600E-01
  6.6900E-01  5.3600E-01  4.0700E-01  2.9500E-01  2.0500E-01
  1.3800E-01  6.1100E-02  3.2000E-02  2.4300E-02  2.3300E-02
  2.3200E-02  2.2000E-02  1.7000E-02  8.9300E-03  2.2100E-03
  5.7900E-04  3.3000E-04  3.1700E-04  3.0600E-04  2.3000E-04
  7.2000E-05  2.2000E-05  3.0000E-06  6.5000E-07  6.5000E-08
  3.3000E-09
  6.3100E-01  6.3100E-01  6.3100E-01  6.2900E-01  6.2400E-01
  5.9900E-01  5.5100E-01  4.8300E-01  4.0400E-01  3.2500E-01
  2.5300E-01  1.4200E-01  7.4100E-02  3.7100E-02  1.8500E-02
  9.8000E-03  6.0900E-03  4.3300E-03  4.2000E-03  3.0400E-03
  1.7800E-03  9.8200E-04  5.4400E-04  3.0600E-04  1.0000E-04
  1.0000E-05  1.6000E-06  9.1000E-08  1.1000E-08  4.8000E-10
  8.7000E-12