  8.0900E-03  8.0900E-03  8.0900E-03  8.0900E-03  8.0900E-03
  8.0900E-03  8.0900E-03  8.0900E-03  8.0900E-03  8.0900E-03
  8.0900E-03  8.0900E-03  8.0900E-03  8.0900E-03  8.0900E-03
  8.0900E-03  8.0800E-03  8.0800E-03  8.0700E-03  8.0500E-03
  8.0300E-03  8.0000E-03  7.9700E-03  7.9300E-03  7.8000E-03
  7.5000E-03  7.2000E-03  6.2000E-03  5.1000E-03  3.2000E-03
  1.2000E-03
  2.8900E-02  2.8900E-02  2.8900E-02  2.8900E-02  2.8900E-02
  2.8900E-02  2.8900E-02  2.8900E-02  2.8900E-02  2.8900E-02
  2.8900E-02  2.8800E-02  2.8800E-02  2.8700E-02  2.8700E-02
  2.8600E-02  2.8500E-02  2.8400E-02  2.8000E-02  2.7400E-02
  2.6500E-02  2.5500E-02  2.4400E-02  2.3200E-02  2.1000E-02
  1.4000E-02  7.9000E-03  2.1000E-03  8.0000E-04  6.8000E-04
  2.9000E-04
  1.4000E-02  1.4000E-02  1.4000E-02  1.4000E-02  1.4000E-02
  1.4000E-02  1.4000E-02  1.4000E-02  1.4000E-02  1.4000E-02
  1.4000E-02  1.4000E-02  1.4000E-02  1.4000E-02  1.4000E-02
  1.4000E-02  1.4000E-02  1.4000E-02  1.4000E-02  1.4000E-02
  1.4000E-02  1.3900E-02  1.3900E-02  1.3900E-02  1.3900E-02
  1.3000E-02  1.1000E-02  7.7000E-03  4.5000E-03  1.3000E-03
  1.6000E-04
  1.6200E-02  1.6200E-02  1.6200E-02  1.6200E-02  1.6200E-02
  1.6200E-02  1.6200E-02  1.6200E-02  1.6200E-02  1.6200E-02
  1.6200E-02  1.6200E-02  1.6200E-02  1.6200E-02  1.6200E-02
  1.6200E-02  1.6200E-02  1.6200E-02  1.6200E-02  1.6200E-02
  1.6200E-02  1.6200E-02  1.6100E-02  1.6000E-02  1.6000E-02
  1.4000E-02  1.2000E-02  7.1000E-03  3.5000E-03  7.8000E-04
  5.5000E-05
  6.3400E-02  6.3400E-02  6.3300E-02  6.3300E-02  6.3300E-02
  6.3200E-02  6.3200E-02  6.3100E-02  6.2900E-02  6.2800E-02
  6.2600E-02  6.2100E-02  6.1600E-02  6.1000E-02  6.0300E-02
  5.9500E-02  5.8600E-02  5.6600E-02  5.3100E-02  4.6400E-02
  3.9000E-02  3.1700E-02  2.5000E-02  1.9200E-02  1.1000E-02
  4.9000E-03  4.7000E-03  1.8000E-03  3.9000E-04  1.5000E-04
  7.4000E-05
  3.7000E-02  3.7000E-02  3.7000E-02  3.7000E-02  3.7000E-02
  3.7000E-02  3.7000E-02  3.7000E-02  3.7000E-02  3.7000E-02
  3.7000E-02  3.7000E-02  3.7000E-02  3.7000E-02  3.7000E-02
  3.7000E-02  3.6900E-02  3.6900E-02  3.6700E-02  3.6300E-02
  3.5300E-02  3.3900E-02  3.2000E-02  2.9600E-02  2.4000E-02
  9.9000E-03  3.2000E-03  1.4000E-03  1.2000E-03  4.1000E-04
  4.7000E-05
  4.0700E-02  4.0700E-02  4.0700E-02  4.0700E-02  4.0700E-02
  4.0700E-02  4.0700E-02  4.0700E-02  4.0700E-02  4.0700E-02
  4.0700E-02  4.0700E-02  4.0700E-02  4.0700E-02  4.0700E-02
  4.0600E-02  4.0600E-02  4.0500E-02  4.0300E-02  3.9500E-02
  3.8200E-02  3.6100E-02  3.3300E-02  3.0000E-02  2.3000E-02
  7.7000E-03  2.4000E-03  1.7000E-03  1.1000E-03  2.7000E-04
  1.8000E-05
  2.6200E-02  2.6200E-02  2.6200E-02  2.6200E-02  2.6200E-02
  2.6200E-02  2.6200E-02  2.6200E-02  2.6200E-02  2.6200E-02
  2.6200E-02  2.6200E-02  2.6200E-02  2.6200E-02  2.6200E-02
  2.6200E-02  2.6200E-02  2.6200E-02  2.6200E-02  2.6200E-02
  2.6100E-02  2.5900E-02  2.5700E-02  2.5200E-02  2.4000E-02
  1.7000E-02  9.9000E-03  2.5000E-03  6.0000E-04  4.7000E-05
  1.1000E-06
  2.7000E-02  2.7000E-02  2.7000E-02  2.7000E-02  2.7000E-02
  2.7000E-02  2.7000E-02  2.7000E-02  2.7000E-02  2.7000E-02
  2.7000E-02  2.7000E-02  2.7000E-02  2.7000E-02  2.7000E-02
  2.7000E-02  2.7000E-02  2.7000E-02  2.7000E-02  2.7000E-02
  2.6900E-02  2.6700E-02  2.6400E-02  2.5900E-02  2.4000E-02
  1.7000E-02  9.5000E-03  2.2000E-03  5.0000E-04  3.4000E-05
  6.1000E-07
  1.2700E-01  1.2700E-01  1.2700E-01  1.2700E-01  1.2700E-01
  1.2600E-01  1.2500E-01  1.2400E-01  1.2300E-01  1.2200E-01
  1.2000E-01  1.1600E-01  1.1200E-01  1.0700E-01  1.0200E-01
  9.5900E-02  8.9900E-02  7.7400E-02  5.9200E-02  3.4800E-02
  2.0400E-02  1.4400E-02  1.3100E-02  1.3000E-02  1.1000E-02
  2.6000E-03  1.3000E-03  6.8000E-04  1.4000E-04  3.9000E-05
  2.0000E-05
  7.9800E-02  7.9800E-02  7.9800E-02  7.9800E-02  7.9800E-02
  7.9800E-02  7.9800E-02  7.9800E-02  7.9800E-02  7.9800E-02
  7.9700E-02  7.9600E-02  7.9500E-02  7.9200E-02  7.8800E-02
  7.8300E-02  7.7600E-02  7.5500E-02  7.0800E-02  5.8800E-02
  4.3900E-02  2.9600E-02  1.8500E-02  1.1300E-02  5.9000E-03
  4.7000E-03  1.9000E-03  3.2000E-04  2.9000E-04  1.1000E-04
  1.3000E-05
  8.7100E-02  8.7100E-02  8.7100E-02  8.7100E-02  8.7100E-02
  8.7100E-02  8.7100E-02  8.7100E-02  8.7100E-02  8.7100E-02
  8.7000E-02  8.6900E-02  8.6600E-02  8.6200E-02  8.5600E-02
  8.4800E-02  8.3700E-02  8.0800E-02  7.4100E-02  5.8200E-02
  4.0300E-02  2.5000E-02  1.4600E-02  9.0400E-03  6.1000E-03
  4.3000E-03  1.3000E-03  4.0000E-04  3.1000E-04  7.6000E-05
  4.9000E-06
  6.4800E-02  6.4800E-02  6.4800E-02  6.4800E-02  6.4800E-02
  6.4800E-02  6.4800E-02  6.4800E-02  6.4800E-02  6.4800E-02
  6.4800E-02  6.4700E-02  6.4700E-02  6.4700E-02  6.4700E-02
  6.4600E-02  6.4600E-02  6.4200E-02  6.3200E-02  5.9000E-02
  5.1400E-02  4.1300E-02  3.0800E-02  2.1400E-02  9.0000E-03
  2.4000E-03  2.2000E-03  7.6000E-04  1.9000E-04  1.5000E-05
  3.4000E-07
  6.6500E-02  6.6500E-02  6.6500E-02  6.6500E-02  6.6500E-02
  6.6500E-02  6.6500E-02  6.6500E-02  6.6500E-02  6.6500E-02
  6.6500E-02  6.6500E-02  6.6500E-02  6.6400E-02  6.6400E-02
  6.6400E-02  6.6300E-02  6.5900E-02  6.4700E-02  5.9900E-02
  5.1500E-02  4.0700E-02  2.9700E-02  2.0200E-02  8.2000E-03
  2.5000E-03  2.2000E-03  6.9000E-04  1.6000E-04  1.1000E-05
  1.8000E-07
  5.3000E-02  5.3000E-02  5.3000E-02  5.3000E-02  5.3000E-02
  5.3000E-02  5.3000E-02  5.3000E-02  5.3000E-02  5.3000E-02
  5.3000E-02  5.3000E-02  5.3000E-02  5.3000E-02  5.3000E-02
  5.3000E-02  5.2900E-02  5.2900E-02  5.2600E-02  5.1100E-02
  4.7900E-02  4.2900E-02  3.6800E-02  3.0500E-02  1.9000E-02
  5.0000E-03  1.2000E-03  8.5000E-05  8.8000E-06  2.3000E-07
  1.6000E-09
  5.3700E-02  5.3700E-02  5.3700E-02  5.3700E-02  5.3700E-02
  5.3700E-02  5.3700E-02  5.3700E-02  5.3700E-02  5.3700E-02
  5.3700E-02  5.3700E-02  5.3700E-02  5.3700E-02  5.3700E-02
  5.3700E-02  5.3600E-02  5.3600E-02  5.3300E-02  5.1700E-02
  4.8300E-02  4.3000E-02  3.6700E-02  3.0200E-02  1.9000E-02
  4.7000E-03  1.1000E-03  7.7000E-05  7.6000E-06  1.8000E-07
  1.0000E-09
  2.7500E-01  2.7400E-01  2.7300E-01  2.7200E-01  2.7000E-01
  2.6500E-01  2.5800E-01  2.4800E-01  2.3800E-01  2.2600E-01
  2.1300E-01  1.8500E-01  1.5600E-01  1.2800E-01  1.0300E-01
  8.0900E-02  6.3300E-02  4.0200E-02  2.7700E-02  2.6200E-02
  1.9900E-02  1.1000E-02  5.4000E-03  3.4000E-03  3.0000E-03
  8.8000E-04  2.9000E-04  1.7000E-04  3.5000E-05  8.8000E-06
  4.5000E-06
  1.8100E-01  1.8100E-01  1.8100E-01  1.8100E-01  1.8100E-01
  1.8000E-01  1.8000E-01  1.8000E-01  1.7900E-01  1.7800E-01
  1.7700E-01  1.7300E-01  1.6600E-01  1.5700E-01  1.4500E-01
  1.3100E-01  1.1600E-01  8.6000E-02  4.7500E-02  1.6600E-02
  1.1600E-02  1.1300E-02  9.1200E-03  6.0400E-03  2.0000E-03
  1.0000E-03  4.8000E-04  6.7000E-05  6.0000E-05  2.4000E-05
  2.7000E-06
  1.9900E-01  1.9900E-01  1.9900E-01  1.9900E-01  1.9900E-01
  1.9800E-01  1.9800E-01  1.9800E-01  1.9700E-01  1.9500E-01
  1.9300E-01  1.8700E-01  1.7700E-01  1.6300E-01  1.4800E-01
  1.3000E-01  1.1100E-01  7.6100E-02  3.7600E-02  1.4300E-02
  1.2600E-02  1.1200E-02  7.6700E-03  4.3800E-03  1.5000E-03
  1.0000E-03  3.2000E-04  7.9000E-05  6.3000E-05  1.6000E-05
  1.0000E-06
  1.7200E-01  1.7200E-01  1.7200E-01  1.7200E-01  1.7200E-01
  1.7200E-01  1.7200E-01  1.7200E-01  1.7100E-01  1.7100E-01
  1.7100E-01  1.6900E-01  1.6600E-01  1.6000E-01  1.5200E-01
  1.4100E-01  1.2900E-01  1.0100E-01  6.0300E-02  1.9600E-02
  7.0300E-03  5.2900E-03  5.1900E-03  4.5000E-03  2.3000E-03
  3.7000E-04  3.2000E-04  1.2000E-04  3.1000E-05  2.4000E-06
  5.5000E-08
  1.7700E-01  1.7700E-01  1.7700E-01  1.7700E-01  1.7700E-01
  1.7700E-01  1.7700E-01  1.7700E-01  1.7700E-01  1.7700E-01
  1.7600E-01  1.7400E-01  1.7000E-01  1.6300E-01  1.5400E-01
  1.4200E-01  1.2800E-01  9.8200E-02  5.6700E-02  1.7400E-02
  6.5400E-03  5.3500E-03  5.1800E-03  4.3300E-03  2.1000E-03
  3.6000E-04  3.2000E-04  1.1000E-04  2.6000E-05  1.7000E-06
  3.0000E-08
  7.1400E-01  7.0900E-01  6.9600E-01  6.7500E-01  6.4600E-01
  5.7200E-01  4.8300E-01  3.9000E-01  3.0200E-01  2.2600E-01
  1.6500E-01  8.8300E-02  5.6700E-02  4.8800E-02  4.8300E-02
  4.7000E-02  4.2700E-02  2.8600E-02  1.1300E-02  4.6800E-03
  4.3000E-03  2.6900E-03  1.2700E-03  6.5500E-04  5.1000E-04
  1.6000E-04  4.8000E-05  2.8000E-05  5.8000E-06  1.4000E-06
  7.4000E-07
  4.9600E-01  4.9600E-01  4.9600E-01  4.9600E-01  4.9400E-01
  4.8600E-01  4.6800E-01  4.3700E-01  3.9500E-01  3.4500E-01
  2.9100E-01  1.8700E-01  1.0800E-01  5.8700E-02  3.3100E-02
  2.2400E-02  1.9200E-02  1.8700E-02  1.4400E-02  4.7300E-03
  1.7400E-03  1.5500E-03  1.3800E-03  9.7400E-04  3.2000E-04
  1.4000E-04  6.7000E-05  9.1000E-06  8.1000E-06  3.2000E-06
  3.6000E-07
  5.7100E-01  5.7100E-01  5.7000E-01  5.6900E-01  5.6600E-01
  5.5100E-01  5.1800E-01  4.6800E-01  4.0400E-01  3.3300E-01
  2.6400E-01  1.4800E-01  7.4800E-02  3.8000E-02  2.3500E-02
  1.9500E-02  1.9100E-02  1.7800E-02  1.0900E-02  2.8000E-03
  1.5300E-03  1.4600E-03  1.0800E-03  6.3900E-04  2.0000E-04
  1.2000E-04  4.0000E-05  9.5000E-06  7.5000E-06  1.9000E-06
  1.2000E-07
  2.6500E+00  2.4700E+00  2.0100E+00  1.4400E+00  9.0800E-01
  2.7400E-01  9.5200E-02  7.5400E-02  7.3200E-02  6.1700E-02
  4.5800E-02  2.0000E-02  7.9400E-03  4.0300E-03  3.2600E-03
  3.2200E-03  3.0900E-03  2.2300E-03  8.9300E-04  2.9800E-04
  2.7500E-04  1.7600E-04  8.3700E-05  4.2000E-05  3.2000E-05
  1.0000E-05  3.0000E-06  1.7000E-06  3.6000E-07  9.0000E-08
  4.6000E-08