  1.0700E-02  1.0700E-02  1.0700E-02  1.0700E-02  1.0700E-02
  1.0700E-02  1.0700E-02  1.0700E-02  1.0700E-02  1.0700E-02
  1.0700E-02  1.0700E-02  1.0700E-02  1.0700E-02  1.0700E-02
  1.0700E-02  1.0700E-02  1.0700E-02  1.0700E-02  1.0600E-02
  1.0600E-02  1.0500E-02  1.0400E-02  1.0400E-02  1.0000E-02
  9.5000E-03  8.8000E-03  7.0000E-03  5.2000E-03  2.7000E-03
  6.8000E-04
  3.8100E-02  3.8100E-02  3.8100E-02  3.8100E-02  3.8000E-02
  3.8000E-02  3.8000E-02  3.8000E-02  3.8000E-02  3.7900E-02
  3.7900E-02  3.7800E-02  3.7700E-02  3.7600E-02  3.7500E-02
  3.7300E-02  3.7200E-02  3.6800E-02  3.6100E-02  3.4600E-02
  3.2800E-02  3.0800E-02  2.8500E-02  2.6100E-02  2.1000E-02
  1.1000E-02  4.6000E-03  1.1000E-03  9.4000E-04  6.4000E-04
  1.5000E-04
  1.8700E-02  1.8700E-02  1.8700E-02  1.8700E-02  1.8700E-02
  1.8700E-02  1.8700E-02  1.8700E-02  1.8700E-02  1.8700E-02
  1.8700E-02  1.8700E-02  1.8700E-02  1.8700E-02  1.8700E-02
  1.8700E-02  1.8700E-02  1.8700E-02  1.8700E-02  1.8600E-02
  1.8600E-02  1.8500E-02  1.8400E-02  1.8200E-02  1.8000E-02
  1.5000E-02  1.2000E-02  6.0000E-03  2.6000E-03  5.1000E-04
  3.9000E-05
  2.0500E-02  2.0500E-02  2.0500E-02  2.0500E-02  2.0500E-02
  2.0500E-02  2.0500E-02  2.0500E-02  2.0500E-02  2.0500E-02
  2.0500E-02  2.0500E-02  2.0500E-02  2.0500E-02  2.0500E-02
  2.0500E-02  2.0500E-02  2.0500E-02  2.0400E-02  2.0400E-02
  2.0400E-02  2.0200E-02  2.0100E-02  1.9800E-02  1.9000E-02
  1.6000E-02  1.2000E-02  5.3000E-03  2.0000E-03  3.1000E-04
  1.6000E-05
  8.4200E-02  8.4200E-02  8.4200E-02  8.4100E-02  8.4100E-02
  8.4000E-02  8.3800E-02  8.3500E-02  8.3200E-02  8.2800E-02
  8.2400E-02  8.1400E-02  8.0100E-02  7.8700E-02  7.7100E-02
  7.5300E-02  7.3400E-02  6.9100E-02  6.1900E-02  4.9000E-02
  3.6600E-02  2.6000E-02  1.7900E-02  1.2400E-02  7.3000E-03
  6.2000E-03  3.8000E-03  5.3000E-04  2.0000E-04  1.5000E-04
  3.5000E-05
  4.9500E-02  4.9500E-02  4.9500E-02  4.9500E-02  4.9500E-02
  4.9500E-02  4.9500E-02  4.9500E-02  4.9500E-02  4.9500E-02
  4.9500E-02  4.9500E-02  4.9500E-02  4.9500E-02  4.9400E-02
  4.9400E-02  4.9300E-02  4.9100E-02  4.8500E-02  4.6700E-02
  4.3700E-02  3.9600E-02  3.4500E-02  2.9000E-02  1.9000E-02
  4.2000E-03  1.9000E-03  1.5000E-03  7.8000E-04  1.5000E-04
  1.1000E-05
  5.2600E-02  5.2600E-02  5.2600E-02  5.2600E-02  5.2600E-02
  5.2600E-02  5.2600E-02  5.2600E-02  5.2600E-02  5.2600E-02
  5.2600E-02  5.2600E-02  5.2500E-02  5.2500E-02  5.2500E-02
  5.2400E-02  5.2300E-02  5.2000E-02  5.1300E-02  4.9000E-02
  4.5200E-02  4.0000E-02  3.4100E-02  2.7800E-02  1.7000E-02
  3.5000E-03  2.1000E-03  1.5000E-03  6.5000E-04  9.7000E-05
  4.5000E-06
  3.4200E-02  3.4200E-02  3.4200E-02  3.4200E-02  3.4200E-02
  3.4200E-02  3.4200E-02  3.4200E-02  3.4200E-02  3.4200E-02
  3.4200E-02  3.4200E-02  3.4200E-02  3.4200E-02  3.4200E-02
  3.4200E-02  3.4200E-02  3.4200E-02  3.4200E-02  3.4000E-02
  3.3700E-02  3.3000E-02  3.1900E-02  3.0300E-02  2.6000E-02
  1.4000E-02  5.7000E-03  8.9000E-04  1.6000E-04  8.9000E-06
  1.6000E-07
  3.4900E-02  3.4900E-02  3.4900E-02  3.4900E-02  3.4900E-02
  3.4900E-02  3.4900E-02  3.4900E-02  3.4900E-02  3.4900E-02
  3.4900E-02  3.4900E-02  3.4900E-02  3.4900E-02  3.4900E-02
  3.4900E-02  3.4900E-02  3.4900E-02  3.4800E-02  3.4700E-02
  3.4300E-02  3.3600E-02  3.2400E-02  3.0700E-02  2.6000E-02
  1.3000E-02  5.4000E-03  8.0000E-04  1.3000E-04  6.7000E-06
  9.3000E-08
  1.7900E-01  1.7900E-01  1.7800E-01  1.7800E-01  1.7700E-01
  1.7600E-01  1.7400E-01  1.7100E-01  1.6800E-01  1.6500E-01
  1.6000E-01  1.5100E-01  1.4100E-01  1.2900E-01  1.1700E-01
  1.0500E-01  9.2800E-02  7.0700E-02  4.4500E-02  2.2000E-02
  1.6700E-02  1.6500E-02  1.5200E-02  1.2100E-02  5.6000E-03
  1.5000E-03  1.2000E-03  1.7000E-04  4.8000E-05  3.7000E-05
  8.5000E-06
  1.1300E-01  1.1300E-01  1.1300E-01  1.1300E-01  1.1300E-01
  1.1300E-01  1.1300E-01  1.1300E-01  1.1300E-01  1.1300E-01
  1.1300E-01  1.1200E-01  1.1100E-01  1.1000E-01  1.0800E-01
  1.0600E-01  1.0300E-01  9.4500E-02  7.8800E-02  4.9500E-02
  2.6300E-02  1.3300E-02  8.0100E-03  6.7500E-03  6.5000E-03
  2.2000E-03  4.9000E-04  3.4000E-04  1.9000E-04  3.6000E-05
  2.5000E-06
  1.2000E-01  1.2000E-01  1.2000E-01  1.2000E-01  1.2000E-01
  1.2000E-01  1.2000E-01  1.2000E-01  1.2000E-01  1.2000E-01
  1.2000E-01  1.1900E-01  1.1800E-01  1.1600E-01  1.1400E-01
  1.1000E-01  1.0600E-01  9.6500E-02  7.7700E-02  4.5400E-02
  2.2500E-02  1.1300E-02  7.6500E-03  7.1200E-03  6.5000E-03
  1.7000E-03  4.6000E-04  3.5000E-04  1.6000E-04  2.4000E-05
  1.1000E-06
  9.3100E-02  9.3100E-02  9.3100E-02  9.3100E-02  9.3100E-02
  9.3100E-02  9.3100E-02  9.3100E-02  9.3100E-02  9.3100E-02
  9.3100E-02  9.3000E-02  9.2900E-02  9.2700E-02  9.2400E-02
  9.1800E-02  9.0900E-02  8.8200E-02  8.1100E-02  6.2900E-02
  4.2300E-02  2.5300E-02  1.3900E-02  7.4800E-03  3.1000E-03
  2.4000E-03  1.3000E-03  2.3000E-04  4.0000E-05  2.2000E-06
  3.8000E-08
  9.5100E-02  9.5100E-02  9.5100E-02  9.5100E-02  9.5100E-02
  9.5100E-02  9.5100E-02  9.5100E-02  9.5100E-02  9.5000E-02
  9.5000E-02  9.5000E-02  9.4900E-02  9.4600E-02  9.4200E-02
  9.3600E-02  9.2600E-02  8.9600E-02  8.1900E-02  6.2400E-02
  4.1200E-02  2.4100E-02  1.3000E-02  6.9300E-03  3.0000E-03
  2.4000E-03  1.3000E-03  2.0000E-04  3.4000E-05  1.6000E-06
  2.2000E-08
  9.5300E-02  9.5300E-02  9.5300E-02  9.5300E-02  9.5300E-02
  9.5300E-02  9.5300E-02  9.5300E-02  9.5300E-02  9.5200E-02
  9.5200E-02  9.5000E-02  9.4700E-02  9.4000E-02  9.3000E-02
  9.1500E-02  8.9600E-02  8.4600E-02  7.5200E-02  5.7800E-02
  4.2000E-02  2.9500E-02  2.0300E-02  1.3800E-02  6.3000E-03
  9.0000E-04  1.5000E-04  6.9000E-06  5.6000E-07  1.1000E-08
  6.4000E-11
  9.6700E-02  9.6700E-02  9.6700E-02  9.6700E-02  9.6700E-02
  9.6700E-02  9.6700E-02  9.6700E-02  9.6700E-02  9.6700E-02
  9.6700E-02  9.6500E-02  9.6100E-02  9.5400E-02  9.4200E-02
  9.2700E-02  9.0600E-02  8.5400E-02  7.5500E-02  5.7500E-02
  4.1500E-02  2.9000E-02  1.9800E-02  1.3400E-02  6.1000E-03
  8.5000E-04  1.4000E-04  6.2000E-06  4.8000E-07  8.9000E-09
  4.2000E-11
  4.8000E-01  4.7800E-01  4.7400E-01  4.6800E-01  4.5900E-01
  4.3500E-01  4.0300E-01  3.6600E-01  3.2600E-01  2.8400E-01
  2.4300E-01  1.6900E-01  1.1200E-01  7.2400E-02  4.8700E-02
  3.6500E-02  3.1500E-02  3.0000E-02  2.7000E-02  1.3000E-02
  4.6100E-03  2.7200E-03  2.6300E-03  2.3800E-03  1.2000E-03
  2.3000E-04  1.9000E-04  2.8000E-05  7.3000E-06  5.7000E-06
  1.3000E-06
  3.2700E-01  3.2700E-01  3.2700E-01  3.2700E-01  3.2700E-01
  3.2600E-01  3.2300E-01  3.1700E-01  3.0900E-01  2.9700E-01
  2.8100E-01  2.4200E-01  1.9600E-01  1.5000E-01  1.1000E-01
  7.6700E-02  5.1900E-02  2.3500E-02  1.1500E-02  1.0400E-02
  7.2300E-03  3.6600E-03  1.6600E-03  9.4700E-04  8.0000E-04
  3.2000E-04  6.5000E-05  4.2000E-05  2.3000E-05  4.5000E-06
  3.2000E-07
  3.5400E-01  3.5400E-01  3.5400E-01  3.5400E-01  3.5400E-01
  3.5200E-01  3.4800E-01  3.4000E-01  3.2800E-01  3.1200E-01
  2.9200E-01  2.4200E-01  1.8800E-01  1.3700E-01  9.5200E-02
  6.3200E-02  4.0900E-02  1.8300E-02  1.1100E-02  1.0100E-02
  6.0500E-03  2.7200E-03  1.2400E-03  8.4700E-04  7.9000E-04
  2.3000E-04  5.5000E-05  4.1000E-05  1.9000E-05  2.8000E-06
  1.3000E-07
  4.8900E-01  4.8900E-01  4.8900E-01  4.8900E-01  4.8800E-01
  4.8200E-01  4.6500E-01  4.3300E-01  3.8900E-01  3.4000E-01
  2.9100E-01  2.0300E-01  1.3600E-01  8.9500E-02  5.7800E-02
  3.6900E-02  2.3300E-02  9.2100E-03  2.8200E-03  1.7700E-03
  1.6100E-03  1.1300E-03  6.6400E-04  3.5600E-04  1.2000E-04
  7.9000E-05  4.6000E-05  7.9000E-06  1.4000E-06  7.7000E-08
  1.3000E-09
  1.7700E+00  1.7200E+00  1.5600E+00  1.3300E+00  1.0700E+00
  5.9400E-01  2.7600E-01  1.2100E-01  6.4700E-02  5.1300E-02
  5.0200E-02  4.5600E-02  3.3000E-02  2.0200E-02  1.1300E-02
  6.0900E-03  3.5600E-03  2.2300E-03  2.1200E-03  1.1100E-03
  3.7500E-04  1.9000E-04  1.7800E-04  1.6400E-04  8.6000E-05
  1.6000E-05  1.3000E-05  1.9000E-06  4.9000E-07  3.8000E-07
  8.7000E-08