  7.1800E-03  7.1800E-03  7.1800E-03  7.1800E-03  7.1800E-03
  7.1800E-03  7.1800E-03  7.1800E-03  7.1800E-03  7.1800E-03
  7.1800E-03  7.1800E-03  7.1700E-03  7.1700E-03  7.1700E-03
  7.1700E-03  7.1700E-03  7.1700E-03  7.1600E-03  7.1500E-03
  7.1300E-03  7.1100E-03  7.0900E-03  7.0600E-03  7.0000E-03
  6.8000E-03  6.5000E-03  5.8000E-03  4.9000E-03  3.4000E-03
  1.4000E-03
  2.5800E-02  2.5800E-02  2.5800E-02  2.5800E-02  2.5800E-02
  2.5800E-02  2.5800E-02  2.5800E-02  2.5800E-02  2.5800E-02
  2.5800E-02  2.5700E-02  2.5700E-02  2.5700E-02  2.5600E-02
  2.5600E-02  2.5500E-02  2.5400E-02  2.5200E-02  2.4700E-02
  2.4100E-02  2.3300E-02  2.2500E-02  2.1600E-02  2.0000E-02
  1.4000E-02  9.0000E-03  2.9000E-03  9.6000E-04  6.1000E-04
  3.5000E-04
  1.2400E-02  1.2400E-02  1.2400E-02  1.2400E-02  1.2400E-02
  1.2400E-02  1.2400E-02  1.2400E-02  1.2400E-02  1.2400E-02
  1.2400E-02  1.2400E-02  1.2400E-02  1.2400E-02  1.2400E-02
  1.2400E-02  1.2400E-02  1.2400E-02  1.2400E-02  1.2400E-02
  1.2300E-02  1.2300E-02  1.2300E-02  1.2300E-02  1.2000E-02
  1.2000E-02  1.1000E-02  7.9000E-03  5.1000E-03  1.8000E-03
  2.6000E-04
  1.4900E-02  1.4900E-02  1.4900E-02  1.4900E-02  1.4900E-02
  1.4900E-02  1.4900E-02  1.4900E-02  1.4900E-02  1.4900E-02
  1.4900E-02  1.4900E-02  1.4900E-02  1.4900E-02  1.4900E-02
  1.4900E-02  1.4900E-02  1.4800E-02  1.4800E-02  1.4800E-02
  1.4800E-02  1.4800E-02  1.4800E-02  1.4700E-02  1.4700E-02
  1.4000E-02  1.2000E-02  7.6000E-03  4.2000E-03  1.1000E-03
  8.6000E-05
  5.6500E-02  5.6500E-02  5.6500E-02  5.6500E-02  5.6500E-02
  5.6500E-02  5.6400E-02  5.6300E-02  5.6200E-02  5.6100E-02
  5.6000E-02  5.5700E-02  5.5300E-02  5.4800E-02  5.4300E-02
  5.3700E-02  5.3100E-02  5.1700E-02  4.9100E-02  4.4100E-02
  3.8400E-02  3.2500E-02  2.6800E-02  2.1500E-02  1.3000E-02
  4.9000E-03  4.3000E-03  2.5000E-03  6.9000E-04  1.4000E-04
  8.9000E-05
  3.2900E-02  3.2900E-02  3.2900E-02  3.2900E-02  3.2900E-02
  3.2900E-02  3.2900E-02  3.2900E-02  3.2900E-02  3.2900E-02
  3.2900E-02  3.2900E-02  3.2900E-02  3.2900E-02  3.2900E-02
  3.2900E-02  3.2900E-02  3.2800E-02  3.2700E-02  3.2500E-02
  3.1900E-02  3.1100E-02  2.9800E-02  2.8200E-02  2.4000E-02
  1.2000E-02  4.6000E-03  1.2000E-03  1.1000E-03  5.5000E-04
  7.9000E-05
  3.6900E-02  3.6900E-02  3.6900E-02  3.6900E-02  3.6900E-02
  3.6900E-02  3.6900E-02  3.6900E-02  3.6900E-02  3.6900E-02
  3.6900E-02  3.6900E-02  3.6900E-02  3.6900E-02  3.6900E-02
  3.6900E-02  3.6900E-02  3.6800E-02  3.6700E-02  3.6200E-02
  3.5300E-02  3.3900E-02  3.1900E-02  2.9500E-02  2.4000E-02
  9.7000E-03  3.2000E-03  1.6000E-03  1.3000E-03  3.8000E-04
  2.9000E-05
  2.3700E-02  2.3700E-02  2.3700E-02  2.3700E-02  2.3700E-02
  2.3700E-02  2.3700E-02  2.3700E-02  2.3700E-02  2.3700E-02
  2.3700E-02  2.3700E-02  2.3700E-02  2.3700E-02  2.3700E-02
  2.3700E-02  2.3700E-02  2.3700E-02  2.3700E-02  2.3700E-02
  2.3600E-02  2.3500E-02  2.3400E-02  2.3100E-02  2.2000E-02
  1.7000E-02  1.1000E-02  3.4000E-03  9.3000E-04  8.4000E-05
  2.3000E-06
  2.4500E-02  2.4500E-02  2.4500E-02  2.4500E-02  2.4500E-02
  2.4500E-02  2.4500E-02  2.4500E-02  2.4500E-02  2.4500E-02
  2.4500E-02  2.4500E-02  2.4500E-02  2.4500E-02  2.4500E-02
  2.4500E-02  2.4500E-02  2.4500E-02  2.4500E-02  2.4500E-02
  2.4500E-02  2.4400E-02  2.4200E-02  2.3900E-02  2.3000E-02
  1.7000E-02  1.1000E-02  3.0000E-03  7.7000E-04  6.0000E-05
  1.2000E-06
  1.1100E-01  1.1100E-01  1.1100E-01  1.1100E-01  1.1100E-01
  1.1100E-01  1.1000E-01  1.0900E-01  1.0900E-01  1.0800E-01
  1.0700E-01  1.0400E-01  1.0100E-01  9.7500E-02  9.3600E-02
  8.9400E-02  8.5000E-02  7.5700E-02  6.1300E-02  3.9700E-02
  2.4400E-02  1.6000E-02  1.2600E-02  1.1800E-02  1.1000E-02
  4.1000E-03  1.3000E-03  9.0000E-04  2.7000E-04  3.7000E-05
  2.5000E-05
  6.9700E-02  6.9700E-02  6.9700E-02  6.9700E-02  6.9700E-02
  6.9700E-02  6.9700E-02  6.9700E-02  6.9700E-02  6.9700E-02
  6.9700E-02  6.9600E-02  6.9500E-02  6.9400E-02  6.9200E-02
  6.8900E-02  6.8500E-02  6.7400E-02  6.4700E-02  5.7100E-02
  4.6600E-02  3.5000E-02  2.4400E-02  1.6100E-02  7.2000E-03
  4.8000E-03  2.8000E-03  3.8000E-04  2.8000E-04  1.5000E-04
  2.2000E-05
  7.7200E-02  7.7200E-02  7.7200E-02  7.7200E-02  7.7200E-02
  7.7200E-02  7.7200E-02  7.7200E-02  7.7200E-02  7.7200E-02
  7.7200E-02  7.7100E-02  7.7000E-02  7.6700E-02  7.6400E-02
  7.5900E-02  7.5300E-02  7.3500E-02  6.9300E-02  5.8300E-02
  4.4400E-02  3.0600E-02  1.9500E-02  1.2200E-02  6.3000E-03
  5.0000E-03  2.0000E-03  3.9000E-04  3.5000E-04  1.1000E-04
  8.5000E-06
  5.6900E-02  5.6900E-02  5.6900E-02  5.6900E-02  5.6900E-02
  5.6900E-02  5.6900E-02  5.6900E-02  5.6900E-02  5.6900E-02
  5.6900E-02  5.6900E-02  5.6900E-02  5.6900E-02  5.6800E-02
  5.6800E-02  5.6800E-02  5.6600E-02  5.6200E-02  5.4000E-02
  4.9600E-02  4.2900E-02  3.4900E-02  2.6600E-02  1.3000E-02
  2.6000E-03  2.2000E-03  1.1000E-03  3.1000E-04  2.9000E-05
  7.4000E-07
  5.8500E-02  5.8500E-02  5.8500E-02  5.8500E-02  5.8500E-02
  5.8500E-02  5.8500E-02  5.8500E-02  5.8500E-02  5.8500E-02
  5.8500E-02  5.8500E-02  5.8500E-02  5.8500E-02  5.8500E-02
  5.8500E-02  5.8400E-02  5.8300E-02  5.7700E-02  5.5300E-02
  5.0200E-02  4.2800E-02  3.4100E-02  2.5500E-02  1.2000E-02
  2.5000E-03  2.3000E-03  9.8000E-04  2.6000E-04  2.1000E-05
  4.0000E-07
  4.5200E-02  4.5200E-02  4.5200E-02  4.5200E-02  4.5200E-02
  4.5200E-02  4.5200E-02  4.5200E-02  4.5200E-02  4.5200E-02
  4.5200E-02  4.5200E-02  4.5200E-02  4.5200E-02  4.5200E-02
  4.5200E-02  4.5200E-02  4.5200E-02  4.5100E-02  4.4700E-02
  4.3300E-02  4.0900E-02  3.7300E-02  3.2900E-02  2.4000E-02
  7.6000E-03  2.2000E-03  1.9000E-04  2.1000E-05  6.3000E-07
  4.7000E-09
  4.6000E-02  4.6000E-02  4.6000E-02  4.6000E-02  4.6000E-02
  4.6000E-02  4.6000E-02  4.6000E-02  4.6000E-02  4.6000E-02
  4.6000E-02  4.6000E-02  4.6000E-02  4.6000E-02  4.5900E-02
  4.5900E-02  4.5900E-02  4.5900E-02  4.5800E-02  4.5300E-02
  4.3900E-02  4.1200E-02  3.7400E-02  3.2800E-02  2.3000E-02
  7.3000E-03  2.0000E-03  1.7000E-04  1.8000E-05  4.9000E-07
  3.0000E-09
  2.2800E-01  2.2700E-01  2.2700E-01  2.2600E-01  2.2500E-01
  2.2200E-01  2.1700E-01  2.1200E-01  2.0500E-01  1.9800E-01
  1.9000E-01  1.7100E-01  1.5100E-01  1.3100E-01  1.1100E-01
  9.3100E-02  7.6800E-02  5.1400E-02  3.0900E-02  2.4400E-02
  2.3000E-02  1.6800E-02  9.7900E-03  5.3200E-03  3.1000E-03
  1.6000E-03  3.7000E-04  2.4000E-04  7.5000E-05  9.3000E-06
  6.2000E-06
  1.5000E-01  1.5000E-01  1.5000E-01  1.5000E-01  1.5000E-01
  1.5000E-01  1.4900E-01  1.4900E-01  1.4900E-01  1.4900E-01
  1.4800E-01  1.4600E-01  1.4300E-01  1.3800E-01  1.3200E-01
  1.2500E-01  1.1600E-01  9.5700E-02  6.4200E-02  2.6600E-02
  1.2900E-02  1.1100E-02  1.0700E-02  8.9700E-03  4.1000E-03
  1.1000E-03  7.9000E-04  1.0000E-04  6.4000E-05  3.6000E-05
  5.3000E-06
  1.6600E-01  1.6600E-01  1.6600E-01  1.6600E-01  1.6600E-01
  1.6600E-01  1.6600E-01  1.6500E-01  1.6500E-01  1.6400E-01
  1.6300E-01  1.6000E-01  1.5500E-01  1.4800E-01  1.3900E-01
  1.2900E-01  1.1700E-01  9.0500E-02  5.4400E-02  2.0300E-02
  1.2600E-02  1.2200E-02  1.0600E-02  7.4800E-03  2.6000E-03
  1.2000E-03  5.8000E-04  9.0000E-05  8.0000E-05  2.6000E-05
  2.0000E-06
  1.3900E-01  1.3900E-01  1.3900E-01  1.3900E-01  1.3900E-01
  1.3900E-01  1.3900E-01  1.3900E-01  1.3900E-01  1.3900E-01
  1.3900E-01  1.3900E-01  1.3800E-01  1.3600E-01  1.3300E-01
  1.2800E-01  1.2200E-01  1.0700E-01  7.8500E-02  3.6200E-02
  1.3700E-02  6.5800E-03  5.5000E-03  5.4300E-03  3.9000E-03
  6.1000E-04  3.8000E-04  2.1000E-04  6.3000E-05  5.8000E-06
  1.5000E-07
  1.4200E-01  1.4200E-01  1.4200E-01  1.4200E-01  1.4200E-01
  1.4200E-01  1.4200E-01  1.4200E-01  1.4200E-01  1.4200E-01
  1.4200E-01  1.4200E-01  1.4100E-01  1.3800E-01  1.3500E-01
  1.3000E-01  1.2400E-01  1.0700E-01  7.7000E-02  3.3800E-02
  1.2500E-02  6.4000E-03  5.7000E-03  5.5600E-03  3.7000E-03
  5.6000E-04  4.0000E-04  1.9000E-04  5.3000E-05  4.2000E-06
  8.0000E-08
  1.8300E-01  1.8300E-01  1.8300E-01  1.8300E-01  1.8300E-01
  1.8300E-01  1.8300E-01  1.8300E-01  1.8200E-01  1.8100E-01
  1.8000E-01  1.7500E-01  1.6800E-01  1.5800E-01  1.4600E-01
  1.3300E-01  1.2000E-01  9.3900E-02  6.0700E-02  2.5700E-02
  9.7100E-03  3.6800E-03  1.8500E-03  1.4700E-03  1.4000E-03
  6.7000E-04  2.1000E-04  1.9000E-05  2.1000E-06  6.4000E-08
  5.0000E-10
  5.5000E-01  5.4800E-01  5.4200E-01  5.3100E-01  5.1700E-01
  4.7900E-01  4.3000E-01  3.7600E-01  3.1900E-01  2.6400E-01
  2.1300E-01  1.3200E-01  8.1400E-02  5.5700E-02  4.6000E-02
  4.4000E-02  4.3900E-02  3.9700E-02  2.4000E-02  7.0000E-03
  4.9800E-03  4.5000E-03  2.9500E-03  1.5600E-03  6.3000E-04
  3.6000E-04  7.7000E-05  4.8000E-05  1.5000E-05  1.8000E-06
  1.2000E-06
  3.7600E-01  3.7600E-01  3.7600E-01  3.7500E-01  3.7500E-01
  3.7300E-01  3.6700E-01  3.5700E-01  3.4100E-01  3.2000E-01
  2.9400E-01  2.3300E-01  1.6900E-01  1.1500E-01  7.3500E-02
  4.6300E-02  3.0500E-02  1.9600E-02  1.8500E-02  1.1400E-02
  4.1800E-03  2.0300E-03  1.8600E-03  1.7300E-03  8.8000E-04
  1.9000E-04  1.4000E-04  1.8000E-05  1.1000E-05  6.2000E-06
  9.1000E-07
  4.4900E-01  4.4900E-01  4.4900E-01  4.4900E-01  4.4800E-01
  4.4200E-01  4.3000E-01  4.0900E-01  3.7800E-01  3.4000E-01
  2.9700E-01  2.0900E-01  1.3300E-01  7.8800E-02  4.5500E-02
  2.8200E-02  2.0900E-02  1.8400E-02  1.6400E-02  6.8800E-03
  2.3200E-03  1.7400E-03  1.6600E-03  1.2700E-03  4.6000E-04
  1.8000E-04  8.6000E-05  1.3000E-05  1.1000E-05  3.7000E-06
  2.8000E-07
  1.9900E+00  1.9100E+00  1.6900E+00  1.3900E+00  1.0500E+00
  4.9900E-01  1.9800E-01  8.8900E-02  6.4700E-02  6.3100E-02
  6.1000E-02  4.4400E-02  2.5100E-02  1.2500E-02  6.3500E-03
  4.0900E-03  3.5500E-03  3.4400E-03  2.3300E-03  6.3100E-04
  3.7000E-04  3.4400E-04  2.3200E-04  1.2300E-04  4.7000E-05
  2.7000E-05  5.7000E-06  3.5000E-06  1.1000E-06  1.3000E-07
  8.8000E-08