  7.5600E-03  7.5600E-03  7.5600E-03  7.5600E-03  7.5600E-03
  7.5600E-03  7.5600E-03  7.5600E-03  7.5600E-03  7.5600E-03
  7.5600E-03  7.5600E-03  7.5500E-03  7.5500E-03  7.5500E-03
  7.5500E-03  7.5500E-03  7.5500E-03  7.5400E-03  7.5200E-03
  7.5000E-03  7.4800E-03  7.4500E-03  7.4200E-03  7.3000E-03
  7.1000E-03  6.8000E-03  6.0000E-03  5.0000E-03  3.3000E-03
  1.3000E-03
  2.7100E-02  2.7100E-02  2.7100E-02  2.7100E-02  2.7100E-02
  2.7100E-02  2.7100E-02  2.7100E-02  2.7100E-02  2.7100E-02
  2.7000E-02  2.7000E-02  2.7000E-02  2.6900E-02  2.6900E-02
  2.6800E-02  2.6800E-02  2.6600E-02  2.6400E-02  2.5800E-02
  2.5100E-02  2.4300E-02  2.3300E-02  2.2300E-02  2.0000E-02
  1.4000E-02  8.5000E-03  2.5000E-03  8.7000E-04  6.4000E-04
  3.3000E-04
  1.3000E-02  1.3000E-02  1.3000E-02  1.3000E-02  1.3000E-02
  1.3000E-02  1.3000E-02  1.3000E-02  1.3000E-02  1.3000E-02
  1.3000E-02  1.3000E-02  1.3000E-02  1.3000E-02  1.3000E-02
  1.3000E-02  1.3000E-02  1.3000E-02  1.3000E-02  1.3000E-02
  1.3000E-02  1.3000E-02  1.3000E-02  1.2900E-02  1.2900E-02
  1.2000E-02  1.1000E-02  7.8000E-03  4.8000E-03  1.6000E-03
  2.1000E-04
  1.5400E-02  1.5400E-02  1.5400E-02  1.5400E-02  1.5400E-02
  1.5400E-02  1.5400E-02  1.5400E-02  1.5400E-02  1.5400E-02
  1.5400E-02  1.5400E-02  1.5400E-02  1.5400E-02  1.5400E-02
  1.5400E-02  1.5400E-02  1.5400E-02  1.5400E-02  1.5400E-02
  1.5400E-02  1.5400E-02  1.5300E-02  1.5300E-02  1.5000E-02
  1.4000E-02  1.2000E-02  7.4000E-03  3.9000E-03  9.3000E-04
  7.1000E-05
  5.9300E-02  5.9300E-02  5.9300E-02  5.9300E-02  5.9300E-02
  5.9200E-02  5.9200E-02  5.9100E-02  5.9000E-02  5.8800E-02
  5.8700E-02  5.8300E-02  5.7900E-02  5.7400E-02  5.6800E-02
  5.6100E-02  5.5400E-02  5.3700E-02  5.0800E-02  4.5100E-02
  3.8800E-02  3.2300E-02  2.6100E-02  2.0600E-02  1.2000E-02
  4.8000E-03  4.5000E-03  2.2000E-03  5.5000E-04  1.4000E-04
  8.3000E-05
  3.4600E-02  3.4600E-02  3.4600E-02  3.4600E-02  3.4600E-02
  3.4600E-02  3.4600E-02  3.4600E-02  3.4600E-02  3.4600E-02
  3.4600E-02  3.4600E-02  3.4600E-02  3.4600E-02  3.4600E-02
  3.4500E-02  3.4500E-02  3.4500E-02  3.4400E-02  3.4000E-02
  3.3400E-02  3.2300E-02  3.0800E-02  2.8900E-02  2.4000E-02
  1.1000E-02  4.0000E-03  1.3000E-03  1.2000E-03  4.9000E-04
  6.4000E-05
  3.8400E-02  3.8400E-02  3.8400E-02  3.8400E-02  3.8400E-02
  3.8400E-02  3.8400E-02  3.8400E-02  3.8400E-02  3.8400E-02
  3.8400E-02  3.8400E-02  3.8400E-02  3.8400E-02  3.8400E-02
  3.8400E-02  3.8400E-02  3.8300E-02  3.8100E-02  3.7600E-02
  3.6500E-02  3.4800E-02  3.2600E-02  2.9800E-02  2.3000E-02
  8.9000E-03  2.8000E-03  1.6000E-03  1.2000E-03  3.3000E-04
  2.4000E-05
  2.4700E-02  2.4700E-02  2.4700E-02  2.4700E-02  2.4700E-02
  2.4700E-02  2.4700E-02  2.4700E-02  2.4700E-02  2.4700E-02
  2.4700E-02  2.4700E-02  2.4700E-02  2.4700E-02  2.4700E-02
  2.4700E-02  2.4700E-02  2.4700E-02  2.4700E-02  2.4700E-02
  2.4600E-02  2.4500E-02  2.4300E-02  2.4000E-02  2.3000E-02
  1.7000E-02  1.1000E-02  3.0000E-03  7.7000E-04  6.6000E-05
  1.7000E-06
  2.5500E-02  2.5500E-02  2.5500E-02  2.5500E-02  2.5500E-02
  2.5500E-02  2.5500E-02  2.5500E-02  2.5500E-02  2.5500E-02
  2.5500E-02  2.5500E-02  2.5500E-02  2.5500E-02  2.5500E-02
  2.5500E-02  2.5500E-02  2.5500E-02  2.5500E-02  2.5500E-02
  2.5400E-02  2.5300E-02  2.5100E-02  2.4700E-02  2.3000E-02
  1.7000E-02  1.0000E-02  2.7000E-03  6.4000E-04  4.8000E-05
  9.1000E-07
  1.1800E-01  1.1800E-01  1.1800E-01  1.1700E-01  1.1700E-01
  1.1700E-01  1.1600E-01  1.1500E-01  1.1400E-01  1.1300E-01
  1.1200E-01  1.0900E-01  1.0600E-01  1.0200E-01  9.7100E-02
  9.2300E-02  8.7200E-02  7.6600E-02  6.0700E-02  3.7700E-02
  2.2600E-02  1.5100E-02  1.2700E-02  1.2300E-02  1.1000E-02
  3.4000E-03  1.2000E-03  8.2000E-04  2.1000E-04  3.7000E-05
  2.3000E-05
  7.3800E-02  7.3800E-02  7.3800E-02  7.3800E-02  7.3800E-02
  7.3800E-02  7.3800E-02  7.3800E-02  7.3800E-02  7.3700E-02
  7.3700E-02  7.3700E-02  7.3600E-02  7.3400E-02  7.3100E-02
  7.2700E-02  7.2200E-02  7.0800E-02  6.7300E-02  5.8100E-02
  4.5800E-02  3.3000E-02  2.2000E-02  1.4000E-02  6.5000E-03
  4.9000E-03  2.4000E-03  3.4000E-04  2.9000E-04  1.4000E-04
  1.8000E-05
  8.1200E-02  8.1200E-02  8.1200E-02  8.1200E-02  8.1200E-02
  8.1200E-02  8.1200E-02  8.1200E-02  8.1200E-02  8.1200E-02
  8.1100E-02  8.1000E-02  8.0800E-02  8.0600E-02  8.0100E-02
  7.9500E-02  7.8700E-02  7.6500E-02  7.1400E-02  5.8500E-02
  4.2900E-02  2.8400E-02  1.7400E-02  1.0700E-02  6.1000E-03
  4.8000E-03  1.7000E-03  3.9000E-04  3.3000E-04  9.5000E-05
  6.7000E-06
  6.0000E-02  6.0000E-02  6.0000E-02  6.0000E-02  6.0000E-02
  6.0000E-02  6.0000E-02  6.0000E-02  6.0000E-02  6.0000E-02
  6.0000E-02  6.0000E-02  6.0000E-02  6.0000E-02  6.0000E-02
  5.9900E-02  5.9900E-02  5.9700E-02  5.9000E-02  5.6200E-02
  5.0600E-02  4.2600E-02  3.3400E-02  2.4600E-02  1.1000E-02
  2.4000E-03  2.2000E-03  9.3000E-04  2.6000E-04  2.2000E-05
  5.3000E-07
  6.1700E-02  6.1700E-02  6.1700E-02  6.1700E-02  6.1700E-02
  6.1700E-02  6.1700E-02  6.1700E-02  6.1700E-02  6.1700E-02
  6.1700E-02  6.1700E-02  6.1700E-02  6.1700E-02  6.1700E-02
  6.1600E-02  6.1600E-02  6.1300E-02  6.0500E-02  5.7300E-02
  5.1000E-02  4.2300E-02  3.2500E-02  2.3400E-02  1.0000E-02
  2.5000E-03  2.3000E-03  8.5000E-04  2.1000E-04  1.6000E-05
  2.9000E-07
  4.8200E-02  4.8200E-02  4.8200E-02  4.8200E-02  4.8200E-02
  4.8200E-02  4.8200E-02  4.8200E-02  4.8200E-02  4.8200E-02
  4.8200E-02  4.8200E-02  4.8200E-02  4.8200E-02  4.8200E-02
  4.8200E-02  4.8200E-02  4.8200E-02  4.8100E-02  4.7300E-02
  4.5400E-02  4.2000E-02  3.7400E-02  3.2200E-02  2.2000E-02
  6.4000E-03  1.7000E-03  1.4000E-04  1.5000E-05  4.2000E-07
  3.0000E-09
  4.8900E-02  4.8900E-02  4.8900E-02  4.8900E-02  4.8900E-02
  4.8900E-02  4.8900E-02  4.8900E-02  4.8900E-02  4.8900E-02
  4.8900E-02  4.8900E-02  4.8900E-02  4.8900E-02  4.8900E-02
  4.8900E-02  4.8900E-02  4.8900E-02  4.8700E-02  4.7900E-02
  4.5800E-02  4.2300E-02  3.7500E-02  3.2100E-02  2.2000E-02
  6.2000E-03  1.6000E-03  1.2000E-04  1.3000E-05  3.2000E-07
  1.9000E-09
  2.4500E-01  2.4400E-01  2.4400E-01  2.4300E-01  2.4100E-01
  2.3800E-01  2.3200E-01  2.2500E-01  2.1800E-01  2.0900E-01
  1.9900E-01  1.7700E-01  1.5400E-01  1.3100E-01  1.0900E-01
  8.9000E-02  7.2000E-02  4.6900E-02  2.9200E-02  2.5400E-02
  2.2400E-02  1.4600E-02  7.7700E-03  4.2800E-03  3.1000E-03
  1.3000E-03  3.2000E-04  2.1000E-04  5.6000E-05  9.0000E-06
  5.5000E-06
  1.6100E-01  1.6100E-01  1.6100E-01  1.6100E-01  1.6100E-01
  1.6100E-01  1.6000E-01  1.6000E-01  1.6000E-01  1.5900E-01
  1.5900E-01  1.5600E-01  1.5200E-01  1.4600E-01  1.3800E-01
  1.2800E-01  1.1700E-01  9.3300E-02  5.8400E-02  2.2100E-02
  1.2100E-02  1.1400E-02  1.0400E-02  7.9500E-03  3.1000E-03
  1.1000E-03  6.6000E-04  8.2000E-05  6.4000E-05  3.1000E-05
  4.0000E-06
  1.7700E-01  1.7700E-01  1.7700E-01  1.7700E-01  1.7700E-01
  1.7700E-01  1.7700E-01  1.7700E-01  1.7600E-01  1.7500E-01
  1.7400E-01  1.7000E-01  1.6400E-01  1.5500E-01  1.4300E-01
  1.3000E-01  1.1600E-01  8.6200E-02  4.8200E-02  1.7400E-02
  1.2600E-02  1.2200E-02  9.6500E-03  6.2200E-03  2.1000E-03
  1.2000E-03  4.6000E-04  8.6000E-05  7.4000E-05  2.2000E-05
  1.5000E-06
  1.4900E-01  1.4900E-01  1.4900E-01  1.4900E-01  1.4900E-01
  1.4900E-01  1.4900E-01  1.4900E-01  1.4900E-01  1.4900E-01
  1.4900E-01  1.4800E-01  1.4700E-01  1.4400E-01  1.4000E-01
  1.3400E-01  1.2600E-01  1.0700E-01  7.3700E-02  2.9900E-02
  1.0600E-02  5.9200E-03  5.5500E-03  5.3000E-03  3.3000E-03
  4.9000E-04  3.7000E-04  1.7000E-04  4.9000E-05  4.2000E-06
  1.0000E-07
  1.5300E-01  1.5300E-01  1.5300E-01  1.5300E-01  1.5300E-01
  1.5300E-01  1.5300E-01  1.5300E-01  1.5300E-01  1.5300E-01
  1.5300E-01  1.5200E-01  1.5000E-01  1.4700E-01  1.4300E-01
  1.3600E-01  1.2700E-01  1.0600E-01  7.1200E-02  2.7400E-02
  9.6500E-03  5.8900E-03  5.7000E-03  5.2900E-03  3.1000E-03
  4.6000E-04  3.8000E-04  1.6000E-04  4.1000E-05  3.0000E-06
  5.5000E-08
  2.0700E-01  2.0700E-01  2.0700E-01  2.0700E-01  2.0700E-01
  2.0700E-01  2.0700E-01  2.0600E-01  2.0600E-01  2.0400E-01
  2.0200E-01  1.9400E-01  1.8200E-01  1.6700E-01  1.5000E-01
  1.3300E-01  1.1600E-01  8.5200E-02  5.0000E-02  1.8100E-02
  5.9900E-03  2.2800E-03  1.4200E-03  1.3200E-03  1.2000E-03
  4.9000E-04  1.4000E-04  1.1000E-05  1.2000E-06  3.5000E-08
  2.6000E-10
  5.8000E-01  5.7800E-01  5.7000E-01  5.5800E-01  5.4200E-01
  4.9700E-01  4.4200E-01  3.8000E-01  3.1700E-01  2.5700E-01
  2.0300E-01  1.2200E-01  7.4800E-02  5.4200E-02  4.8300E-02
  4.7700E-02  4.7000E-02  3.9200E-02  2.0400E-02  6.0600E-03
  5.2300E-03  4.1600E-03  2.3600E-03  1.1600E-03  6.1000E-04
  2.8000E-04  6.5000E-05  4.2000E-05  1.1000E-05  1.8000E-06
  1.1000E-06
  4.0100E-01  4.0100E-01  4.0100E-01  4.0100E-01  4.0000E-01
  3.9700E-01  3.9000E-01  3.7600E-01  3.5600E-01  3.2900E-01
  2.9700E-01  2.2600E-01  1.5600E-01  1.0000E-01  6.1300E-02
  3.8100E-02  2.6300E-02  2.0200E-02  1.9200E-02  9.3900E-03
  3.1000E-03  1.9200E-03  1.8800E-03  1.5700E-03  6.6000E-04
  1.9000E-04  1.2000E-04  1.4000E-05  1.1000E-05  5.2000E-06
  6.8000E-07
  4.5900E-01  4.5900E-01  4.5900E-01  4.5900E-01  4.5800E-01
  4.5200E-01  4.3800E-01  4.1500E-01  3.8200E-01  3.4100E-01
  2.9500E-01  2.0200E-01  1.2500E-01  7.1800E-02  4.1400E-02
  2.7100E-02  2.2000E-02  2.0900E-02  1.7000E-02  5.8700E-03
  2.1600E-03  1.9200E-03  1.6900E-03  1.1600E-03  3.7000E-04
  1.8000E-04  7.4000E-05  1.3000E-05  1.1000E-05  3.3000E-06
  2.3000E-07
  5.5800E-01  5.5800E-01  5.5800E-01  5.5800E-01  5.5700E-01
  5.4800E-01  5.2300E-01  4.7700E-01  4.1700E-01  3.4900E-01
  2.8300E-01  1.7100E-01  9.6100E-02  5.1100E-02  2.6400E-02
  1.4100E-02  8.6000E-03  5.9400E-03  5.6700E-03  3.1200E-03
  1.0900E-03  4.5000E-04  3.6500E-04  3.5800E-04  2.4000E-04
  3.4000E-05  2.5000E-05  1.2000E-05  3.4000E-06  2.9000E-07
  7.0000E-09
  1.9300E+00  1.8600E+00  1.6500E+00  1.3600E+00  1.0400E+00
  5.0100E-01  2.0700E-01  9.8600E-02  7.5600E-02  7.4400E-02
  7.1200E-02  5.0300E-02  2.7400E-02  1.3300E-02  6.9800E-03
  5.0500E-03  4.7500E-03  4.4700E-03  2.5700E-03  6.4400E-04
  4.8900E-04  4.0600E-04  2.3500E-04  1.1400E-04  5.7000E-05
  2.7000E-05  6.0000E-06  3.9000E-06  1.0000E-06  1.6000E-07
  9.9000E-08