  6.8600E-02  6.8600E-02  6.8600E-02  6.8500E-02  6.8500E-02
  6.8400E-02  6.8300E-02  6.8200E-02  6.8100E-02  6.7900E-02
  6.7700E-02  6.7200E-02  6.6600E-02  6.5900E-02  6.5100E-02
  6.4200E-02  6.3300E-02  6.1100E-02  5.7500E-02  5.0500E-02
  4.3200E-02  3.6100E-02  2.9600E-02  2.3900E-02  1.5000E-02
  4.7000E-03  1.6000E-03  2.4000E-04  5.2000E-05  5.5000E-06
  2.8000E-07
  3.0500E-01  3.0400E-01  3.0400E-01  3.0200E-01  3.0000E-01
  2.9500E-01  2.8700E-01  2.7800E-01  2.6700E-01  2.5500E-01
  2.4100E-01  2.1300E-01  1.8300E-01  1.5300E-01  1.2600E-01
  1.0100E-01  8.0100E-02  4.7900E-02  2.0700E-02  6.2500E-03
  4.4500E-03  4.3900E-03  4.0400E-03  3.4200E-03  2.1000E-03
  5.3000E-04  1.5000E-04  1.9000E-05  4.0000E-06  3.9000E-07
  1.9000E-08
  1.6800E-01  1.6800E-01  1.6800E-01  1.6800E-01  1.6800E-01
  1.6700E-01  1.6700E-01  1.6700E-01  1.6600E-01  1.6600E-01
  1.6400E-01  1.6100E-01  1.5500E-01  1.4800E-01  1.3900E-01
  1.2900E-01  1.1800E-01  9.6400E-02  6.7300E-02  3.4300E-02
  1.7100E-02  8.6300E-03  4.4700E-03  2.3900E-03  7.5000E-04
  6.6000E-05  9.7000E-06  5.3000E-07  6.1000E-08  2.7000E-09
  4.8000E-11
  1.2400E+00  1.2200E+00  1.1700E+00  1.0800E+00  9.7500E-01
  7.2900E-01  4.9400E-01  3.0800E-01  1.8000E-01  1.0100E-01
  5.7500E-02  2.7100E-02  2.3300E-02  2.3100E-02  2.1200E-02
  1.7900E-02  1.4300E-02  8.0600E-03  2.9300E-03  5.4100E-04
  2.5200E-04  2.4100E-04  2.2700E-04  1.9400E-04  1.2000E-04
  3.0000E-05  8.2000E-06  1.0000E-06  2.1000E-07  2.1000E-08
  1.0000E-09
  9.1900E-01  9.1800E-01  9.1600E-01  9.0400E-01  8.7900E-01
  7.7600E-01  6.1900E-01  4.5200E-01  3.0700E-01  1.9900E-01
  1.2400E-01  4.5200E-02  1.6200E-02  6.6600E-03  4.0200E-03
  3.5000E-03  3.4600E-03  3.2800E-03  2.4900E-03  1.2700E-03
  6.1800E-04  3.0700E-04  1.5700E-04  8.3300E-05  2.6000E-05
  2.2000E-06  3.2000E-07  1.7000E-08  2.0000E-09  8.6000E-11
  1.6000E-12