  8.9800E-03  8.9800E-03  8.9800E-03  8.9800E-03  8.9800E-03
  8.9800E-03  8.9800E-03  8.9700E-03  8.9700E-03  8.9700E-03
  8.9700E-03  8.9700E-03  8.9700E-03  8.9700E-03  8.9700E-03
  8.9600E-03  8.9600E-03  8.9600E-03  8.9400E-03  8.9200E-03
  8.8900E-03  8.8500E-03  8.8100E-03  8.7600E-03  8.6000E-03
  8.3000E-03  7.7000E-03  6.5000E-03  5.2000E-03  3.1000E-03
  9.8000E-04
  3.2000E-02  3.2000E-02  3.2000E-02  3.2000E-02  3.2000E-02
  3.2000E-02  3.1900E-02  3.1900E-02  3.1900E-02  3.1900E-02
  3.1900E-02  3.1800E-02  3.1800E-02  3.1700E-02  3.1600E-02
  3.1500E-02  3.1400E-02  3.1200E-02  3.0800E-02  2.9900E-02
  2.8800E-02  2.7500E-02  2.6000E-02  2.4400E-02  2.1000E-02
  1.3000E-02  6.7000E-03  1.6000E-03  8.0000E-04  7.0000E-04
  2.4000E-04
  1.5500E-02  1.5500E-02  1.5500E-02  1.5500E-02  1.5500E-02
  1.5500E-02  1.5500E-02  1.5500E-02  1.5500E-02  1.5500E-02
  1.5500E-02  1.5500E-02  1.5500E-02  1.5500E-02  1.5500E-02
  1.5500E-02  1.5500E-02  1.5500E-02  1.5500E-02  1.5500E-02
  1.5500E-02  1.5500E-02  1.5400E-02  1.5400E-02  1.5000E-02
  1.4000E-02  1.2000E-02  7.2000E-03  3.8000E-03  9.7000E-04
  9.7000E-05
  1.7600E-02  1.7600E-02  1.7600E-02  1.7600E-02  1.7600E-02
  1.7600E-02  1.7600E-02  1.7600E-02  1.7600E-02  1.7600E-02
  1.7600E-02  1.7600E-02  1.7600E-02  1.7600E-02  1.7600E-02
  1.7600E-02  1.7600E-02  1.7600E-02  1.7600E-02  1.7600E-02
  1.7600E-02  1.7500E-02  1.7400E-02  1.7300E-02  1.7000E-02
  1.5000E-02  1.2000E-02  6.5000E-03  3.0000E-03  5.8000E-04
  3.6000E-05
  7.0200E-02  7.0100E-02  7.0100E-02  7.0100E-02  7.0100E-02
  7.0000E-02  6.9900E-02  6.9700E-02  6.9500E-02  6.9300E-02
  6.9100E-02  6.8500E-02  6.7800E-02  6.6900E-02  6.6000E-02
  6.4900E-02  6.3700E-02  6.1100E-02  5.6600E-02  4.7900E-02
  3.8900E-02  3.0300E-02  2.2800E-02  1.6800E-02  9.2000E-03
  5.4000E-03  4.7000E-03  1.3000E-03  2.5000E-04  1.6000E-04
  5.9000E-05
  4.1100E-02  4.1100E-02  4.1100E-02  4.1100E-02  4.1100E-02
  4.1100E-02  4.1100E-02  4.1100E-02  4.1100E-02  4.1100E-02
  4.1100E-02  4.1100E-02  4.1100E-02  4.1100E-02  4.1000E-02
  4.1000E-02  4.1000E-02  4.0900E-02  4.0700E-02  3.9900E-02
  3.8500E-02  3.6300E-02  3.3500E-02  3.0200E-02  2.3000E-02
  7.6000E-03  2.3000E-03  1.5000E-03  1.1000E-03  3.0000E-04
  2.8000E-05
  4.4500E-02  4.4500E-02  4.4500E-02  4.4500E-02  4.4500E-02
  4.4500E-02  4.4500E-02  4.4500E-02  4.4500E-02  4.4500E-02
  4.4500E-02  4.4500E-02  4.4500E-02  4.4500E-02  4.4500E-02
  4.4400E-02  4.4400E-02  4.4300E-02  4.3900E-02  4.2800E-02
  4.0800E-02  3.7900E-02  3.4200E-02  2.9900E-02  2.1000E-02
  5.9000E-03  2.1000E-03  1.7000E-03  9.8000E-04  1.9000E-04
  1.1000E-05
  2.8700E-02  2.8700E-02  2.8700E-02  2.8700E-02  2.8700E-02
  2.8700E-02  2.8700E-02  2.8700E-02  2.8700E-02  2.8700E-02
  2.8700E-02  2.8700E-02  2.8700E-02  2.8700E-02  2.8700E-02
  2.8700E-02  2.8700E-02  2.8700E-02  2.8700E-02  2.8700E-02
  2.8600E-02  2.8300E-02  2.7900E-02  2.7100E-02  2.5000E-02
  1.6000E-02  8.5000E-03  1.8000E-03  3.8000E-04  2.7000E-05
  5.7000E-07
  2.9500E-02  2.9500E-02  2.9500E-02  2.9500E-02  2.9500E-02
  2.9500E-02  2.9500E-02  2.9500E-02  2.9500E-02  2.9500E-02
  2.9500E-02  2.9500E-02  2.9500E-02  2.9500E-02  2.9500E-02
  2.9500E-02  2.9500E-02  2.9500E-02  2.9500E-02  2.9400E-02
  2.9300E-02  2.9000E-02  2.8500E-02  2.7700E-02  2.5000E-02
  1.6000E-02  8.1000E-03  1.6000E-03  3.2000E-04  2.0000E-05
  3.2000E-07
  1.4400E-01  1.4400E-01  1.4300E-01  1.4300E-01  1.4300E-01
  1.4200E-01  1.4100E-01  1.4000E-01  1.3800E-01  1.3600E-01
  1.3400E-01  1.2900E-01  1.2300E-01  1.1600E-01  1.0800E-01
  1.0100E-01  9.2900E-02  7.7100E-02  5.5400E-02  2.9700E-02
  1.7700E-02  1.4400E-02  1.4200E-02  1.3700E-02  9.6000E-03
  1.8000E-03  1.3000E-03  4.6000E-04  7.9000E-05  4.1000E-05
  1.5000E-05
  9.0300E-02  9.0300E-02  9.0300E-02  9.0300E-02  9.0300E-02
  9.0300E-02  9.0300E-02  9.0300E-02  9.0300E-02  9.0300E-02
  9.0200E-02  9.0100E-02  8.9800E-02  8.9300E-02  8.8600E-02
  8.7600E-02  8.6400E-02  8.3000E-02  7.5500E-02  5.8000E-02
  3.9100E-02  2.3600E-02  1.3500E-02  8.3200E-03  5.9000E-03
  4.0000E-03  1.1000E-03  3.3000E-04  2.7000E-04  7.8000E-05
  7.3000E-06
  9.7600E-02  9.7600E-02  9.7600E-02  9.7600E-02  9.7600E-02
  9.7600E-02  9.7600E-02  9.7500E-02  9.7500E-02  9.7500E-02
  9.7400E-02  9.7100E-02  9.6700E-02  9.6000E-02  9.5000E-02
  9.3700E-02  9.2000E-02  8.7300E-02  7.7300E-02  5.5800E-02
  3.4700E-02  1.9400E-02  1.0900E-02  7.4100E-03  6.4000E-03
  3.4000E-03  7.9000E-04  4.0000E-04  2.5000E-04  5.2000E-05
  2.9000E-06
  7.3300E-02  7.3300E-02  7.3300E-02  7.3300E-02  7.3300E-02
  7.3300E-02  7.3300E-02  7.3300E-02  7.3300E-02  7.3300E-02
  7.3300E-02  7.3300E-02  7.3300E-02  7.3300E-02  7.3200E-02
  7.3100E-02  7.2900E-02  7.2200E-02  7.0000E-02  6.2600E-02
  5.0800E-02  3.7400E-02  2.5300E-02  1.5900E-02  5.9000E-03
  2.5000E-03  2.0000E-03  5.2000E-04  1.1000E-04  7.7000E-06
  1.6000E-07
  7.5100E-02  7.5100E-02  7.5100E-02  7.5100E-02  7.5100E-02
  7.5100E-02  7.5100E-02  7.5100E-02  7.5100E-02  7.5100E-02
  7.5100E-02  7.5100E-02  7.5100E-02  7.5000E-02  7.5000E-02
  7.4800E-02  7.4600E-02  7.3800E-02  7.1400E-02  6.3100E-02
  5.0400E-02  3.6400E-02  2.4100E-02  1.4900E-02  5.4000E-03
  2.5000E-03  1.9000E-03  4.7000E-04  9.5000E-05  5.7000E-06
  8.8000E-08
  6.2500E-02  6.2500E-02  6.2500E-02  6.2500E-02  6.2500E-02
  6.2500E-02  6.2500E-02  6.2500E-02  6.2500E-02  6.2500E-02
  6.2500E-02  6.2500E-02  6.2500E-02  6.2500E-02  6.2500E-02
  6.2400E-02  6.2300E-02  6.2000E-02  6.1000E-02  5.7000E-02
  5.0300E-02  4.2000E-02  3.3500E-02  2.6000E-02  1.5000E-02
  3.0000E-03  6.4000E-04  3.9000E-05  3.6000E-06  8.6000E-08
  5.6000E-10
  6.3300E-02  6.3300E-02  6.3300E-02  6.3300E-02  6.3300E-02
  6.3300E-02  6.3300E-02  6.3300E-02  6.3300E-02  6.3300E-02
  6.3300E-02  6.3300E-02  6.3300E-02  6.3300E-02  6.3300E-02
  6.3200E-02  6.3100E-02  6.2800E-02  6.1700E-02  5.7500E-02
  5.0400E-02  4.1800E-02  3.3200E-02  2.5600E-02  1.4000E-02
  2.9000E-03  6.0000E-04  3.5000E-05  3.1000E-06  6.8000E-08
  3.7000E-10
  3.3700E-01  3.3700E-01  3.3500E-01  3.3300E-01  3.2900E-01
  3.2000E-01  3.0700E-01  2.9200E-01  2.7400E-01  2.5400E-01
  2.3300E-01  1.9100E-01  1.5000E-01  1.1400E-01  8.5100E-02
  6.2900E-02  4.7500E-02  3.1800E-02  2.7800E-02  2.4200E-02
  1.3600E-02  6.0300E-03  3.3400E-03  2.9400E-03  2.6000E-03
  4.5000E-04  2.7000E-04  9.9000E-05  1.6000E-05  8.1000E-06
  3.0000E-06
  2.2400E-01  2.2400E-01  2.2400E-01  2.2400E-01  2.2400E-01
  2.2300E-01  2.2300E-01  2.2200E-01  2.2000E-01  2.1800E-01
  2.1400E-01  2.0400E-01  1.8800E-01  1.6900E-01  1.4800E-01
  1.2500E-01  1.0300E-01  6.4300E-02  2.8500E-02  1.1900E-02
  1.1300E-02  9.2200E-03  5.8500E-03  3.1700E-03  1.1000E-03
  8.0000E-04  2.4000E-04  5.7000E-05  4.7000E-05  1.4000E-05
  1.3000E-06
  2.4600E-01  2.4600E-01  2.4600E-01  2.4600E-01  2.4600E-01
  2.4600E-01  2.4500E-01  2.4300E-01  2.4100E-01  2.3700E-01
  2.3200E-01  2.1600E-01  1.9500E-01  1.7000E-01  1.4300E-01
  1.1600E-01  9.1100E-02  5.2100E-02  2.1600E-02  1.2000E-02
  1.1300E-02  7.9300E-03  4.3400E-03  2.1800E-03  1.1000E-03
  6.6000E-04  1.6000E-04  6.6000E-05  4.3000E-05  8.8000E-06
  4.9000E-07
  2.3500E-01  2.3500E-01  2.3500E-01  2.3500E-01  2.3500E-01
  2.3500E-01  2.3500E-01  2.3400E-01  2.3300E-01  2.3100E-01
  2.2800E-01  2.1700E-01  2.0000E-01  1.7900E-01  1.5500E-01
  1.3100E-01  1.0700E-01  6.7800E-02  2.9900E-02  7.3100E-03
  4.2000E-03  4.1000E-03  3.4900E-03  2.5100E-03  9.6000E-04
  2.4000E-04  2.1000E-04  5.7000E-05  1.3000E-05  8.5000E-07
  1.7000E-08
  2.4400E-01  2.4400E-01  2.4400E-01  2.4400E-01  2.4400E-01
  2.4400E-01  2.4400E-01  2.4300E-01  2.4200E-01  2.3900E-01
  2.3500E-01  2.2300E-01  2.0300E-01  1.8000E-01  1.5300E-01
  1.2700E-01  1.0300E-01  6.2900E-02  2.6500E-02  6.4500E-03
  4.1300E-03  4.0100E-03  3.2900E-03  2.2800E-03  8.3000E-04
  2.4000E-04  1.9000E-04  5.0000E-05  1.0000E-05  6.0000E-07
  9.4000E-09
  1.1500E+00  1.1300E+00  1.0800E+00  1.0100E+00  9.1300E-01
  6.9300E-01  4.7700E-01  3.0400E-01  1.8200E-01  1.0800E-01
  6.8600E-02  4.3700E-02  4.2200E-02  4.0200E-02  3.4300E-02
  2.6500E-02  1.8900E-02  8.5500E-03  3.3700E-03  2.8600E-03
  1.8600E-03  8.2000E-04  3.8200E-04  2.9700E-04  2.7000E-04
  4.8000E-05  2.7000E-05  1.0000E-05  1.6000E-06  8.1000E-07
  3.0000E-07
  9.1300E-01  9.1300E-01  9.1000E-01  8.9900E-01  8.7400E-01
  7.7100E-01  6.1300E-01  4.4400E-01  2.9800E-01  1.8900E-01
  1.1500E-01  4.0100E-02  1.6300E-02  1.0600E-02  1.0000E-02
  9.9000E-03  9.2700E-03  6.7300E-03  3.0400E-03  7.6500E-04
  6.0000E-04  5.3100E-04  3.5300E-04  1.9400E-04  6.4000E-05
  4.3000E-05  1.3000E-05  3.0000E-06  2.5000E-06  7.4000E-07
  6.8000E-08