  8.2300E-03  8.2300E-03  8.2300E-03  8.2300E-03  8.2300E-03
  8.2300E-03  8.2300E-03  8.2300E-03  8.2300E-03  8.2300E-03
  8.2300E-03  8.2300E-03  8.2300E-03  8.2300E-03  8.2300E-03
  8.2300E-03  8.2200E-03  8.2200E-03  8.2100E-03  8.1900E-03
  8.1700E-03  8.1400E-03  8.1000E-03  8.0600E-03  8.0000E-03
  7.7000E-03  7.3000E-03  6.3000E-03  5.2000E-03  3.2000E-03
  1.1000E-03
  2.9400E-02  2.9400E-02  2.9400E-02  2.9400E-02  2.9400E-02
  2.9400E-02  2.9400E-02  2.9400E-02  2.9400E-02  2.9400E-02
  2.9300E-02  2.9300E-02  2.9300E-02  2.9200E-02  2.9100E-02
  2.9100E-02  2.9000E-02  2.8800E-02  2.8500E-02  2.7800E-02
  2.6900E-02  2.5800E-02  2.4700E-02  2.3400E-02  2.1000E-02
  1.3000E-02  7.7000E-03  2.0000E-03  8.0000E-04  6.8000E-04
  2.8000E-04
  1.4200E-02  1.4200E-02  1.4200E-02  1.4200E-02  1.4200E-02
  1.4200E-02  1.4200E-02  1.4200E-02  1.4200E-02  1.4200E-02
  1.4200E-02  1.4200E-02  1.4200E-02  1.4200E-02  1.4200E-02
  1.4200E-02  1.4200E-02  1.4200E-02  1.4200E-02  1.4200E-02
  1.4200E-02  1.4200E-02  1.4100E-02  1.4100E-02  1.4000E-02
  1.3000E-02  1.2000E-02  7.6000E-03  4.4000E-03  1.3000E-03
  1.5000E-04
  1.6500E-02  1.6500E-02  1.6500E-02  1.6500E-02  1.6500E-02
  1.6500E-02  1.6500E-02  1.6500E-02  1.6500E-02  1.6500E-02
  1.6500E-02  1.6500E-02  1.6500E-02  1.6500E-02  1.6500E-02
  1.6500E-02  1.6500E-02  1.6500E-02  1.6400E-02  1.6400E-02
  1.6400E-02  1.6400E-02  1.6300E-02  1.6200E-02  1.6000E-02
  1.5000E-02  1.2000E-02  7.0000E-03  3.4000E-03  7.4000E-04
  5.1000E-05
  6.4400E-02  6.4400E-02  6.4400E-02  6.4400E-02  6.4400E-02
  6.4300E-02  6.4200E-02  6.4100E-02  6.4000E-02  6.3800E-02
  6.3600E-02  6.3100E-02  6.2600E-02  6.1900E-02  6.1200E-02
  6.0300E-02  5.9400E-02  5.7300E-02  5.3700E-02  4.6700E-02
  3.9100E-02  3.1600E-02  2.4700E-02  1.8900E-02  1.1000E-02
  5.0000E-03  4.7000E-03  1.7000E-03  3.6000E-04  1.5000E-04
  7.2000E-05
  3.7600E-02  3.7600E-02  3.7600E-02  3.7600E-02  3.7600E-02
  3.7600E-02  3.7600E-02  3.7600E-02  3.7600E-02  3.7600E-02
  3.7600E-02  3.7600E-02  3.7600E-02  3.7600E-02  3.7600E-02
  3.7600E-02  3.7600E-02  3.7500E-02  3.7400E-02  3.6800E-02
  3.5900E-02  3.4300E-02  3.2300E-02  2.9700E-02  2.4000E-02
  9.5000E-03  3.0000E-03  1.4000E-03  1.2000E-03  3.9000E-04
  4.3000E-05
  4.1300E-02  4.1300E-02  4.1300E-02  4.1300E-02  4.1300E-02
  4.1300E-02  4.1300E-02  4.1300E-02  4.1300E-02  4.1300E-02
  4.1300E-02  4.1300E-02  4.1300E-02  4.1300E-02  4.1200E-02
  4.1200E-02  4.1200E-02  4.1100E-02  4.0900E-02  4.0000E-02
  3.8600E-02  3.6400E-02  3.3500E-02  3.0100E-02  2.2000E-02
  7.4000E-03  2.4000E-03  1.7000E-03  1.1000E-03  2.6000E-04
  1.7000E-05
  2.6600E-02  2.6600E-02  2.6600E-02  2.6600E-02  2.6600E-02
  2.6600E-02  2.6600E-02  2.6600E-02  2.6600E-02  2.6600E-02
  2.6600E-02  2.6600E-02  2.6600E-02  2.6600E-02  2.6600E-02
  2.6600E-02  2.6600E-02  2.6600E-02  2.6600E-02  2.6500E-02
  2.6500E-02  2.6300E-02  2.6000E-02  2.5500E-02  2.4000E-02
  1.7000E-02  9.7000E-03  2.4000E-03  5.6000E-04  4.3000E-05
  9.9000E-07
  2.7400E-02  2.7400E-02  2.7400E-02  2.7400E-02  2.7400E-02
  2.7400E-02  2.7400E-02  2.7400E-02  2.7400E-02  2.7400E-02
  2.7400E-02  2.7400E-02  2.7400E-02  2.7400E-02  2.7400E-02
  2.7400E-02  2.7400E-02  2.7400E-02  2.7400E-02  2.7300E-02
  2.7300E-02  2.7100E-02  2.6700E-02  2.6200E-02  2.4000E-02
  1.7000E-02  9.3000E-03  2.1000E-03  4.6000E-04  3.1000E-05
  5.5000E-07
  1.3000E-01  1.3000E-01  1.2900E-01  1.2900E-01  1.2900E-01
  1.2900E-01  1.2800E-01  1.2700E-01  1.2500E-01  1.2400E-01
  1.2200E-01  1.1800E-01  1.1400E-01  1.0900E-01  1.0300E-01
  9.6800E-02  9.0500E-02  7.7500E-02  5.8800E-02  3.3900E-02
  1.9900E-02  1.4400E-02  1.3300E-02  1.3200E-02  1.1000E-02
  2.4000E-03  1.3000E-03  6.5000E-04  1.3000E-04  4.0000E-05
  1.9000E-05
  8.1400E-02  8.1400E-02  8.1400E-02  8.1400E-02  8.1400E-02
  8.1400E-02  8.1400E-02  8.1400E-02  8.1400E-02  8.1400E-02
  8.1400E-02  8.1200E-02  8.1100E-02  8.0800E-02  8.0300E-02
  7.9800E-02  7.9000E-02  7.6800E-02  7.1700E-02  5.8800E-02
  4.3300E-02  2.8700E-02  1.7700E-02  1.0800E-02  5.8000E-03
  4.6000E-03  1.7000E-03  3.2000E-04  2.9000E-04  1.1000E-04
  1.2000E-05
  8.8700E-02  8.8700E-02  8.8700E-02  8.8700E-02  8.8700E-02
  8.8700E-02  8.8700E-02  8.8700E-02  8.8700E-02  8.8700E-02
  8.8600E-02  8.8500E-02  8.8200E-02  8.7700E-02  8.7100E-02
  8.6200E-02  8.5100E-02  8.1900E-02  7.4700E-02  5.8000E-02
  3.9500E-02  2.4100E-02  1.4000E-02  8.6900E-03  6.2000E-03
  4.2000E-03  1.2000E-03  4.0000E-04  3.0000E-04  7.2000E-05
  4.5000E-06
  6.6100E-02  6.6100E-02  6.6100E-02  6.6100E-02  6.6100E-02
  6.6100E-02  6.6100E-02  6.6100E-02  6.6100E-02  6.6100E-02
  6.6100E-02  6.6100E-02  6.6000E-02  6.6000E-02  6.6000E-02
  6.5900E-02  6.5800E-02  6.5500E-02  6.4300E-02  5.9700E-02
  5.1500E-02  4.0900E-02  3.0000E-02  2.0500E-02  8.4000E-03
  2.4000E-03  2.2000E-03  7.2000E-04  1.7000E-04  1.3000E-05
  3.0000E-07
  6.7800E-02  6.7800E-02  6.7800E-02  6.7800E-02  6.7800E-02
  6.7800E-02  6.7800E-02  6.7800E-02  6.7800E-02  6.7800E-02
  6.7800E-02  6.7800E-02  6.7800E-02  6.7800E-02  6.7700E-02
  6.7600E-02  6.7500E-02  6.7100E-02  6.5700E-02  6.0600E-02
  5.1500E-02  4.0200E-02  2.8900E-02  1.9300E-02  7.6000E-03
  2.5000E-03  2.1000E-03  6.5000E-04  1.5000E-04  9.7000E-06
  1.6000E-07
  5.4300E-02  5.4300E-02  5.4300E-02  5.4300E-02  5.4300E-02
  5.4300E-02  5.4300E-02  5.4300E-02  5.4300E-02  5.4300E-02
  5.4300E-02  5.4300E-02  5.4300E-02  5.4300E-02  5.4300E-02
  5.4300E-02  5.4300E-02  5.4200E-02  5.3900E-02  5.2100E-02
  4.8400E-02  4.3000E-02  3.6500E-02  2.9900E-02  1.9000E-02
  4.6000E-03  1.1000E-03  7.6000E-05  7.7000E-06  2.0000E-07
  1.4000E-09
  5.5000E-02  5.5000E-02  5.5000E-02  5.5000E-02  5.5000E-02
  5.5000E-02  5.5000E-02  5.5000E-02  5.5000E-02  5.5000E-02
  5.5000E-02  5.5000E-02  5.5000E-02  5.5000E-02  5.5000E-02
  5.5000E-02  5.5000E-02  5.4900E-02  5.4500E-02  5.2700E-02
  4.8800E-02  4.3000E-02  3.6400E-02  2.9600E-02  1.8000E-02
  4.4000E-03  1.0000E-03  6.8000E-05  6.6000E-06  1.5000E-07
  8.8000E-10
  2.8400E-01  2.8300E-01  2.8200E-01  2.8100E-01  2.7900E-01
  2.7300E-01  2.6500E-01  2.5500E-01  2.4300E-01  2.3000E-01
  2.1600E-01  1.8600E-01  1.5600E-01  1.2600E-01  1.0000E-01
  7.8300E-02  6.0800E-02  3.8600E-02  2.7600E-02  2.6100E-02
  1.9000E-02  1.0000E-02  4.9200E-03  3.2700E-03  3.0000E-03
  7.9000E-04  2.9000E-04  1.6000E-04  3.1000E-05  8.8000E-06
  4.2000E-06
  1.8700E-01  1.8700E-01  1.8700E-01  1.8700E-01  1.8700E-01
  1.8700E-01  1.8600E-01  1.8600E-01  1.8500E-01  1.8400E-01
  1.8300E-01  1.7800E-01  1.7000E-01  1.5900E-01  1.4600E-01
  1.3100E-01  1.1500E-01  8.3300E-02  4.4400E-02  1.5500E-02
  1.1600E-02  1.1100E-02  8.6400E-03  5.5200E-03  1.8000E-03
  1.0000E-03  4.3000E-04  6.5000E-05  5.8000E-05  2.2000E-05
  2.4000E-06
  2.0500E-01  2.0500E-01  2.0500E-01  2.0500E-01  2.0500E-01
  2.0500E-01  2.0500E-01  2.0400E-01  2.0300E-01  2.0100E-01
  1.9900E-01  1.9100E-01  1.8000E-01  1.6500E-01  1.4800E-01
  1.2900E-01  1.0900E-01  7.2700E-02  3.4800E-02  1.3700E-02
  1.2500E-02  1.0700E-02  7.1100E-03  3.9500E-03  1.4000E-03
  9.5000E-04  2.8000E-04  7.7000E-05  5.9000E-05  1.4000E-05
  9.0000E-07
  1.7900E-01  1.7900E-01  1.7900E-01  1.7900E-01  1.7900E-01
  1.7900E-01  1.7900E-01  1.7900E-01  1.7900E-01  1.7900E-01
  1.7800E-01  1.7600E-01  1.7200E-01  1.6400E-01  1.5500E-01
  1.4200E-01  1.2800E-01  9.7200E-02  5.5800E-02  1.7000E-02
  6.3500E-03  5.1400E-03  4.9900E-03  4.2100E-03  2.1000E-03
  3.4000E-04  3.1000E-04  1.1000E-04  2.7000E-05  2.1000E-06
  4.6000E-08
  1.8500E-01  1.8500E-01  1.8500E-01  1.8500E-01  1.8500E-01
  1.8500E-01  1.8500E-01  1.8500E-01  1.8500E-01  1.8500E-01
  1.8400E-01  1.8100E-01  1.7600E-01  1.6800E-01  1.5600E-01
  1.4300E-01  1.2700E-01  9.4300E-02  5.2000E-02  1.5100E-02
  5.9800E-03  5.1900E-03  4.9400E-03  4.0100E-03  1.8000E-03
  3.4000E-04  3.0000E-04  9.9000E-05  2.3000E-05  1.5000E-06
  2.5000E-08
  7.8200E-01  7.7600E-01  7.5900E-01  7.3200E-01  6.9600E-01
  6.0200E-01  4.9400E-01  3.8600E-01  2.8800E-01  2.0700E-01
  1.4600E-01  7.5500E-02  5.1200E-02  4.6900E-02  4.6600E-02
  4.4100E-02  3.8600E-02  2.4100E-02  8.9900E-03  4.2800E-03
  3.8100E-03  2.2300E-03  1.0300E-03  5.5300E-04  4.6000E-04
  1.3000E-04  4.3000E-05  2.4000E-05  4.7000E-06  1.3000E-06
  6.3000E-07
  5.5100E-01  5.5100E-01  5.5000E-01  5.4900E-01  5.4700E-01
  5.3400E-01  5.0500E-01  4.6100E-01  4.0300E-01  3.3800E-01
  2.7300E-01  1.6000E-01  8.5200E-02  4.3900E-02  2.5200E-02
  1.8600E-02  1.7200E-02  1.6700E-02  1.1900E-02  3.5300E-03
  1.4400E-03  1.3500E-03  1.1500E-03  7.7500E-04  2.5000E-04
  1.2000E-04  5.3000E-05  7.6000E-06  6.8000E-06  2.6000E-06
  2.8000E-07
  6.4400E-01  6.4400E-01  6.4300E-01  6.4100E-01  6.3600E-01
  6.0900E-01  5.5700E-01  4.8300E-01  3.9600E-01  3.0800E-01
  2.3000E-01  1.1500E-01  5.3500E-02  2.7100E-02  1.8500E-02
  1.6900E-02  1.6800E-02  1.4800E-02  8.2800E-03  2.0300E-03
  1.2700E-03  1.1900E-03  8.4000E-04  4.7800E-04  1.5000E-04
  9.8000E-05  3.0000E-05  7.8000E-06  6.0000E-06  1.5000E-06
  9.1000E-08