  1.8600E-01  1.8600E-01  1.8600E-01  1.8500E-01  1.8500E-01
  1.8400E-01  1.8200E-01  1.7900E-01  1.7600E-01  1.7300E-01
  1.6900E-01  1.6100E-01  1.5100E-01  1.4100E-01  1.3000E-01
  1.1900E-01  1.0900E-01  8.8400E-02  6.2800E-02  3.3800E-02
  1.7900E-02  9.6100E-03  5.3200E-03  3.0400E-03  1.1000E-03
  1.4000E-04  2.9000E-05  2.9000E-06  5.3000E-07  4.8000E-08
  2.3000E-09
  1.0000E+00  9.9200E-01  9.6300E-01  9.1700E-01  8.5700E-01
  7.1100E-01  5.5200E-01  4.0500E-01  2.8400E-01  1.9100E-01
  1.2400E-01  5.0000E-02  2.0900E-02  1.1500E-02  9.2400E-03
  8.9700E-03  8.9300E-03  8.0800E-03  5.7300E-03  2.6800E-03
  1.2200E-03  5.8600E-04  2.9800E-04  1.6100E-04  5.4000E-05
  6.3000E-06  1.3000E-06  1.2000E-07  2.2000E-08  2.0000E-09
  9.4000E-11
  6.1500E-01  6.1500E-01  6.1400E-01  6.1200E-01  6.0600E-01
  5.8100E-01  5.3300E-01  4.6700E-01  3.9300E-01  3.2100E-01
  2.5600E-01  1.5700E-01  9.4300E-02  5.6800E-02  3.4600E-02
  2.1500E-02  1.3500E-02  5.7100E-03  1.7800E-03  3.4500E-04
  8.8800E-05  2.8200E-05  1.0400E-05  4.2900E-06  9.3000E-07
  5.0000E-08  5.7000E-09  2.5000E-10  2.5000E-11  1.0000E-12
  1.7000E-14