  1.2400E-02  1.2400E-02  1.2400E-02  1.2400E-02  1.2400E-02
  1.2400E-02  1.2400E-02  1.2400E-02  1.2400E-02  1.2400E-02
  1.2400E-02  1.2400E-02  1.2400E-02  1.2400E-02  1.2400E-02
  1.2400E-02  1.2400E-02  1.2400E-02  1.2400E-02  1.2300E-02
  1.2200E-02  1.2100E-02  1.2000E-02  1.1900E-02  1.1900E-02
  1.1000E-02  9.6000E-03  7.1000E-03  5.0000E-03  2.2000E-03
  4.6000E-04
  4.4300E-02  4.4300E-02  4.4300E-02  4.4300E-02  4.4300E-02
  4.4200E-02  4.4200E-02  4.4200E-02  4.4100E-02  4.4100E-02
  4.4100E-02  4.3900E-02  4.3800E-02  4.3600E-02  4.3400E-02
  4.3100E-02  4.2900E-02  4.2300E-02  4.1200E-02  3.9000E-02
  3.6300E-02  3.3300E-02  3.0100E-02  2.6800E-02  2.0000E-02
  8.5000E-03  3.0000E-03  1.1000E-03  1.0000E-03  5.2000E-04
  9.0000E-05
  2.1900E-02  2.1900E-02  2.1900E-02  2.1900E-02  2.1900E-02
  2.1900E-02  2.1900E-02  2.1900E-02  2.1900E-02  2.1900E-02
  2.1900E-02  2.1900E-02  2.1900E-02  2.1900E-02  2.1900E-02
  2.1800E-02  2.1800E-02  2.1800E-02  2.1800E-02  2.1800E-02
  2.1700E-02  2.1500E-02  2.1300E-02  2.1000E-02  2.0000E-02
  1.6000E-02  1.1000E-02  4.6100E-03  1.7000E-03  2.7000E-04
  1.7000E-05
  2.3400E-02  2.3400E-02  2.3400E-02  2.3400E-02  2.3400E-02
  2.3400E-02  2.3400E-02  2.3400E-02  2.3400E-02  2.3400E-02
  2.3400E-02  2.3400E-02  2.3400E-02  2.3400E-02  2.3400E-02
  2.3400E-02  2.3400E-02  2.3400E-02  2.3400E-02  2.3300E-02
  2.3200E-02  2.3000E-02  2.2700E-02  2.2300E-02  2.1000E-02
  1.6000E-02  1.1000E-02  4.0000E-03  1.3000E-03  1.7000E-04
  7.2000E-06
  9.9200E-02  9.9200E-02  9.9200E-02  9.9100E-02  9.9000E-02
  9.8800E-02  9.8500E-02  9.8000E-02  9.7500E-02  9.6900E-02
  9.6200E-02  9.4600E-02  9.2700E-02  9.0400E-02  8.7900E-02
  8.5100E-02  8.2100E-02  7.5600E-02  6.5100E-02  4.7400E-02
  3.2100E-02  2.0800E-02  1.3500E-02  9.5900E-03  7.4000E-03
  6.0000E-03  2.4000E-03  2.8000E-04  2.2000E-04  1.2000E-04
  2.1000E-05
  5.8600E-02  5.8600E-02  5.8600E-02  5.8600E-02  5.8600E-02
  5.8600E-02  5.8600E-02  5.8600E-02  5.8600E-02  5.8600E-02
  5.8600E-02  5.8600E-02  5.8500E-02  5.8500E-02  5.8400E-02
  5.8300E-02  5.8100E-02  5.7600E-02  5.6400E-02  5.2900E-02
  4.7300E-02  4.0300E-02  3.2600E-02  2.5200E-02  1.3000E-02
  2.6000E-03  2.1000E-03  1.3000E-03  5.0000E-04  7.4000E-05
  4.3000E-06
  6.1300E-02  6.1300E-02  6.1300E-02  6.1300E-02  6.1300E-02
  6.1300E-02  6.1300E-02  6.1300E-02  6.1300E-02  6.1300E-02
  6.1300E-02  6.1300E-02  6.1200E-02  6.1200E-02  6.1100E-02
  6.0900E-02  6.0700E-02  6.0100E-02  5.8700E-02  5.4400E-02
  4.7900E-02  3.9900E-02  3.1500E-02  2.3600E-02  1.2000E-02
  2.6000E-03  2.3000E-03  1.2000E-03  4.0000E-04  4.9000E-05
  1.9000E-06
  4.0300E-02  4.0300E-02  4.0300E-02  4.0300E-02  4.0300E-02
  4.0300E-02  4.0300E-02  4.0300E-02  4.0300E-02  4.0300E-02
  4.0300E-02  4.0300E-02  4.0300E-02  4.0300E-02  4.0300E-02
  4.0300E-02  4.0300E-02  4.0200E-02  4.0200E-02  3.9800E-02
  3.9000E-02  3.7400E-02  3.5100E-02  3.2200E-02  2.5000E-02
  1.0000E-02  3.5000E-03  4.2000E-04  6.4000E-05  3.1000E-06
  4.9000E-08
  4.0800E-02  4.0800E-02  4.0800E-02  4.0800E-02  4.0800E-02
  4.0800E-02  4.0800E-02  4.0800E-02  4.0800E-02  4.0800E-02
  4.0800E-02  4.0800E-02  4.0800E-02  4.0800E-02  4.0800E-02
  4.0800E-02  4.0800E-02  4.0800E-02  4.0700E-02  4.0300E-02
  3.9400E-02  3.7800E-02  3.5400E-02  3.2400E-02  2.5000E-02
  1.0000E-02  3.3000E-03  3.8000E-04  5.5000E-05  2.4000E-06
  2.9000E-08
  2.1200E-01  2.1200E-01  2.1200E-01  2.1100E-01  2.1000E-01
  2.0800E-01  2.0500E-01  2.0000E-01  1.9500E-01  1.8900E-01
  1.8300E-01  1.6800E-01  1.5200E-01  1.3500E-01  1.1800E-01
  1.0100E-01  8.6100E-02  6.0100E-02  3.4600E-02  2.0100E-02
  1.9200E-02  1.7400E-02  1.3000E-02  8.2900E-03  2.9000E-03
  1.6000E-03  7.8000E-04  7.4000E-05  5.1000E-05  2.9000E-05
  4.8000E-06
  1.3500E-01  1.3500E-01  1.3500E-01  1.3500E-01  1.3500E-01
  1.3500E-01  1.3500E-01  1.3500E-01  1.3500E-01  1.3500E-01
  1.3500E-01  1.3300E-01  1.3100E-01  1.2900E-01  1.2500E-01
  1.2000E-01  1.1400E-01  9.8900E-02  7.3800E-02  3.6800E-02
  1.6100E-02  8.9300E-03  7.7200E-03  7.6400E-03  5.9000E-03
  9.8000E-04  4.1000E-04  2.9000E-04  1.1000E-04  1.7000E-05
  9.8000E-07
  1.4200E-01  1.4200E-01  1.4200E-01  1.4200E-01  1.4200E-01
  1.4200E-01  1.4200E-01  1.4100E-01  1.4100E-01  1.4100E-01
  1.4000E-01  1.3900E-01  1.3700E-01  1.3300E-01  1.2800E-01
  1.2300E-01  1.1500E-01  9.8800E-02  7.1100E-02  3.3100E-02
  1.4200E-02  8.7000E-03  8.1100E-03  7.9000E-03  5.5000E-03
  8.0000E-04  4.6000E-04  2.7000E-04  9.4000E-05  1.1000E-05
  4.3000E-07
  1.1200E-01  1.1200E-01  1.1200E-01  1.1200E-01  1.1200E-01
  1.1200E-01  1.1200E-01  1.1200E-01  1.1200E-01  1.1200E-01
  1.1200E-01  1.1200E-01  1.1200E-01  1.1100E-01  1.1000E-01
  1.0800E-01  1.0600E-01  9.9600E-02  8.5200E-02  5.5700E-02
  3.0500E-02  1.4800E-02  7.0800E-03  4.0000E-03  2.9000E-03
  2.1000E-03  8.1000E-04  9.9000E-05  1.5000E-05  7.0000E-07
  1.1000E-08
  1.1400E-01  1.1400E-01  1.1400E-01  1.1400E-01  1.1400E-01
  1.1400E-01  1.1400E-01  1.1400E-01  1.1400E-01  1.1400E-01
  1.1400E-01  1.1300E-01  1.1300E-01  1.1200E-01  1.1100E-01
  1.1000E-01  1.0700E-01  1.0000E-01  8.5400E-02  5.4900E-02
  2.9600E-02  1.4100E-02  6.7000E-03  3.8500E-03  3.0000E-03
  2.0000E-03  7.6000E-04  8.8000E-05  1.3000E-05  5.3000E-07
  6.5000E-09
  1.2400E-01  1.2400E-01  1.2400E-01  1.2400E-01  1.2400E-01
  1.2400E-01  1.2400E-01  1.2400E-01  1.2400E-01  1.2400E-01
  1.2400E-01  1.2300E-01  1.2100E-01  1.1800E-01  1.1500E-01
  1.1000E-01  1.0500E-01  9.3900E-02  7.6200E-02  5.0500E-02
  3.1900E-02  1.9800E-02  1.2100E-02  7.4200E-03  2.8000E-03
  2.9000E-04  3.9000E-05  1.5000E-06  1.1000E-07  1.8000E-09
  9.9000E-12
  1.3000E-01  1.3000E-01  1.3000E-01  1.3000E-01  1.3000E-01
  1.3000E-01  1.3000E-01  1.3000E-01  1.3000E-01  1.3000E-01
  1.3000E-01  1.2800E-01  1.2500E-01  1.2200E-01  1.1700E-01
  1.1200E-01  1.0600E-01  9.3000E-02  7.4400E-02  4.8400E-02
  3.0300E-02  1.8600E-02  1.1400E-02  6.9300E-03  2.6000E-03
  2.6000E-04  3.5000E-05  1.3000E-06  8.9000E-08  1.4000E-09
  6.6000E-12
  5.6400E-01  5.6200E-01  5.5600E-01  5.4600E-01  5.3100E-01
  4.9300E-01  4.4400E-01  3.8900E-01  3.3100E-01  2.7500E-01
  2.2300E-01  1.3800E-01  8.2900E-02  5.2900E-02  4.0000E-02
  3.6200E-02  3.5800E-02  3.4000E-02  2.3200E-02  7.1200E-03
  3.2400E-03  3.0800E-03  2.6300E-03  1.8000E-03  5.9000E-04
  2.5000E-04  1.3000E-04  1.2000E-05  7.8000E-06  4.4000E-06
  7.3000E-07
  3.8400E-01  3.8400E-01  3.8400E-01  3.8300E-01  3.8300E-01
  3.8100E-01  3.7500E-01  3.6400E-01  3.4800E-01  3.2600E-01
  2.9900E-01  2.3700E-01  1.7400E-01  1.1900E-01  7.6700E-02
  4.7800E-02  3.0000E-02  1.5500E-02  1.3100E-02  1.0100E-02
  4.6500E-03  1.8200E-03  1.0400E-03  9.5500E-04  8.2000E-04
  1.5000E-04  5.2000E-05  3.7000E-05  1.5000E-05  2.2000E-06
  1.3000E-07
  4.1300E-01  4.1300E-01  4.1300E-01  4.1300E-01  4.1200E-01
  4.0900E-01  4.0000E-01  3.8600E-01  3.6400E-01  3.3600E-01
  3.0300E-01  2.3000E-01  1.6000E-01  1.0400E-01  6.3500E-02
  3.8100E-02  2.3800E-02  1.3900E-02  1.2900E-02  8.7500E-03
  3.5800E-03  1.4100E-03  9.5200E-04  9.3000E-04  7.2000E-04
  1.1000E-04  5.3000E-05  3.2000E-05  1.1000E-05  1.3000E-06
  5.1000E-08
  2.0700E+00  1.9800E+00  1.7400E+00  1.4100E+00  1.0600E+00
  4.8200E-01  1.8400E-01  8.1700E-02  6.1000E-02  5.9900E-02
  5.7300E-02  4.0600E-02  2.2600E-02  1.1000E-02  5.4100E-03
  3.2200E-03  2.6200E-03  2.5200E-03  1.8900E-03  5.8400E-04
  2.2300E-04  2.0400E-04  1.7800E-04  1.2300E-04  4.0000E-05
  1.7000E-05  8.4000E-06  7.6000E-07  5.1000E-07  2.9000E-07
  4.8000E-08