  3.0100E-02  3.0100E-02  3.0000E-02  3.0000E-02  3.0000E-02
  3.0000E-02  3.0000E-02  3.0000E-02  3.0000E-02  3.0000E-02
  3.0000E-02  2.9900E-02  2.9900E-02  2.9800E-02  2.9800E-02
  2.9700E-02  2.9600E-02  2.9400E-02  2.9000E-02  2.8300E-02
  2.7300E-02  2.6300E-02  2.5100E-02  2.3800E-02  2.1000E-02
  1.4000E-02  8.9000E-03  3.2000E-03  1.1000E-03  1.9000E-04
  1.3000E-05
  1.1200E-01  1.1200E-01  1.1200E-01  1.1200E-01  1.1200E-01
  1.1200E-01  1.1100E-01  1.1100E-01  1.1000E-01  1.1000E-01
  1.0900E-01  1.0700E-01  1.0400E-01  1.0200E-01  9.8600E-02
  9.5300E-02  9.1700E-02  8.4100E-02  7.1800E-02  5.1600E-02
  3.4300E-02  2.1400E-02  1.2800E-02  7.5300E-03  3.3000E-03
  2.4000E-03  1.8000E-03  5.6000E-04  1.7000E-04  2.3000E-05
  1.4000E-06
  5.7100E-02  5.7100E-02  5.7100E-02  5.7100E-02  5.7100E-02
  5.7100E-02  5.7100E-02  5.7100E-02  5.7100E-02  5.7100E-02
  5.7100E-02  5.7100E-02  5.7000E-02  5.7000E-02  5.6900E-02
  5.6800E-02  5.6600E-02  5.6100E-02  5.5000E-02  5.1700E-02
  4.6700E-02  4.0700E-02  3.4300E-02  2.8200E-02  1.8000E-02
  4.8000E-03  1.3000E-03  1.3000E-04  2.0000E-05  1.1000E-06
  2.4000E-08
  3.1500E-01  3.1500E-01  3.1400E-01  3.1200E-01  3.0900E-01
  3.0200E-01  2.9300E-01  2.8200E-01  2.6800E-01  2.5300E-01
  2.3700E-01  2.0300E-01  1.6900E-01  1.3700E-01  1.0800E-01
  8.3100E-02  6.3100E-02  3.6000E-02  1.8500E-02  1.4500E-02
  1.3600E-02  1.0200E-02  6.5000E-03  3.6900E-03  1.0000E-03
  3.5000E-04  2.8000E-04  8.6000E-05  2.5000E-05  3.3000E-06
  1.9000E-07
  1.9600E-01  1.9600E-01  1.9600E-01  1.9600E-01  1.9600E-01
  1.9600E-01  1.9500E-01  1.9500E-01  1.9400E-01  1.9300E-01
  1.9000E-01  1.8400E-01  1.7500E-01  1.6300E-01  1.4900E-01
  1.3400E-01  1.1800E-01  8.7200E-02  5.0200E-02  1.6900E-02
  6.0700E-03  3.7800E-03  3.5900E-03  3.5200E-03  2.7000E-03
  8.1000E-04  2.1000E-04  2.0000E-05  3.0000E-06  1.6000E-07
  3.3000E-09
  1.8500E-01  1.8500E-01  1.8500E-01  1.8500E-01  1.8500E-01
  1.8500E-01  1.8500E-01  1.8400E-01  1.8300E-01  1.8100E-01
  1.7900E-01  1.7100E-01  1.6100E-01  1.4800E-01  1.3500E-01
  1.2200E-01  1.1000E-01  8.6900E-02  5.9900E-02  3.1400E-02
  1.6400E-02  8.6200E-03  4.5900E-03  2.4900E-03  7.8000E-04
  6.1000E-05  7.5000E-06  2.8000E-07  2.2000E-08  5.1000E-10
  3.5000E-12
  1.6400E+00  1.6000E+00  1.4800E+00  1.3100E+00  1.1000E+00
  6.8600E-01  3.7000E-01  1.7900E-01  8.1900E-02  3.9200E-02
  2.3400E-02  1.8000E-02  1.7700E-02  1.5600E-02  1.2500E-02
  9.3600E-03  6.7500E-03  3.2500E-03  1.0600E-03  4.6100E-04
  4.4300E-04  3.5100E-04  2.2900E-04  1.3100E-04  3.6000E-05
  1.1000E-05  8.4000E-06  2.6000E-06  7.7000E-07  1.0000E-07
  5.9000E-09