  1.7100E-02  1.7100E-02  1.7100E-02  1.7100E-02  1.7100E-02
  1.7100E-02  1.7100E-02  1.7100E-02  1.7100E-02  1.7100E-02
  1.7100E-02  1.7100E-02  1.7000E-02  1.7000E-02  1.7000E-02
  1.7000E-02  1.7000E-02  1.7000E-02  1.6900E-02  1.6700E-02
  1.6500E-02  1.6300E-02  1.6100E-02  1.5800E-02  1.5000E-02
  1.3000E-02  1.1000E-02  6.6000E-03  3.8000E-03  1.2000E-03
  1.7000E-04
  6.1500E-02  6.1500E-02  6.1500E-02  6.1500E-02  6.1500E-02
  6.1400E-02  6.1400E-02  6.1300E-02  6.1200E-02  6.1100E-02
  6.0900E-02  6.0600E-02  6.0200E-02  5.9700E-02  5.9100E-02
  5.8500E-02  5.7800E-02  5.6300E-02  5.3600E-02  4.8200E-02
  4.2100E-02  3.5800E-02  2.9700E-02  2.4100E-02  1.5000E-02
  3.6000E-03  1.6000E-03  1.4000E-03  8.5000E-04  2.3000E-04
  2.6000E-05
  3.0700E-02  3.0700E-02  3.0700E-02  3.0700E-02  3.0700E-02
  3.0700E-02  3.0700E-02  3.0700E-02  3.0700E-02  3.0700E-02
  3.0700E-02  3.0700E-02  3.0700E-02  3.0700E-02  3.0600E-02
  3.0600E-02  3.0600E-02  3.0600E-02  3.0500E-02  3.0300E-02
  2.9900E-02  2.9200E-02  2.8300E-02  2.7100E-02  2.4000E-02
  1.5000E-02  7.9000E-03  1.9000E-03  5.0000E-04  5.3000E-05
  2.4000E-06
  3.1900E-02  3.1900E-02  3.1900E-02  3.1900E-02  3.1900E-02
  3.1900E-02  3.1900E-02  3.1900E-02  3.1900E-02  3.1900E-02
  3.1900E-02  3.1900E-02  3.1900E-02  3.1900E-02  3.1900E-02
  3.1900E-02  3.1900E-02  3.1800E-02  3.1700E-02  3.1500E-02
  3.1000E-02  3.0200E-02  2.9100E-02  2.7700E-02  2.4000E-02
  1.5000E-02  7.4000E-03  1.7000E-03  4.0000E-04  3.5000E-05
  1.1000E-06
  1.4500E-01  1.4500E-01  1.4500E-01  1.4500E-01  1.4400E-01
  1.4400E-01  1.4300E-01  1.4200E-01  1.4000E-01  1.3800E-01
  1.3600E-01  1.3100E-01  1.2600E-01  1.2000E-01  1.1300E-01
  1.0600E-01  9.8000E-02  8.2900E-02  6.1300E-02  3.3400E-02
  1.7800E-02  1.1300E-02  9.7300E-03  9.6200E-03  8.6000E-03
  2.5000E-03  4.8000E-04  2.7000E-04  1.8000E-04  4.9000E-05
  5.1000E-06
  8.6400E-02  8.6400E-02  8.6400E-02  8.6400E-02  8.6400E-02
  8.6400E-02  8.6400E-02  8.6300E-02  8.6300E-02  8.6300E-02
  8.6300E-02  8.6100E-02  8.5900E-02  8.5600E-02  8.5000E-02
  8.4300E-02  8.3400E-02  8.0800E-02  7.4900E-02  6.0800E-02
  4.4500E-02  2.9600E-02  1.8200E-02  1.0700E-02  4.0000E-03
  2.6000E-03  1.9000E-03  4.9000E-04  1.2000E-04  1.2000E-05
  5.1000E-07
  8.8800E-02  8.8800E-02  8.8800E-02  8.8800E-02  8.8800E-02
  8.8800E-02  8.8800E-02  8.8800E-02  8.8700E-02  8.8700E-02
  8.8700E-02  8.8500E-02  8.8300E-02  8.7900E-02  8.7300E-02
  8.6400E-02  8.5400E-02  8.2500E-02  7.6000E-02  6.0700E-02
  4.3400E-02  2.8100E-02  1.6800E-02  9.6700E-03  3.8000E-03
  2.8000E-03  1.8000E-03  4.3000E-04  9.8000E-05  8.2000E-06
  2.5000E-07
  6.0000E-02  6.0000E-02  6.0000E-02  6.0000E-02  6.0000E-02
  6.0000E-02  6.0000E-02  6.0000E-02  6.0000E-02  6.0000E-02
  6.0000E-02  6.0000E-02  5.9900E-02  5.9900E-02  5.9900E-02
  5.9900E-02  5.9800E-02  5.9500E-02  5.8700E-02  5.5500E-02
  5.0000E-02  4.2600E-02  3.4800E-02  2.7400E-02  1.6000E-02
  3.4000E-03  7.6000E-04  5.4000E-05  6.3000E-06  2.3000E-07
  3.1000E-09
  6.0500E-02  6.0500E-02  6.0500E-02  6.0500E-02  6.0500E-02
  6.0500E-02  6.0500E-02  6.0500E-02  6.0500E-02  6.0500E-02
  6.0500E-02  6.0500E-02  6.0500E-02  6.0500E-02  6.0500E-02
  6.0400E-02  6.0400E-02  6.0100E-02  5.9200E-02  5.5900E-02
  5.0100E-02  4.2600E-02  3.4600E-02  2.7100E-02  1.5000E-02
  3.3000E-03  7.1000E-04  4.9000E-05  5.5000E-06  1.8000E-07
  2.0000E-09
  3.5200E-01  3.5100E-01  3.5000E-01  3.4700E-01  3.4300E-01
  3.3300E-01  3.2000E-01  3.0300E-01  2.8400E-01  2.6300E-01
  2.4000E-01  1.9500E-01  1.5200E-01  1.1500E-01  8.4600E-02
  6.1700E-02  4.5700E-02  2.9400E-02  2.4800E-02  2.2300E-02
  1.3500E-02  6.1900E-03  2.8400E-03  1.9000E-03  1.8000E-03
  6.0000E-04  1.1000E-04  4.9000E-05  3.3000E-05  8.9000E-06
  9.3000E-07
  2.3000E-01  2.3000E-01  2.3000E-01  2.3000E-01  2.3000E-01
  2.3000E-01  2.2900E-01  2.2800E-01  2.2600E-01  2.2400E-01
  2.2000E-01  2.0800E-01  1.9100E-01  1.7100E-01  1.4800E-01
  1.2500E-01  1.0300E-01  6.4100E-02  2.8200E-02  1.0000E-02
  8.9400E-03  8.0500E-03  5.8700E-03  3.6500E-03  1.1000E-03
  4.0000E-04  3.1000E-04  8.3000E-05  2.0000E-05  2.0000E-06
  8.4000E-08
  2.3700E-01  2.3700E-01  2.3700E-01  2.3700E-01  2.3700E-01
  2.3700E-01  2.3600E-01  2.3500E-01  2.3300E-01  2.3000E-01
  2.2500E-01  2.1200E-01  1.9400E-01  1.7100E-01  1.4700E-01
  1.2200E-01  9.8900E-02  6.0100E-02  2.5600E-02  9.8600E-03
  9.1500E-03  7.9400E-03  5.5300E-03  3.3100E-03  9.9000E-04
  4.2000E-04  3.0000E-04  7.2000E-05  1.6000E-05  1.4000E-06
  4.1000E-08
  2.2400E-01  2.2400E-01  2.2400E-01  2.2400E-01  2.2400E-01
  2.2400E-01  2.2400E-01  2.2300E-01  2.2200E-01  2.2000E-01
  2.1700E-01  2.0700E-01  1.9300E-01  1.7400E-01  1.5300E-01
  1.3200E-01  1.1100E-01  7.5600E-02  3.8500E-02  1.0900E-02
  3.6900E-03  2.5600E-03  2.5200E-03  2.3800E-03  1.7000E-03
  4.0000E-04  9.1000E-05  6.5000E-06  7.4000E-07  2.7000E-08
  3.6000E-10
  2.2800E-01  2.2800E-01  2.2800E-01  2.2800E-01  2.2800E-01
  2.2800E-01  2.2800E-01  2.2700E-01  2.2600E-01  2.2400E-01
  2.2000E-01  2.1000E-01  1.9400E-01  1.7400E-01  1.5300E-01
  1.3100E-01  1.1000E-01  7.3800E-02  3.7100E-02  1.0300E-02
  3.5400E-03  2.5400E-03  2.5100E-03  2.3500E-03  1.6000E-03
  3.8000E-04  8.5000E-05  5.8000E-06  6.4000E-07  2.1000E-08
  2.3000E-10
  1.4500E+00  1.4200E+00  1.3300E+00  1.2000E+00  1.0400E+00
  6.9400E-01  4.0900E-01  2.1900E-01  1.1200E-01  6.0500E-02
  3.9800E-02  3.2500E-02  3.1700E-02  2.7500E-02  2.1300E-02
  1.5200E-02  1.0200E-02  4.3200E-03  1.7900E-03  1.5600E-03
  1.0600E-03  4.9800E-04  2.1300E-04  1.2400E-04  1.1000E-04
  3.9000E-05  6.7000E-06  3.0000E-06  2.0000E-06  5.5000E-07
  5.7000E-08