  4.1800E-02  4.1800E-02  4.1800E-02  4.1800E-02  4.1800E-02
  4.1800E-02  4.1800E-02  4.1800E-02  4.1700E-02  4.1700E-02
  4.1600E-02  4.1500E-02  4.1400E-02  4.1200E-02  4.1100E-02
  4.0800E-02  4.0600E-02  4.0100E-02  3.9100E-02  3.7200E-02
  3.4900E-02  3.2400E-02  2.9700E-02  2.6900E-02  2.2000E-02
  1.1000E-02  5.5000E-03  1.3000E-03  3.8000E-04  5.0000E-05
  2.9000E-06
  1.6400E-01  1.6400E-01  1.6400E-01  1.6400E-01  1.6300E-01
  1.6200E-01  1.6100E-01  1.6000E-01  1.5800E-01  1.5500E-01
  1.5300E-01  1.4700E-01  1.4000E-01  1.3300E-01  1.2500E-01
  1.1600E-01  1.0800E-01  9.0100E-02  6.5700E-02  3.4400E-02
  1.6300E-02  7.6500E-03  4.3300E-03  3.3800E-03  3.2000E-03
  2.1000E-03  9.2000E-04  1.8000E-04  4.3000E-05  4.9000E-06
  2.6000E-07
  8.4700E-02  8.4700E-02  8.4700E-02  8.4700E-02  8.4700E-02
  8.4700E-02  8.4700E-02  8.4700E-02  8.4600E-02  8.4600E-02
  8.4600E-02  8.4400E-02  8.4200E-02  8.3800E-02  8.3300E-02
  8.2500E-02  8.1600E-02  7.9000E-02  7.3400E-02  6.0700E-02
  4.6700E-02  3.4100E-02  2.3900E-02  1.6500E-02  7.6000E-03
  1.2000E-03  2.4000E-04  1.7000E-05  2.3000E-06  1.1000E-07
  2.1000E-09
  4.7100E-01  4.7000E-01  4.6700E-01  4.6100E-01  4.5300E-01
  4.3200E-01  4.0400E-01  3.7100E-01  3.3400E-01  2.9600E-01
  2.5800E-01  1.8700E-01  1.2800E-01  8.4400E-02  5.4900E-02
  3.6900E-02  2.7100E-02  2.0800E-02  2.0200E-02  1.4500E-02
  7.1900E-03  2.9200E-03  1.1400E-03  5.6200E-04  4.1000E-04
  2.8000E-04  1.2000E-04  2.3000E-05  5.5000E-06  6.2000E-07
  3.3000E-08
  3.0400E-01  3.0400E-01  3.0400E-01  3.0400E-01  3.0400E-01
  3.0300E-01  3.0100E-01  2.9700E-01  2.9000E-01  2.8100E-01
  2.7000E-01  2.4000E-01  2.0300E-01  1.6500E-01  1.2900E-01
  9.7100E-02  7.1200E-02  3.5900E-02  1.2400E-02  4.9000E-03
  4.6900E-03  4.1300E-03  3.1600E-03  2.2500E-03  1.0000E-03
  1.6000E-04  3.0000E-05  2.1000E-06  2.7000E-07  1.3000E-08
  2.4000E-10
  3.1000E-01  3.1000E-01  3.1000E-01  3.1000E-01  3.1000E-01
  3.0900E-01  3.0700E-01  3.0300E-01  2.9400E-01  2.8200E-01
  2.6600E-01  2.2900E-01  1.9000E-01  1.5400E-01  1.2300E-01
  9.7400E-02  7.6800E-02  4.7600E-02  2.3500E-02  7.6600E-03
  2.7000E-03  1.0300E-03  4.2400E-04  1.8700E-04  4.3000E-05
  2.3000E-06  2.3000E-07  6.6000E-09  4.6000E-10  9.8000E-12
  1.5000E-13
  1.8400E+00  1.7800E+00  1.6100E+00  1.3700E+00  1.0900E+00
  5.8900E-01  2.6600E-01  1.1200E-01  5.6900E-02  4.3500E-02
  4.2200E-02  3.8900E-02  2.8900E-02  1.8500E-02  1.0800E-02
  6.0300E-03  3.3800E-03  1.4700E-03  1.2000E-03  9.4300E-04
  4.7900E-04  1.9400E-04  7.3600E-05  3.4000E-05  2.3000E-05
  1.6000E-05  7.0000E-06  1.3000E-06  3.1000E-07  3.5000E-08
  1.8000E-09