  1.6300E-02  1.6300E-02  1.6300E-02  1.6300E-02  1.6300E-02
  1.6300E-02  1.6300E-02  1.6300E-02  1.6300E-02  1.6300E-02
  1.6300E-02  1.6300E-02  1.6300E-02  1.6300E-02  1.6300E-02
  1.6200E-02  1.6200E-02  1.6200E-02  1.6100E-02  1.6000E-02
  1.5800E-02  1.5600E-02  1.5400E-02  1.5200E-02  1.5000E-02
  1.3000E-02  1.1000E-02  6.8000E-03  4.0000E-03  1.3000E-03
  2.0000E-04
  5.8600E-02  5.8600E-02  5.8600E-02  5.8600E-02  5.8600E-02
  5.8500E-02  5.8500E-02  5.8400E-02  5.8300E-02  5.8200E-02
  5.8100E-02  5.7800E-02  5.7400E-02  5.7000E-02  5.6500E-02
  5.6000E-02  5.5400E-02  5.4100E-02  5.1700E-02  4.6900E-02
  4.1500E-02  3.5800E-02  3.0200E-02  2.4900E-02  1.6000E-02
  4.2000E-03  1.6000E-03  1.4000E-03  9.1000E-04  2.7000E-04
  3.1000E-05
  2.9200E-02  2.9200E-02  2.9200E-02  2.9200E-02  2.9200E-02
  2.9200E-02  2.9200E-02  2.9200E-02  2.9200E-02  2.9200E-02
  2.9200E-02  2.9200E-02  2.9200E-02  2.9200E-02  2.9200E-02
  2.9200E-02  2.9200E-02  2.9100E-02  2.9100E-02  2.8900E-02
  2.8600E-02  2.8000E-02  2.7200E-02  2.6200E-02  2.4000E-02
  1.5000E-02  8.6000E-03  2.3000E-03  6.2000E-04  6.8000E-05
  3.2000E-06
  3.0400E-02  3.0400E-02  3.0400E-02  3.0400E-02  3.0400E-02
  3.0400E-02  3.0400E-02  3.0400E-02  3.0400E-02  3.0400E-02
  3.0400E-02  3.0400E-02  3.0400E-02  3.0400E-02  3.0400E-02
  3.0400E-02  3.0400E-02  3.0400E-02  3.0300E-02  3.0100E-02
  2.9700E-02  2.9100E-02  2.8200E-02  2.7000E-02  2.4000E-02
  1.5000E-02  8.0000E-03  1.9000E-03  4.8000E-04  4.5000E-05
  1.5000E-06
  1.3700E-01  1.3700E-01  1.3700E-01  1.3700E-01  1.3600E-01
  1.3600E-01  1.3500E-01  1.3400E-01  1.3300E-01  1.3100E-01
  1.2900E-01  1.2500E-01  1.2100E-01  1.1500E-01  1.0900E-01
  1.0300E-01  9.6400E-02  8.2900E-02  6.3100E-02  3.6300E-02
  1.9800E-02  1.2100E-02  9.6200E-03  9.2600E-03  8.7000E-03
  3.1000E-03  6.1000E-04  2.7000E-04  2.0000E-04  5.7000E-05
  6.4000E-06
  8.1400E-02  8.1400E-02  8.1400E-02  8.1400E-02  8.1400E-02
  8.1400E-02  8.1400E-02  8.1400E-02  8.1400E-02  8.1300E-02
  8.1300E-02  8.1200E-02  8.1100E-02  8.0800E-02  8.0400E-02
  7.9800E-02  7.9100E-02  7.7100E-02  7.2400E-02  6.0700E-02
  4.6300E-02  3.2300E-02  2.0900E-02  1.2800E-02  4.8000E-03
  2.6000E-03  2.0000E-03  5.9000E-04  1.6000E-04  1.6000E-05
  7.1000E-07
  8.3900E-02  8.3900E-02  8.3900E-02  8.3900E-02  8.3900E-02
  8.3900E-02  8.3900E-02  8.3800E-02  8.3800E-02  8.3800E-02
  8.3800E-02  8.3700E-02  8.3500E-02  8.3200E-02  8.2700E-02
  8.2100E-02  8.1200E-02  7.8900E-02  7.3700E-02  6.0800E-02
  4.5400E-02  3.0800E-02  1.9400E-02  1.1600E-02  4.4000E-03
  2.7000E-03  2.0000E-03  5.2000E-04  1.2000E-04  1.1000E-05
  3.4000E-07
  5.6300E-02  5.6300E-02  5.6300E-02  5.6300E-02  5.6300E-02
  5.6300E-02  5.6300E-02  5.6300E-02  5.6300E-02  5.6300E-02
  5.6300E-02  5.6300E-02  5.6300E-02  5.6300E-02  5.6300E-02
  5.6200E-02  5.6200E-02  5.6000E-02  5.5400E-02  5.3100E-02
  4.8800E-02  4.2800E-02  3.5900E-02  2.9100E-02  1.8000E-02
  4.2000E-03  9.9000E-04  7.6000E-05  9.1000E-06  3.4000E-07
  4.7000E-09
  5.6900E-02  5.6900E-02  5.6900E-02  5.6900E-02  5.6900E-02
  5.6900E-02  5.6900E-02  5.6900E-02  5.6900E-02  5.6900E-02
  5.6900E-02  5.6900E-02  5.6800E-02  5.6800E-02  5.6800E-02
  5.6800E-02  5.6700E-02  5.6600E-02  5.6000E-02  5.3600E-02
  4.9100E-02  4.2900E-02  3.5800E-02  2.8900E-02  1.7000E-02
  4.0000E-03  9.3000E-04  6.9000E-05  7.9000E-06  2.7000E-07
  3.0000E-09
  3.2200E-01  3.2200E-01  3.2000E-01  3.1800E-01  3.1600E-01
  3.0800E-01  2.9700E-01  2.8300E-01  2.6800E-01  2.5100E-01
  2.3300E-01  1.9500E-01  1.5700E-01  1.2300E-01  9.4100E-02
  7.0700E-02  5.3100E-02  3.2700E-02  2.4500E-02  2.3100E-02
  1.5900E-02  8.1800E-03  3.7800E-03  2.1600E-03  1.8000E-03
  7.8000E-04  1.5000E-04  5.1000E-05  3.8000E-05  1.1000E-05
  1.2000E-06
  2.0900E-01  2.0900E-01  2.0900E-01  2.0900E-01  2.0900E-01
  2.0900E-01  2.0800E-01  2.0800E-01  2.0700E-01  2.0500E-01
  2.0200E-01  1.9400E-01  1.8300E-01  1.6800E-01  1.5000E-01
  1.3100E-01  1.1100E-01  7.5300E-02  3.6600E-02  1.1800E-02
  8.9500E-03  8.6000E-03  6.9100E-03  4.7000E-03  1.6000E-03
  4.1000E-04  3.5000E-04  1.1000E-04  2.8000E-05  2.9000E-06
  1.2000E-07
  2.1600E-01  2.1600E-01  2.1600E-01  2.1600E-01  2.1600E-01
  2.1600E-01  2.1600E-01  2.1500E-01  2.1300E-01  2.1100E-01
  2.0800E-01  1.9900E-01  1.8600E-01  1.6900E-01  1.5000E-01
  1.2900E-01  1.0800E-01  7.1200E-02  3.3300E-02  1.1200E-02
  9.1900E-03  8.6200E-03  6.6100E-03  4.3000E-03  1.4000E-03
  4.4000E-04  3.5000E-04  9.4000E-05  2.2000E-05  1.9000E-06
  6.0000E-08
  1.9200E-01  1.9200E-01  1.9200E-01  1.9200E-01  1.9200E-01
  1.9200E-01  1.9200E-01  1.9100E-01  1.9100E-01  1.9000E-01
  1.8900E-01  1.8500E-01  1.7800E-01  1.6700E-01  1.5400E-01
  1.3900E-01  1.2300E-01  9.1300E-02  5.2500E-02  1.7200E-02
  5.6300E-03  3.0400E-03  2.7900E-03  2.7400E-03  2.1000E-03
  5.9000E-04  1.4000E-04  1.1000E-05  1.3000E-06  4.8000E-08
  6.6000E-10
  1.9300E-01  1.9300E-01  1.9300E-01  1.9300E-01  1.9300E-01
  1.9300E-01  1.9300E-01  1.9300E-01  1.9200E-01  1.9200E-01
  1.9100E-01  1.8700E-01  1.7900E-01  1.6900E-01  1.5500E-01
  1.4000E-01  1.2300E-01  9.0800E-02  5.1500E-02  1.6600E-02
  5.4200E-03  3.0200E-03  2.8100E-03  2.7500E-03  2.1000E-03
  5.7000E-04  1.4000E-04  9.9000E-06  1.1000E-06  3.8000E-08
  4.2000E-10
  1.1000E+00  1.0900E+00  1.0500E+00  9.8100E-01  8.9700E-01
  6.9700E-01  4.9500E-01  3.2600E-01  2.0200E-01  1.2200E-01
  7.5400E-02  4.2400E-02  3.8900E-02  3.8000E-02  3.3800E-02
  2.7200E-02  2.0200E-02  9.6500E-03  3.2800E-03  2.3000E-03
  1.8300E-03  9.9100E-04  4.4400E-04  2.2300E-04  1.6000E-04
  7.4000E-05  1.4000E-05  4.6000E-06  3.4000E-06  1.0000E-06
  1.1000E-07
  8.3600E-01  8.3600E-01  8.3400E-01  8.2700E-01  8.1000E-01
  7.3600E-01  6.1400E-01  4.7200E-01  3.3700E-01  2.2800E-01
  1.4800E-01  5.6700E-02  2.2200E-02  1.1700E-02  9.6300E-03
  9.5000E-03  9.2900E-03  7.4800E-03  3.9000E-03  9.5300E-04
  4.8100E-04  4.6500E-04  3.9500E-04  2.7800E-04  9.8000E-05
  2.2000E-05  1.9000E-05  5.8000E-06  1.5000E-06  1.5000E-07
  6.7000E-09