  2.1500E-02  2.1500E-02  2.1500E-02  2.1500E-02  2.1500E-02
  2.1500E-02  2.1500E-02  2.1500E-02  2.1500E-02  2.1500E-02
  2.1500E-02  2.1400E-02  2.1400E-02  2.1400E-02  2.1400E-02
  2.1300E-02  2.1300E-02  2.1200E-02  2.1100E-02  2.0800E-02
  2.0400E-02  2.0000E-02  1.9500E-02  1.9000E-02  1.8000E-02
  1.4000E-02  1.1000E-02  5.4000E-03  2.6000E-03  6.5000E-04
  7.0000E-05
  7.8500E-02  7.8500E-02  7.8500E-02  7.8500E-02  7.8400E-02
  7.8300E-02  7.8200E-02  7.8000E-02  7.7800E-02  7.7500E-02
  7.7300E-02  7.6600E-02  7.5700E-02  7.4700E-02  7.3600E-02
  7.2400E-02  7.1000E-02  6.8000E-02  6.2800E-02  5.3000E-02
  4.2800E-02  3.3200E-02  2.4900E-02  1.8000E-02  8.8000E-03
  2.1000E-03  1.8000E-03  1.2000E-03  5.3000E-04  1.1000E-04
  9.2000E-06
  3.9400E-02  3.9400E-02  3.9400E-02  3.9400E-02  3.9400E-02
  3.9400E-02  3.9400E-02  3.9400E-02  3.9400E-02  3.9400E-02
  3.9400E-02  3.9400E-02  3.9400E-02  3.9400E-02  3.9300E-02
  3.9300E-02  3.9300E-02  3.9200E-02  3.9000E-02  3.8300E-02
  3.7000E-02  3.5200E-02  3.2900E-02  3.0100E-02  2.4000E-02
  1.1000E-02  4.6000E-03  7.7000E-04  1.6000E-04  1.3000E-05
  5.1000E-07
  4.0400E-02  4.0400E-02  4.0400E-02  4.0400E-02  4.0400E-02
  4.0400E-02  4.0400E-02  4.0400E-02  4.0400E-02  4.0400E-02
  4.0400E-02  4.0400E-02  4.0400E-02  4.0400E-02  4.0400E-02
  4.0300E-02  4.0300E-02  4.0200E-02  4.0000E-02  3.9200E-02
  3.7800E-02  3.5800E-02  3.3300E-02  3.0400E-02  2.4000E-02
  1.1000E-02  4.3000E-03  6.7000E-04  1.3000E-04  9.5000E-06
  2.7000E-07
  1.9600E-01  1.9600E-01  1.9600E-01  1.9600E-01  1.9500E-01
  1.9300E-01  1.9100E-01  1.8800E-01  1.8400E-01  1.8000E-01
  1.7500E-01  1.6500E-01  1.5200E-01  1.3900E-01  1.2600E-01
  1.1200E-01  9.8400E-02  7.3800E-02  4.4800E-02  1.9200E-02
  1.2200E-02  1.1500E-02  1.1200E-02  9.7400E-03  5.6000E-03
  6.9000E-04  3.1000E-04  2.2000E-04  9.9000E-05  1.9000E-05
  1.6000E-06
  1.1800E-01  1.1800E-01  1.1800E-01  1.1800E-01  1.1800E-01
  1.1800E-01  1.1800E-01  1.1800E-01  1.1800E-01  1.1800E-01
  1.1800E-01  1.1700E-01  1.1600E-01  1.1500E-01  1.1300E-01
  1.1000E-01  1.0600E-01  9.7600E-02  8.1100E-02  5.1400E-02
  2.7900E-02  1.3700E-02  6.7800E-03  4.0300E-03  3.1000E-03
  2.3000E-03  1.0000E-03  1.6000E-04  3.3000E-05  2.6000E-06
  9.3000E-08
  1.2000E-01  1.2000E-01  1.2000E-01  1.2000E-01  1.2000E-01
  1.2000E-01  1.2000E-01  1.2000E-01  1.2000E-01  1.2000E-01
  1.2000E-01  1.1900E-01  1.1800E-01  1.1700E-01  1.1400E-01
  1.1100E-01  1.0800E-01  9.8400E-02  8.0900E-02  5.0200E-02
  2.6600E-02  1.2800E-02  6.3400E-03  3.9200E-03  3.2000E-03
  2.2000E-03  9.5000E-04  1.4000E-04  2.7000E-05  1.8000E-06
  4.9000E-08
  8.5600E-02  8.5600E-02  8.5600E-02  8.5600E-02  8.5600E-02
  8.5600E-02  8.5600E-02  8.5600E-02  8.5600E-02  8.5600E-02
  8.5600E-02  8.5600E-02  8.5500E-02  8.5300E-02  8.5000E-02
  8.4500E-02  8.3900E-02  8.1700E-02  7.6200E-02  6.2500E-02
  4.7000E-02  3.3300E-02  2.2700E-02  1.5200E-02  6.7000E-03
  9.2000E-04  1.6000E-04  8.3000E-06  8.2000E-07  2.6000E-08
  3.3000E-10
  8.6300E-02  8.6300E-02  8.6300E-02  8.6300E-02  8.6300E-02
  8.6300E-02  8.6300E-02  8.6300E-02  8.6300E-02  8.6200E-02
  8.6200E-02  8.6200E-02  8.6100E-02  8.5900E-02  8.5600E-02
  8.5100E-02  8.4400E-02  8.2200E-02  7.6600E-02  6.2600E-02
  4.6800E-02  3.3000E-02  2.2400E-02  1.5000E-02  6.5000E-03
  8.9000E-04  1.5000E-04  7.6000E-06  7.3000E-07  2.1000E-08
  2.2000E-10
  5.3300E-01  5.3100E-01  5.2600E-01  5.1800E-01  5.0600E-01
  4.7500E-01  4.3400E-01  3.8800E-01  3.3800E-01  2.8800E-01
  2.4000E-01  1.5700E-01  9.7900E-02  6.0800E-02  4.1000E-02
  3.2400E-02  2.9800E-02  2.9300E-02  2.4200E-02  1.0000E-02
  3.1900E-03  1.7200E-03  1.6400E-03  1.5400E-03  9.6000E-04
  1.1000E-04  4.2000E-05  3.1000E-05  1.4000E-05  2.6000E-06
  2.2000E-07
  3.6100E-01  3.6100E-01  3.6100E-01  3.6100E-01  3.6100E-01
  3.5900E-01  3.5400E-01  3.4600E-01  3.3300E-01  3.1600E-01
  2.9500E-01  2.4400E-01  1.8800E-01  1.3700E-01  9.4300E-02
  6.2300E-02  4.0100E-02  1.7300E-02  9.5100E-03  8.7700E-03
  5.8500E-03  2.9800E-03  1.3500E-03  6.3600E-04  3.3000E-04
  2.6000E-04  1.2000E-04  1.9000E-05  3.7000E-06  2.9000E-07
  1.1000E-08
  3.6600E-01  3.6600E-01  3.6600E-01  3.6600E-01  3.6600E-01
  3.6400E-01  3.5900E-01  3.5100E-01  3.3700E-01  3.1900E-01
  2.9700E-01  2.4300E-01  1.8600E-01  1.3400E-01  9.1000E-02
  5.9400E-02  3.7800E-02  1.6400E-02  9.6600E-03  8.8600E-03
  5.6800E-03  2.8000E-03  1.2400E-03  5.9100E-04  3.4000E-04
  2.6000E-04  1.1000E-04  1.7000E-05  3.1000E-06  2.1000E-07
  5.6000E-09
  4.5400E-01  4.5400E-01  4.5400E-01  4.5400E-01  4.5400E-01
  4.5000E-01  4.3900E-01  4.1700E-01  3.8400E-01  3.4400E-01
  3.0100E-01  2.1800E-01  1.5100E-01  1.0100E-01  6.6600E-02
  4.3200E-02  2.7700E-02  1.1200E-02  3.2600E-03  1.6000E-03
  1.5400E-03  1.2800E-03  9.4500E-04  6.5800E-04  3.0000E-04
  4.2000E-05  7.1000E-06  3.8000E-07  3.7000E-08  1.2000E-09
  1.5000E-11
  1.9000E+00  1.8300E+00  1.6400E+00  1.3700E+00  1.0700E+00
  5.4400E-01  2.3100E-01  9.9800E-02  6.2000E-02  5.6600E-02
  5.6200E-02  4.6000E-02  2.9500E-02  1.6300E-02  8.3600E-03
  4.4400E-03  2.8400E-03  2.2600E-03  2.0500E-03  9.1000E-04
  2.7600E-04  1.2900E-04  1.1900E-04  1.1300E-04  7.1000E-05
  8.3000E-06  3.1000E-06  2.2000E-06  9.8000E-07  1.9000E-07
  1.6000E-08