  4.6400E-02  4.6400E-02  4.6400E-02  4.6400E-02  4.6400E-02
  4.6300E-02  4.6300E-02  4.6300E-02  4.6200E-02  4.6200E-02
  4.6100E-02  4.6000E-02  4.5800E-02  4.5500E-02  4.5300E-02
  4.5000E-02  4.4700E-02  4.4000E-02  4.2700E-02  4.0200E-02
  3.7200E-02  3.3900E-02  3.0600E-02  2.7200E-02  2.1000E-02
  1.0000E-02  4.5000E-03  9.7000E-04  2.6000E-04  3.2000E-05
  1.8000E-06
  1.8500E-01  1.8500E-01  1.8500E-01  1.8500E-01  1.8400E-01
  1.8300E-01  1.8100E-01  1.7900E-01  1.7600E-01  1.7300E-01
  1.7000E-01  1.6200E-01  1.5200E-01  1.4200E-01  1.3100E-01
  1.2000E-01  1.0900E-01  8.7200E-02  5.8800E-02  2.6700E-02
  1.1200E-02  5.3500E-03  3.7200E-03  3.4800E-03  3.3000E-03
  1.7000E-03  6.7000E-04  1.2000E-04  2.7000E-05  2.9000E-06
  1.5000E-07
  9.6500E-02  9.6500E-02  9.6500E-02  9.6500E-02  9.6500E-02
  9.6500E-02  9.6500E-02  9.6500E-02  9.6400E-02  9.6400E-02
  9.6300E-02  9.6000E-02  9.5600E-02  9.4900E-02  9.3900E-02
  9.2600E-02  9.0900E-02  8.6600E-02  7.7800E-02  6.0000E-02
  4.2800E-02  2.8900E-02  1.9000E-02  1.2300E-02  5.2000E-03
  7.1000E-04  1.3000E-04  8.8000E-06  1.1000E-06  5.3000E-08
  9.9000E-10
  5.7000E-01  5.6800E-01  5.6200E-01  5.5200E-01  5.3900E-01
  5.0300E-01  4.5700E-01  4.0500E-01  3.4900E-01  2.9500E-01
  2.4300E-01  1.5600E-01  9.4600E-02  5.6300E-02  3.5500E-02
  2.5700E-02  2.2100E-02  2.1200E-02  1.9200E-02  1.0200E-02
  3.9000E-03  1.3300E-03  5.6200E-04  4.0100E-04  3.8000E-04
  2.0000E-04  7.8000E-05  1.3000E-05  3.0000E-06  3.2000E-07
  1.7000E-08
  3.7600E-01  3.7600E-01  3.7600E-01  3.7600E-01  3.7500E-01
  3.7300E-01  3.6700E-01  3.5700E-01  3.4200E-01  3.2200E-01
  2.9800E-01  2.4200E-01  1.8500E-01  1.3400E-01  9.3300E-02
  6.2800E-02  4.1300E-02  1.7400E-02  6.2500E-03  4.5900E-03
  4.1700E-03  3.1200E-03  2.1200E-03  1.3700E-03  5.7000E-04
  7.3000E-05  1.3000E-05  8.5000E-07  1.1000E-07  5.0000E-09
  9.0000E-11
  2.4600E+00  2.3200E+00  1.9600E+00  1.4900E+00  1.0200E+00
  3.7100E-01  1.1100E-01  4.9100E-02  4.2700E-02  4.1900E-02
  3.7300E-02  2.3300E-02  1.2300E-02  6.0400E-03  2.9500E-03
  1.5700E-03  1.0300E-03  8.2300E-04  7.7800E-04  4.3500E-04
  1.6700E-04  5.5900E-05  2.2300E-05  1.5100E-05  1.4000E-05
  7.6000E-06  2.9000E-06  4.9000E-07  1.1000E-07  1.2000E-08
  6.3000E-10