  1.2700E-02  1.2700E-02  1.2700E-02  1.2700E-02  1.2700E-02
  1.2700E-02  1.2700E-02  1.2700E-02  1.2700E-02  1.2700E-02
  1.2700E-02  1.2700E-02  1.2700E-02  1.2700E-02  1.2700E-02
  1.2700E-02  1.2600E-02  1.2600E-02  1.2600E-02  1.2500E-02
  1.2500E-02  1.2400E-02  1.2200E-02  1.2100E-02  1.2000E-02
  1.1000E-02  9.7000E-03  7.1000E-03  4.9000E-03  2.1000E-03
  4.4000E-04
  4.5200E-02  4.5200E-02  4.5200E-02  4.5200E-02  4.5200E-02
  4.5100E-02  4.5100E-02  4.5100E-02  4.5000E-02  4.5000E-02
  4.4900E-02  4.4800E-02  4.4600E-02  4.4400E-02  4.4200E-02
  4.4000E-02  4.3700E-02  4.3000E-02  4.1900E-02  3.9500E-02
  3.6700E-02  3.3600E-02  3.0200E-02  2.6800E-02  2.0000E-02
  8.1000E-03  2.8000E-03  1.1000E-03  1.0000E-03  5.0000E-04
  8.4000E-05
  2.2300E-02  2.2300E-02  2.2300E-02  2.2300E-02  2.2300E-02
  2.2300E-02  2.2300E-02  2.2300E-02  2.2300E-02  2.2300E-02
  2.2300E-02  2.2300E-02  2.2300E-02  2.2300E-02  2.2300E-02
  2.2300E-02  2.2300E-02  2.2300E-02  2.2300E-02  2.2200E-02
  2.2100E-02  2.2000E-02  2.1700E-02  2.1400E-02  2.0000E-02
  1.6000E-02  1.1000E-02  4.5000E-03  1.6000E-03  2.5000E-04
  1.5000E-05
  2.3900E-02  2.3900E-02  2.3900E-02  2.3900E-02  2.3900E-02
  2.3900E-02  2.3900E-02  2.3900E-02  2.3900E-02  2.3900E-02
  2.3900E-02  2.3900E-02  2.3900E-02  2.3900E-02  2.3900E-02
  2.3900E-02  2.3900E-02  2.3900E-02  2.3800E-02  2.3800E-02
  2.3600E-02  2.3400E-02  2.3100E-02  2.2600E-02  2.1000E-02
  1.6000E-02  1.1000E-02  3.8000E-03  1.2000E-03  1.6000E-04
  6.5000E-06
  1.0100E-01  1.0100E-01  1.0100E-01  1.0100E-01  1.0100E-01
  1.0100E-01  1.0100E-01  1.0000E-01  9.9600E-02  9.9000E-02
  9.8300E-02  9.6500E-02  9.4400E-02  9.2000E-02  8.9400E-02
  8.6400E-02  8.3300E-02  7.6400E-02  6.5300E-02  4.7000E-02
  3.1300E-02  2.0000E-02  1.3000E-02  9.3500E-03  7.5000E-03
  5.8000E-03  2.3000E-03  2.7000E-04  2.3000E-04  1.2000E-04
  1.9000E-05
  5.9900E-02  5.9900E-02  5.9900E-02  5.9900E-02  5.9900E-02
  5.9900E-02  5.9900E-02  5.9900E-02  5.9900E-02  5.9900E-02
  5.9900E-02  5.9900E-02  5.9900E-02  5.9800E-02  5.9700E-02
  5.9600E-02  5.9400E-02  5.8900E-02  5.7500E-02  5.3700E-02
  4.7700E-02  4.0200E-02  3.2200E-02  2.4500E-02  1.3000E-02
  2.5000E-03  2.1000E-03  1.2000E-03  4.6000E-04  6.7000E-05
  3.8000E-06
  6.2600E-02  6.2600E-02  6.2600E-02  6.2600E-02  6.2600E-02
  6.2600E-02  6.2600E-02  6.2600E-02  6.2600E-02  6.2600E-02
  6.2600E-02  6.2600E-02  6.2500E-02  6.2500E-02  6.2300E-02
  6.2200E-02  6.2000E-02  6.1300E-02  5.9700E-02  5.5100E-02
  4.8100E-02  3.9700E-02  3.0900E-02  2.2900E-02  1.1000E-02
  2.5000E-03  2.3000E-03  1.1000E-03  3.8000E-04  4.4000E-05
  1.7000E-06
  4.1200E-02  4.1200E-02  4.1200E-02  4.1200E-02  4.1200E-02
  4.1200E-02  4.1200E-02  4.1200E-02  4.1200E-02  4.1200E-02
  4.1200E-02  4.1200E-02  4.1200E-02  4.1200E-02  4.1200E-02
  4.1200E-02  4.1200E-02  4.1200E-02  4.1100E-02  4.0700E-02
  3.9700E-02  3.8000E-02  3.5500E-02  3.2300E-02  2.5000E-02
  9.8000E-03  3.3000E-03  3.8000E-04  5.6000E-05  2.6000E-06
  4.1000E-08
  4.1700E-02  4.1700E-02  4.1700E-02  4.1700E-02  4.1700E-02
  4.1700E-02  4.1700E-02  4.1700E-02  4.1700E-02  4.1700E-02
  4.1700E-02  4.1700E-02  4.1700E-02  4.1700E-02  4.1700E-02
  4.1700E-02  4.1700E-02  4.1700E-02  4.1600E-02  4.1200E-02
  4.0200E-02  3.8400E-02  3.5800E-02  3.2400E-02  2.5000E-02
  9.5000E-03  3.1000E-03  3.4000E-04  4.8000E-05  2.0000E-06
  2.5000E-08
  2.1700E-01  2.1700E-01  2.1700E-01  2.1600E-01  2.1500E-01
  2.1300E-01  2.0900E-01  2.0400E-01  1.9900E-01  1.9300E-01
  1.8600E-01  1.7000E-01  1.5300E-01  1.3500E-01  1.1800E-01
  1.0100E-01  8.4800E-02  5.8400E-02  3.3300E-02  2.0200E-02
  1.9600E-02  1.7300E-02  1.2500E-02  7.7000E-03  2.6000E-03
  1.6000E-03  7.2000E-04  6.9000E-05  5.2000E-05  2.7000E-05
  4.4000E-06
  1.3900E-01  1.3900E-01  1.3900E-01  1.3900E-01  1.3900E-01
  1.3900E-01  1.3900E-01  1.3900E-01  1.3900E-01  1.3800E-01
  1.3800E-01  1.3700E-01  1.3400E-01  1.3100E-01  1.2700E-01
  1.2100E-01  1.1500E-01  9.9000E-02  7.2500E-02  3.4800E-02
  1.5000E-02  8.7100E-03  7.8500E-03  7.7300E-03  5.6000E-03
  8.8000E-04  4.2000E-04  2.8000E-04  1.1000E-04  1.5000E-05
  8.6000E-07
  1.4500E-01  1.4500E-01  1.4500E-01  1.4500E-01  1.4500E-01
  1.4500E-01  1.4500E-01  1.4500E-01  1.4400E-01  1.4400E-01
  1.4400E-01  1.4200E-01  1.3900E-01  1.3600E-01  1.3000E-01
  1.2400E-01  1.1600E-01  9.8600E-02  6.9600E-02  3.1300E-02
  1.3400E-02  8.6400E-03  8.2500E-03  7.9200E-03  5.2000E-03
  7.3000E-04  4.6000E-04  2.6000E-04  8.7000E-05  1.0000E-05
  3.8000E-07
  1.1500E-01  1.1500E-01  1.1500E-01  1.1500E-01  1.1500E-01
  1.1500E-01  1.1500E-01  1.1500E-01  1.1500E-01  1.1500E-01
  1.1500E-01  1.1500E-01  1.1400E-01  1.1400E-01  1.1200E-01
  1.1100E-01  1.0800E-01  1.0100E-01  8.5200E-02  5.4100E-02
  2.8700E-02  1.3500E-02  6.4200E-03  3.7700E-03  3.0000E-03
  2.0000E-03  7.4000E-04  8.8000E-05  1.3000E-05  6.0000E-07
  9.2000E-09
  1.1600E-01  1.1600E-01  1.1600E-01  1.1600E-01  1.1600E-01
  1.1600E-01  1.1600E-01  1.1600E-01  1.1600E-01  1.1600E-01
  1.1600E-01  1.1600E-01  1.1600E-01  1.1500E-01  1.1400E-01
  1.1200E-01  1.0900E-01  1.0200E-01  8.5300E-02  5.3300E-02
  2.7800E-02  1.2900E-02  6.1000E-03  3.6500E-03  3.0000E-03
  1.9000E-03  7.0000E-04  7.8000E-05  1.1000E-05  4.5000E-07
  5.5000E-09
  1.2900E-01  1.2900E-01  1.2900E-01  1.2900E-01  1.2900E-01
  1.2900E-01  1.2900E-01  1.2900E-01  1.2900E-01  1.2900E-01
  1.2800E-01  1.2700E-01  1.2500E-01  1.2200E-01  1.1800E-01
  1.1300E-01  1.0700E-01  9.4600E-02  7.5600E-02  4.8900E-02
  3.0200E-02  1.8400E-02  1.1100E-02  6.6600E-03  2.5000E-03
  2.4000E-04  3.2000E-05  1.2000E-06  8.2000E-08  1.4000E-09
  7.8000E-12
  5.7500E-01  5.7300E-01  5.6600E-01  5.5500E-01  5.4000E-01
  5.0000E-01  4.4900E-01  3.9100E-01  3.3100E-01  2.7300E-01
  2.1900E-01  1.3400E-01  7.9700E-02  5.1400E-02  4.0000E-02
  3.7000E-02  3.6800E-02  3.4300E-02  2.2400E-02  6.5500E-03
  3.2500E-03  3.1300E-03  2.5700E-03  1.6900E-03  5.3000E-04
  2.5000E-04  1.2000E-04  1.1000E-05  7.8000E-06  4.2000E-06
  6.7000E-07
  3.9100E-01  3.9100E-01  3.9100E-01  3.9100E-01  3.9000E-01
  3.8700E-01  3.8100E-01  3.6900E-01  3.5200E-01  3.2900E-01
  3.0100E-01  2.3600E-01  1.7000E-01  1.1400E-01  7.2600E-02
  4.4800E-02  2.8100E-02  1.5300E-02  1.3600E-02  9.8700E-03
  4.3100E-03  1.6700E-03  1.0300E-03  9.8500E-04  8.1000E-04
  1.3000E-04  5.3000E-05  3.6000E-05  1.4000E-05  2.0000E-06
  1.1000E-07
  4.2000E-01  4.2000E-01  4.2000E-01  4.2000E-01  4.1900E-01
  4.1600E-01  4.0700E-01  3.9100E-01  3.6800E-01  3.3800E-01
  3.0400E-01  2.2800E-01  1.5600E-01  9.9300E-02  5.9900E-02
  3.5700E-02  2.2500E-02  1.4000E-02  1.3300E-02  8.4600E-03
  3.3000E-03  1.3200E-03  9.6500E-04  9.5000E-04  7.0000E-04
  9.7000E-05  5.4000E-05  3.1000E-05  1.0000E-05  1.2000E-06
  4.6000E-08
  2.0900E+00  2.0000E+00  1.7500E+00  1.4100E+00  1.0500E+00
  4.7200E-01  1.7800E-01  8.0800E-02  6.2600E-02  6.1800E-02
  5.8500E-02  4.0300E-02  2.1800E-02  1.0400E-02  5.1200E-03
  3.1800E-03  2.7100E-03  2.6300E-03  1.8800E-03  5.4500E-04
  2.2600E-04  2.1300E-04  1.7900E-04  1.1900E-04  3.7000E-05
  1.7000E-05  8.0000E-06  7.2000E-07  5.2000E-07  2.8000E-07
  4.5000E-08