  1.0000E-01  1.0000E-01  1.0000E-01  1.0000E-01  1.0000E-01
  9.9900E-02  9.9600E-02  9.9200E-02  9.8700E-02  9.8200E-02
  9.7500E-02  9.6000E-02  9.4200E-02  9.2200E-02  8.9900E-02
  8.7400E-02  8.4700E-02  7.8900E-02  6.9700E-02  5.4200E-02
  4.0500E-02  2.9500E-02  2.1100E-02  1.5000E-02  7.5000E-03
  1.5000E-03  4.0000E-04  4.8000E-05  9.6000E-06  9.2000E-07
  4.5000E-08
  5.0800E-01  5.0700E-01  5.0300E-01  4.9600E-01  4.8700E-01
  4.6200E-01  4.3000E-01  3.9300E-01  3.5300E-01  3.1200E-01
  2.7100E-01  1.9700E-01  1.3600E-01  9.1100E-02  5.9200E-02
  3.7800E-02  2.4100E-02  1.0700E-02  5.7900E-03  5.3900E-03
  4.5800E-03  3.3500E-03  2.2800E-03  1.5200E-03  6.7000E-04
  1.1000E-04  2.6000E-05  2.8000E-06  5.4000E-07  5.0000E-08
  2.4000E-09
  3.0700E-01  3.0700E-01  3.0700E-01  3.0700E-01  3.0600E-01
  3.0500E-01  3.0100E-01  2.9500E-01  2.8600E-01  2.7400E-01
  2.5900E-01  2.2400E-01  1.8800E-01  1.5400E-01  1.2500E-01
  9.9800E-02  7.9500E-02  5.0300E-02  2.5500E-02  8.7200E-03
  3.2400E-03  1.3000E-03  5.6300E-04  2.6000E-04  6.6000E-05
  4.4000E-06  5.7000E-07  2.8000E-08  3.0000E-09  1.3000E-10
  2.1000E-12