  1.1300E-02  1.1300E-02  1.1300E-02  1.1300E-02  1.1300E-02
  1.1300E-02  1.1300E-02  1.1300E-02  1.1300E-02  1.1300E-02
  1.1300E-02  1.1300E-02  1.1300E-02  1.1300E-02  1.1300E-02
  1.1300E-02  1.1300E-02  1.1300E-02  1.1300E-02  1.1200E-02
  1.1200E-02  1.1100E-02  1.1000E-02  1.0900E-02  1.0900E-02
  1.0000E-02  9.1000E-03  7.0000E-03  5.1000E-03  2.5000E-03
  6.0000E-04
  4.0200E-02  4.0200E-02  4.0200E-02  4.0200E-02  4.0200E-02
  4.0200E-02  4.0200E-02  4.0200E-02  4.0100E-02  4.0100E-02
  4.0000E-02  4.0000E-02  3.9800E-02  3.9700E-02  3.9500E-02
  3.9400E-02  3.9200E-02  3.8700E-02  3.7900E-02  3.6200E-02
  3.4100E-02  3.1700E-02  2.9200E-02  2.6500E-02  2.1000E-02
  1.0000E-02  4.0000E-03  1.1000E-03  9.8000E-04  6.0000E-04
  1.2000E-04
  1.9800E-02  1.9800E-02  1.9800E-02  1.9800E-02  1.9800E-02
  1.9800E-02  1.9800E-02  1.9800E-02  1.9800E-02  1.9800E-02
  1.9800E-02  1.9800E-02  1.9800E-02  1.9800E-02  1.9800E-02
  1.9800E-02  1.9800E-02  1.9800E-02  1.9800E-02  1.9700E-02
  1.9700E-02  1.9600E-02  1.9400E-02  1.9200E-02  1.9000E-02
  1.6000E-02  1.2000E-02  5.5000E-03  2.3000E-03  4.1000E-04
  2.9000E-05
  2.1500E-02  2.1500E-02  2.1500E-02  2.1500E-02  2.1500E-02
  2.1500E-02  2.1500E-02  2.1500E-02  2.1500E-02  2.1500E-02
  2.1500E-02  2.1500E-02  2.1500E-02  2.1500E-02  2.1500E-02
  2.1500E-02  2.1500E-02  2.1500E-02  2.1500E-02  2.1400E-02
  2.1400E-02  2.1200E-02  2.1000E-02  2.0700E-02  2.0000E-02
  1.6000E-02  1.2000E-02  4.8000E-03  1.7000E-03  2.5000E-04
  1.2000E-05
  8.9300E-02  8.9300E-02  8.9300E-02  8.9300E-02  8.9200E-02
  8.9000E-02  8.8800E-02  8.8500E-02  8.8100E-02  8.7700E-02
  8.7200E-02  8.6000E-02  8.4500E-02  8.2800E-02  8.0900E-02
  7.8800E-02  7.6600E-02  7.1600E-02  6.3300E-02  4.8700E-02
  3.5200E-02  2.4200E-02  1.6300E-02  1.1200E-02  7.2000E-03
  6.2000E-03  3.3000E-03  4.1000E-04  2.1000E-04  1.4000E-04
  2.9000E-05
  5.2600E-02  5.2600E-02  5.2600E-02  5.2600E-02  5.2600E-02
  5.2600E-02  5.2600E-02  5.2600E-02  5.2600E-02  5.2600E-02
  5.2600E-02  5.2600E-02  5.2600E-02  5.2600E-02  5.2500E-02
  5.2400E-02  5.2300E-02  5.2000E-02  5.1300E-02  4.9000E-02
  4.5200E-02  4.0100E-02  3.4200E-02  2.8000E-02  1.7000E-02
  3.5000E-03  1.9000E-03  1.5000E-03  6.7000E-04  1.2000E-04
  7.8000E-06
  5.5600E-02  5.5600E-02  5.5600E-02  5.5600E-02  5.5600E-02
  5.5600E-02  5.5600E-02  5.5600E-02  5.5600E-02  5.5600E-02
  5.5600E-02  5.5500E-02  5.5500E-02  5.5500E-02  5.5400E-02
  5.5300E-02  5.5200E-02  5.4800E-02  5.3900E-02  5.1000E-02
  4.6300E-02  4.0300E-02  3.3400E-02  2.6600E-02  1.5000E-02
  3.0000E-03  2.2000E-03  1.4000E-03  5.6000E-04  7.6000E-05
  3.3000E-06
  3.6200E-02  3.6200E-02  3.6200E-02  3.6200E-02  3.6200E-02
  3.6200E-02  3.6200E-02  3.6200E-02  3.6200E-02  3.6200E-02
  3.6200E-02  3.6200E-02  3.6200E-02  3.6200E-02  3.6200E-02
  3.6200E-02  3.6200E-02  3.6200E-02  3.6200E-02  3.6000E-02
  3.5500E-02  3.4600E-02  3.3200E-02  3.1200E-02  2.6000E-02
  1.2000E-02  4.9000E-03  6.9000E-04  1.1000E-04  6.1000E-06
  1.0000E-07
  3.6900E-02  3.6900E-02  3.6900E-02  3.6900E-02  3.6900E-02
  3.6900E-02  3.6900E-02  3.6900E-02  3.6900E-02  3.6900E-02
  3.6900E-02  3.6900E-02  3.6900E-02  3.6900E-02  3.6900E-02
  3.6900E-02  3.6900E-02  3.6900E-02  3.6800E-02  3.6600E-02
  3.6100E-02  3.5100E-02  3.3600E-02  3.1500E-02  2.6000E-02
  1.2000E-02  4.6000E-03  6.2000E-04  9.7000E-05  4.6000E-06
  6.1000E-08
  1.9000E-01  1.9000E-01  1.9000E-01  1.9000E-01  1.8900E-01
  1.8700E-01  1.8500E-01  1.8100E-01  1.7800E-01  1.7300E-01
  1.6900E-01  1.5800E-01  1.4500E-01  1.3200E-01  1.1800E-01
  1.0400E-01  9.1100E-02  6.7300E-02  4.0800E-02  2.0700E-02
  1.7500E-02  1.7100E-02  1.4800E-02  1.0900E-02  4.4000E-03
  1.6000E-03  1.1000E-03  1.2000E-04  4.9000E-05  3.5000E-05
  7.0000E-06
  1.2100E-01  1.2100E-01  1.2100E-01  1.2100E-01  1.2100E-01
  1.2100E-01  1.2100E-01  1.2100E-01  1.2100E-01  1.2000E-01
  1.2000E-01  1.2000E-01  1.1800E-01  1.1700E-01  1.1400E-01
  1.1100E-01  1.0700E-01  9.6800E-02  7.7900E-02  4.5300E-02
  2.2300E-02  1.1100E-02  7.5400E-03  7.0200E-03  6.5000E-03
  1.7000E-03  4.3000E-04  3.3000E-04  1.6000E-04  2.8000E-05
  1.8000E-06
  1.2800E-01  1.2800E-01  1.2800E-01  1.2800E-01  1.2800E-01
  1.2800E-01  1.2800E-01  1.2700E-01  1.2700E-01  1.2700E-01
  1.2700E-01  1.2600E-01  1.2400E-01  1.2200E-01  1.1900E-01
  1.1500E-01  1.1000E-01  9.8000E-02  7.6100E-02  4.1200E-02
  1.9100E-02  9.8700E-03  7.6000E-03  7.4500E-03  6.3000E-03
  1.3000E-03  4.5000E-04  3.3000E-04  1.3000E-04  1.8000E-05
  7.7000E-07
  9.9600E-02  9.9600E-02  9.9600E-02  9.9600E-02  9.9600E-02
  9.9600E-02  9.9600E-02  9.9600E-02  9.9600E-02  9.9600E-02
  9.9600E-02  9.9500E-02  9.9300E-02  9.9000E-02  9.8500E-02
  9.7600E-02  9.6400E-02  9.2600E-02  8.3300E-02  6.1100E-02
  3.8400E-02  2.1400E-02  1.1100E-02  5.8300E-03  2.9000E-03
  2.3000E-03  1.1000E-03  1.7000E-04  2.8000E-05  1.5000E-06
  2.4000E-08
  1.0100E-01  1.0100E-01  1.0100E-01  1.0100E-01  1.0100E-01
  1.0100E-01  1.0100E-01  1.0100E-01  1.0100E-01  1.0100E-01
  1.0100E-01  1.0100E-01  1.0100E-01  1.0100E-01  1.0000E-01
  9.9300E-02  9.8000E-02  9.3800E-02  8.3800E-02  6.0400E-02
  3.7300E-02  2.0300E-02  1.0400E-02  5.4600E-03  2.9000E-03
  2.3000E-03  1.1000E-03  1.5000E-04  2.4000E-05  1.1000E-06
  1.4000E-08
  1.0700E-01  1.0700E-01  1.0700E-01  1.0700E-01  1.0700E-01
  1.0700E-01  1.0700E-01  1.0700E-01  1.0700E-01  1.0700E-01
  1.0700E-01  1.0600E-01  1.0600E-01  1.0400E-01  1.0200E-01
  9.9300E-02  9.6100E-02  8.8600E-02  7.5900E-02  5.5100E-02
  3.8100E-02  2.5600E-02  1.6900E-02  1.1100E-02  4.7000E-03
  6.0000E-04  9.2000E-05  4.0000E-06  3.0000E-07  5.8000E-09
  3.2000E-11
  1.1000E-01  1.1000E-01  1.1000E-01  1.1000E-01  1.1000E-01
  1.1000E-01  1.1000E-01  1.1000E-01  1.1000E-01  1.1000E-01
  1.1000E-01  1.0900E-01  1.0800E-01  1.0600E-01  1.0400E-01
  1.0100E-01  9.7200E-02  8.8900E-02  7.5400E-02  5.4100E-02
  3.7000E-02  2.4700E-02  1.6300E-02  1.0600E-02  4.5000E-03
  5.6000E-04  8.5000E-05  3.5000E-06  2.6000E-07  4.6000E-09
  2.1000E-11
  5.1700E-01  5.1600E-01  5.1100E-01  5.0300E-01  4.9200E-01
  4.6200E-01  4.2400E-01  3.7900E-01  3.3100E-01  2.8300E-01
  2.3700E-01  1.5700E-01  9.8900E-02  6.2400E-02  4.2900E-02
  3.4400E-02  3.1800E-02  3.1300E-02  2.5700E-02  1.0300E-02
  3.6700E-03  2.7300E-03  2.6500E-03  2.1800E-03  9.4000E-04
  2.3000E-04  1.7000E-04  1.9000E-05  7.2000E-06  5.1000E-06
  1.0000E-06
  3.5300E-01  3.5300E-01  3.5300E-01  3.5300E-01  3.5200E-01
  3.5100E-01  3.4700E-01  3.3900E-01  3.2700E-01  3.1100E-01
  2.9100E-01  2.4200E-01  1.8800E-01  1.3800E-01  9.5400E-02
  6.3300E-02  4.1100E-02  1.8400E-02  1.1300E-02  1.0200E-02
  6.1500E-03  2.7700E-03  1.2600E-03  8.6000E-04  8.0000E-04
  2.4000E-04  5.3000E-05  4.0000E-05  1.9000E-05  3.4000E-06
  2.2000E-07
  3.8300E-01  3.8300E-01  3.8300E-01  3.8300E-01  3.8200E-01
  3.8000E-01  3.7400E-01  3.6300E-01  3.4700E-01  3.2500E-01
  2.9900E-01  2.3900E-01  1.7600E-01  1.2200E-01  8.0000E-02
  5.0500E-02  3.1600E-02  1.4900E-02  1.1200E-02  9.4200E-03
  4.9100E-03  2.0200E-03  1.0000E-03  8.1900E-04  7.6000E-04
  1.7000E-04  5.0000E-05  3.7000E-05  1.5000E-05  2.0000E-06
  8.7000E-08
  1.9700E+00  1.9000E+00  1.6900E+00  1.4000E+00  1.0800E+00
  5.2800E-01  2.1500E-01  8.9700E-02  5.5900E-02  5.1700E-02
  5.1100E-02  4.0900E-02  2.5700E-02  1.4000E-02  7.1400E-03
  3.8200E-03  2.4900E-03  2.0400E-03  1.8300E-03  7.7800E-04
  2.5100E-04  1.6500E-04  1.6100E-04  1.3500E-04  5.9000E-05
  1.4000E-05  1.0000E-05  1.2000E-06  4.3000E-07  3.1000E-07
  6.2000E-08