  9.0000E-02  9.0000E-02  8.9900E-02  8.9900E-02  8.9800E-02
  8.9700E-02  8.9500E-02  8.9200E-02  8.8800E-02  8.8400E-02
  8.8000E-02  8.6900E-02  8.5500E-02  8.4000E-02  8.2300E-02
  8.0500E-02  7.8400E-02  7.4000E-02  6.6800E-02  5.4300E-02
  4.2400E-02  3.2300E-02  2.4100E-02  1.7800E-02  9.6000E-03
  2.2000E-03  6.0000E-04  7.6000E-05  1.6000E-05  1.5000E-06
  7.6000E-08
  4.5300E-01  4.5200E-01  4.4900E-01  4.4400E-01  4.3800E-01
  4.2000E-01  3.9700E-01  3.6900E-01  3.3800E-01  3.0500E-01
  2.7200E-01  2.0900E-01  1.5500E-01  1.1000E-01  7.6700E-02
  5.2200E-02  3.5100E-02  1.5900E-02  6.5600E-03  4.9300E-03
  4.6600E-03  3.7700E-03  2.7800E-03  1.9600E-03  9.4000E-04
  1.7000E-04  4.2000E-05  4.7000E-06  9.3000E-07  8.7000E-08
  4.2000E-09
  2.7400E-01  2.7400E-01  2.7400E-01  2.7300E-01  2.7300E-01
  2.7200E-01  2.7000E-01  2.6600E-01  2.6000E-01  2.5200E-01
  2.4100E-01  2.1600E-01  1.8800E-01  1.5900E-01  1.3300E-01
  1.1000E-01  9.0600E-02  6.0700E-02  3.3200E-02  1.2600E-02
  5.0500E-03  2.1600E-03  9.8400E-04  4.7300E-04  1.3000E-04
  9.0000E-06  1.2000E-06  6.0000E-08  6.7000E-09  2.8000E-10
  4.8000E-12