  1.5300E-02  1.5300E-02  1.5300E-02  1.5300E-02  1.5300E-02
  1.5300E-02  1.5300E-02  1.5300E-02  1.5300E-02  1.5300E-02
  1.5300E-02  1.5200E-02  1.5200E-02  1.5200E-02  1.5200E-02
  1.5200E-02  1.5200E-02  1.5200E-02  1.5100E-02  1.5000E-02
  1.4900E-02  1.4700E-02  1.4500E-02  1.4300E-02  1.4000E-02
  1.2000E-02  1.0000E-02  6.9000E-03  4.3000E-03  1.5000E-03
  2.5000E-04
  5.4700E-02  5.4700E-02  5.4700E-02  5.4700E-02  5.4700E-02
  5.4600E-02  5.4600E-02  5.4500E-02  5.4400E-02  5.4400E-02
  5.4300E-02  5.4000E-02  5.3700E-02  5.3400E-02  5.3000E-02
  5.2600E-02  5.2100E-02  5.1000E-02  4.9000E-02  4.5000E-02
  4.0500E-02  3.5600E-02  3.0600E-02  2.5800E-02  1.7000E-02
  5.1000E-03  1.7000E-03  1.3000E-03  9.8000E-04  3.3000E-04
  4.1000E-05
  2.7200E-02  2.7200E-02  2.7200E-02  2.7200E-02  2.7200E-02
  2.7200E-02  2.7200E-02  2.7200E-02  2.7200E-02  2.7200E-02
  2.7200E-02  2.7200E-02  2.7200E-02  2.7200E-02  2.7200E-02
  2.7200E-02  2.7100E-02  2.7100E-02  2.7100E-02  2.7000E-02
  2.6700E-02  2.6300E-02  2.5700E-02  2.5000E-02  2.3000E-02
  1.6000E-02  9.5000E-03  2.8000E-03  8.1000E-04  9.8000E-05
  4.9000E-06
  2.8500E-02  2.8500E-02  2.8500E-02  2.8500E-02  2.8500E-02
  2.8500E-02  2.8500E-02  2.8500E-02  2.8500E-02  2.8500E-02
  2.8500E-02  2.8500E-02  2.8500E-02  2.8500E-02  2.8500E-02
  2.8500E-02  2.8500E-02  2.8500E-02  2.8400E-02  2.8300E-02
  2.8000E-02  2.7500E-02  2.6800E-02  2.5900E-02  2.3000E-02
  1.6000E-02  8.9000E-03  2.4000E-03  6.4000E-04  6.4000E-05
  2.3000E-06
  1.2600E-01  1.2600E-01  1.2600E-01  1.2600E-01  1.2600E-01
  1.2500E-01  1.2500E-01  1.2400E-01  1.2300E-01  1.2200E-01
  1.2000E-01  1.1700E-01  1.1300E-01  1.0900E-01  1.0400E-01
  9.8900E-02  9.3400E-02  8.2100E-02  6.4900E-02  4.0000E-02
  2.2900E-02  1.3700E-02  9.8300E-03  8.8300E-03  8.6000E-03
  3.9000E-03  8.9000E-04  2.6000E-04  2.1000E-04  7.2000E-05
  8.7000E-06
  7.4800E-02  7.4800E-02  7.4800E-02  7.4800E-02  7.4800E-02
  7.4800E-02  7.4800E-02  7.4800E-02  7.4800E-02  7.4800E-02
  7.4800E-02  7.4700E-02  7.4600E-02  7.4400E-02  7.4200E-02
  7.3800E-02  7.3300E-02  7.1900E-02  6.8500E-02  5.9700E-02
  4.8000E-02  3.5600E-02  2.4600E-02  1.6100E-02  6.3000E-03
  2.5000E-03  2.1000E-03  7.5000E-04  2.1000E-04  2.4000E-05
  1.1000E-06
  7.7400E-02  7.7400E-02  7.7400E-02  7.7400E-02  7.7400E-02
  7.7400E-02  7.7400E-02  7.7400E-02  7.7400E-02  7.7300E-02
  7.7300E-02  7.7200E-02  7.7100E-02  7.6900E-02  7.6600E-02
  7.6100E-02  7.5600E-02  7.3900E-02  7.0100E-02  6.0100E-02
  4.7300E-02  3.4300E-02  2.3100E-02  1.4600E-02  5.7000E-03
  2.6000E-03  2.2000E-03  6.6000E-04  1.7000E-04  1.6000E-05
  5.4000E-07
  5.1500E-02  5.1500E-02  5.1500E-02  5.1500E-02  5.1500E-02
  5.1500E-02  5.1500E-02  5.1500E-02  5.1500E-02  5.1500E-02
  5.1500E-02  5.1500E-02  5.1500E-02  5.1500E-02  5.1500E-02
  5.1500E-02  5.1500E-02  5.1400E-02  5.1100E-02  4.9600E-02
  4.6700E-02  4.2300E-02  3.6800E-02  3.0900E-02  2.0000E-02
  5.5000E-03  1.4000E-03  1.2000E-04  1.5000E-05  6.1000E-07
  8.5000E-09
  5.2100E-02  5.2100E-02  5.2100E-02  5.2100E-02  5.2100E-02
  5.2100E-02  5.2100E-02  5.2100E-02  5.2100E-02  5.2100E-02
  5.2100E-02  5.2100E-02  5.2100E-02  5.2100E-02  5.2100E-02
  5.2100E-02  5.2100E-02  5.2000E-02  5.1600E-02  5.0100E-02
  4.7000E-02  4.2400E-02  3.6800E-02  3.0800E-02  2.0000E-02
  5.3000E-03  1.3000E-03  1.1000E-04  1.3000E-05  4.8000E-07
  5.3000E-09
  2.8500E-01  2.8400E-01  2.8400E-01  2.8200E-01  2.8000E-01
  2.7500E-01  2.6700E-01  2.5700E-01  2.4600E-01  2.3300E-01
  2.2000E-01  1.9000E-01  1.6000E-01  1.3100E-01  1.0500E-01
  8.2400E-02  6.4000E-02  3.9400E-02  2.5100E-02  2.3100E-02
  1.8800E-02  1.1400E-02  5.7600E-03  2.9500E-03  1.8000E-03
  1.1000E-03  2.4000E-04  5.3000E-05  4.4000E-05  1.5000E-05
  1.8000E-06
  1.8400E-01  1.8400E-01  1.8400E-01  1.8400E-01  1.8400E-01
  1.8300E-01  1.8300E-01  1.8300E-01  1.8200E-01  1.8100E-01
  1.8000E-01  1.7500E-01  1.6800E-01  1.5900E-01  1.4700E-01
  1.3300E-01  1.1800E-01  8.7900E-02  4.9300E-02  1.6300E-02
  9.1900E-03  8.8500E-03  8.0300E-03  6.1900E-03  2.6000E-03
  4.4000E-04  4.0000E-04  1.5000E-04  4.3000E-05  4.7000E-06
  2.2000E-07
  1.9000E-01  1.9000E-01  1.9000E-01  1.9000E-01  1.9000E-01
  1.9000E-01  1.9000E-01  1.8900E-01  1.8800E-01  1.8700E-01
  1.8600E-01  1.8000E-01  1.7200E-01  1.6100E-01  1.4800E-01
  1.3300E-01  1.1700E-01  8.4600E-02  4.5600E-02  1.4900E-02
  9.3200E-03  9.1000E-03  7.9300E-03  5.8300E-03  2.3000E-03
  4.6000E-04  4.1000E-04  1.3000E-04  3.4000E-05  3.2000E-06
  1.0000E-07
  1.5900E-01  1.5900E-01  1.5900E-01  1.5900E-01  1.5900E-01
  1.5900E-01  1.5900E-01  1.5900E-01  1.5900E-01  1.5900E-01
  1.5900E-01  1.5700E-01  1.5500E-01  1.5000E-01  1.4400E-01
  1.3600E-01  1.2600E-01  1.0400E-01  6.9900E-02  2.8900E-02
  1.0300E-02  4.3800E-03  3.1300E-03  3.0400E-03  2.7000E-03
  9.5000E-04  2.5000E-04  2.1000E-05  2.7000E-06  1.0000E-07
  1.5000E-09
  1.6100E-01  1.6100E-01  1.6100E-01  1.6100E-01  1.6100E-01
  1.6100E-01  1.6100E-01  1.6100E-01  1.6100E-01  1.6100E-01
  1.6000E-01  1.5900E-01  1.5600E-01  1.5200E-01  1.4500E-01
  1.3700E-01  1.2700E-01  1.0400E-01  6.9000E-02  2.7900E-02
  9.8700E-03  4.2500E-03  3.1400E-03  3.0700E-03  2.7000E-03
  9.1000E-04  2.4000E-04  1.9000E-05  2.3000E-06  8.2000E-08
  9.3000E-10
  8.5300E-01  8.4600E-01  8.2600E-01  7.9200E-01  7.4800E-01
  6.3700E-01  5.1000E-01  3.8700E-01  2.7900E-01  1.9400E-01
  1.3100E-01  6.4500E-02  4.4100E-02  4.1300E-02  4.0900E-02
  3.8100E-02  3.2700E-02  1.9900E-02  7.2500E-03  2.9800E-03
  2.7700E-03  1.8600E-03  9.5800E-04  4.5400E-04  2.2000E-04
  1.4000E-04  3.1000E-05  6.3000E-06  5.3000E-06  1.8000E-06
  2.1000E-07
  6.0800E-01  6.0800E-01  6.0800E-01  6.0600E-01  6.0200E-01
  5.8200E-01  5.4100E-01  4.7900E-01  4.0500E-01  3.2700E-01
  2.5400E-01  1.3800E-01  6.8300E-02  3.3300E-02  1.8700E-02
  1.3900E-02  1.3000E-02  1.2600E-02  9.0200E-03  2.8600E-03
  9.5800E-04  7.6400E-04  7.3400E-04  5.9700E-04  2.6000E-04
  3.9000E-05  3.5000E-05  1.3000E-05  3.8000E-06  4.2000E-07
  1.9000E-08
  6.3700E-01  6.3700E-01  6.3700E-01  6.3500E-01  6.3000E-01
  6.0500E-01  5.5600E-01  4.8500E-01  4.0100E-01  3.1700E-01
  2.3900E-01  1.2400E-01  5.8400E-02  2.8100E-02  1.6700E-02
  1.3500E-02  1.3100E-02  1.2400E-02  8.2300E-03  2.3700E-03
  8.7200E-04  7.6700E-04  7.1100E-04  5.4800E-04  2.2000E-04
  3.9000E-05  3.5000E-05  1.1000E-05  2.9000E-06  2.7000E-07
  8.9000E-09