  3.2900E-01  3.2800E-01  3.2700E-01  3.2500E-01  3.2200E-01
  3.1500E-01  3.0500E-01  2.9300E-01  2.7900E-01  2.6300E-01
  2.4700E-01  2.1300E-01  1.8000E-01  1.4900E-01  1.2200E-01
  9.9000E-02  7.9800E-02  5.1300E-02  2.6600E-02  9.4300E-03
  3.7100E-03  1.6100E-03  7.6400E-04  3.8900E-04  1.2000E-04
  1.2000E-05  2.4000E-06  2.2000E-07  3.9000E-08  3.5000E-09
  1.8000E-10
  1.9400E+00  1.8700E+00  1.6900E+00  1.4300E+00  1.1400E+00
  6.1200E-01  2.7400E-01  1.0800E-01  4.1100E-02  1.9400E-02
  1.4100E-02  1.3400E-02  1.2000E-02  9.5800E-03  7.2400E-03
  5.3600E-03  3.9500E-03  2.1800E-03  9.6200E-04  2.9500E-04
  1.0800E-04  4.4800E-05  2.0600E-05  1.0300E-05  3.1000E-06
  3.1000E-07  5.9000E-08  5.4000E-09  9.6000E-10  8.6000E-11
  4.4000E-12