  9.4600E-03  9.4600E-03  9.4600E-03  9.4600E-03  9.4600E-03
  9.4600E-03  9.4600E-03  9.4600E-03  9.4600E-03  9.4500E-03
  9.4500E-03  9.4500E-03  9.4500E-03  9.4500E-03  9.4500E-03
  9.4400E-03  9.4400E-03  9.4300E-03  9.4200E-03  9.3900E-03
  9.3600E-03  9.3200E-03  9.2700E-03  9.2100E-03  9.1000E-03
  8.6000E-03  8.0000E-03  6.7000E-03  5.3000E-03  3.0000E-03
  8.9000E-04
  3.3600E-02  3.3600E-02  3.3600E-02  3.3600E-02  3.3600E-02
  3.3600E-02  3.3600E-02  3.3600E-02  3.3600E-02  3.3600E-02
  3.3500E-02  3.3500E-02  3.3400E-02  3.3300E-02  3.3200E-02
  3.3100E-02  3.3000E-02  3.2700E-02  3.2200E-02  3.1200E-02
  2.9900E-02  2.8400E-02  2.6800E-02  2.5000E-02  2.1000E-02
  1.2000E-02  6.1000E-03  1.4000E-03  8.3000E-04  7.0000E-04
  2.1000E-04
  1.6400E-02  1.6400E-02  1.6400E-02  1.6400E-02  1.6400E-02
  1.6400E-02  1.6400E-02  1.6400E-02  1.6400E-02  1.6400E-02
  1.6400E-02  1.6400E-02  1.6400E-02  1.6400E-02  1.6400E-02
  1.6400E-02  1.6400E-02  1.6400E-02  1.6400E-02  1.6400E-02
  1.6400E-02  1.6300E-02  1.6300E-02  1.6200E-02  1.6000E-02
  1.4000E-02  1.2000E-02  6.9000E-03  3.5000E-03  8.2000E-04
  7.5000E-05
  1.8400E-02  1.8400E-02  1.8400E-02  1.8400E-02  1.8400E-02
  1.8400E-02  1.8400E-02  1.8400E-02  1.8400E-02  1.8400E-02
  1.8400E-02  1.8400E-02  1.8400E-02  1.8400E-02  1.8400E-02
  1.8400E-02  1.8400E-02  1.8400E-02  1.8400E-02  1.8400E-02
  1.8300E-02  1.8300E-02  1.8200E-02  1.8000E-02  1.8000E-02
  1.5000E-02  1.2000E-02  6.2000E-03  2.7000E-03  4.9000E-04
  2.8000E-05
  7.4000E-02  7.4000E-02  7.3900E-02  7.3900E-02  7.3900E-02
  7.3800E-02  7.3600E-02  7.3500E-02  7.3300E-02  7.3000E-02
  7.2700E-02  7.2000E-02  7.1200E-02  7.0200E-02  6.9100E-02
  6.7800E-02  6.6500E-02  6.3400E-02  5.8200E-02  4.8500E-02
  3.8500E-02  2.9300E-02  2.1500E-02  1.5500E-02  8.5000E-03
  5.6000E-03  4.6000E-03  1.0000E-03  2.2000E-04  1.7000E-04
  5.1000E-05
  4.3400E-02  4.3400E-02  4.3400E-02  4.3400E-02  4.3400E-02
  4.3400E-02  4.3400E-02  4.3400E-02  4.3400E-02  4.3400E-02
  4.3400E-02  4.3400E-02  4.3300E-02  4.3300E-02  4.3300E-02
  4.3300E-02  4.3200E-02  4.3100E-02  4.2800E-02  4.1800E-02
  4.0100E-02  3.7400E-02  3.4100E-02  3.0200E-02  2.2000E-02
  6.5000E-03  2.0000E-03  1.5000E-03  1.0000E-03  2.5000E-04
  2.2000E-05
  4.6700E-02  4.6700E-02  4.6700E-02  4.6700E-02  4.6700E-02
  4.6700E-02  4.6700E-02  4.6700E-02  4.6700E-02  4.6700E-02
  4.6700E-02  4.6700E-02  4.6700E-02  4.6600E-02  4.6600E-02
  4.6600E-02  4.6500E-02  4.6400E-02  4.5900E-02  4.4500E-02
  4.2100E-02  3.8700E-02  3.4400E-02  2.9600E-02  2.0000E-02
  5.1000E-03  2.0000E-03  1.7000E-03  8.8000E-04  1.6000E-04
  8.6000E-06
  3.0200E-02  3.0200E-02  3.0200E-02  3.0200E-02  3.0200E-02
  3.0200E-02  3.0200E-02  3.0200E-02  3.0200E-02  3.0200E-02
  3.0200E-02  3.0200E-02  3.0200E-02  3.0200E-02  3.0200E-02
  3.0200E-02  3.0200E-02  3.0200E-02  3.0200E-02  3.0100E-02
  3.0000E-02  2.9600E-02  2.9000E-02  2.8100E-02  2.5000E-02
  1.6000E-02  7.7000E-03  1.5000E-03  3.0000E-04  2.0000E-05
  3.9000E-07
  3.0900E-02  3.0900E-02  3.0900E-02  3.0900E-02  3.0900E-02
  3.0900E-02  3.0900E-02  3.0900E-02  3.0900E-02  3.0900E-02
  3.0900E-02  3.0900E-02  3.0900E-02  3.0900E-02  3.0900E-02
  3.0900E-02  3.0900E-02  3.0900E-02  3.0900E-02  3.0900E-02
  3.0700E-02  3.0300E-02  2.9600E-02  2.8600E-02  2.6000E-02
  1.5000E-02  7.3000E-03  1.3000E-03  2.5000E-04  1.4000E-05
  2.2000E-07
  1.5300E-01  1.5300E-01  1.5300E-01  1.5300E-01  1.5200E-01
  1.5100E-01  1.5000E-01  1.4800E-01  1.4600E-01  1.4400E-01
  1.4100E-01  1.3500E-01  1.2800E-01  1.2000E-01  1.1200E-01
  1.0300E-01  9.3700E-02  7.6100E-02  5.2700E-02  2.7100E-02
  1.6900E-02  1.4900E-02  1.4800E-02  1.3600E-02  8.5000E-03
  1.6000E-03  1.4000E-03  3.6000E-04  6.2000E-05  4.1000E-05
  1.3000E-05
  9.6400E-02  9.6400E-02  9.6400E-02  9.6400E-02  9.6400E-02
  9.6400E-02  9.6400E-02  9.6400E-02  9.6400E-02  9.6300E-02
  9.6200E-02  9.6000E-02  9.5600E-02  9.5000E-02  9.4000E-02
  9.2800E-02  9.1200E-02  8.6700E-02  7.7300E-02  5.6500E-02
  3.5800E-02  2.0300E-02  1.1300E-02  7.3800E-03  6.1000E-03
  3.5000E-03  8.7000E-04  3.4000E-04  2.5000E-04  6.4000E-05
  5.4000E-06
  1.0400E-01  1.0400E-01  1.0400E-01  1.0400E-01  1.0400E-01
  1.0400E-01  1.0400E-01  1.0400E-01  1.0400E-01  1.0300E-01
  1.0300E-01  1.0300E-01  1.0200E-01  1.0200E-01  1.0000E-01
  9.8500E-02  9.6300E-02  9.0400E-02  7.8300E-02  5.3600E-02
  3.1300E-02  1.6700E-02  9.4800E-03  7.0300E-03  6.6000E-03
  2.8000E-03  6.4000E-04  4.0000E-04  2.3000E-04  4.1000E-05
  2.2000E-06
  7.8400E-02  7.8400E-02  7.8400E-02  7.8400E-02  7.8400E-02
  7.8400E-02  7.8400E-02  7.8400E-02  7.8400E-02  7.8400E-02
  7.8400E-02  7.8400E-02  7.8400E-02  7.8300E-02  7.8200E-02
  7.8000E-02  7.7700E-02  7.6700E-02  7.3600E-02  6.3700E-02
  4.9400E-02  3.4500E-02  2.2000E-02  1.3100E-02  4.7000E-03
  2.5000E-03  1.8000E-03  4.2000E-04  8.5000E-05  5.4000E-06
  1.1000E-07
  8.0300E-02  8.0300E-02  8.0300E-02  8.0300E-02  8.0300E-02
  8.0300E-02  8.0300E-02  8.0300E-02  8.0300E-02  8.0300E-02
  8.0300E-02  8.0300E-02  8.0300E-02  8.0200E-02  8.0100E-02
  7.9800E-02  7.9500E-02  7.8300E-02  7.4800E-02  6.4000E-02
  4.8700E-02  3.3300E-02  2.0800E-02  1.2200E-02  4.3000E-03
  2.5000E-03  1.7000E-03  3.7000E-04  7.1000E-05  4.0000E-06
  6.0000E-08
  6.9000E-02  6.9000E-02  6.9000E-02  6.9000E-02  6.9000E-02
  6.9000E-02  6.9000E-02  6.9000E-02  6.9000E-02  6.9000E-02
  6.9000E-02  6.9000E-02  6.9000E-02  6.9000E-02  6.8900E-02
  6.8800E-02  6.8600E-02  6.7900E-02  6.5900E-02  5.9400E-02
  5.0000E-02  3.9900E-02  3.0600E-02  2.2800E-02  1.2000E-02
  2.3000E-03  4.4000E-04  2.5000E-05  2.2000E-06  5.0000E-08
  3.1000E-10
  6.9800E-02  6.9800E-02  6.9800E-02  6.9800E-02  6.9800E-02
  6.9800E-02  6.9800E-02  6.9800E-02  6.9800E-02  6.9800E-02
  6.9800E-02  6.9800E-02  6.9800E-02  6.9800E-02  6.9700E-02
  6.9600E-02  6.9400E-02  6.8700E-02  6.6600E-02  5.9700E-02
  5.0000E-02  3.9700E-02  3.0200E-02  2.2400E-02  1.2000E-02
  2.1000E-03  4.1000E-04  2.2000E-05  1.9000E-06  3.9000E-08
  2.0000E-10
  3.7500E-01  3.7400E-01  3.7200E-01  3.6900E-01  3.6500E-01
  3.5200E-01  3.3500E-01  3.1500E-01  2.9100E-01  2.6600E-01
  2.4000E-01  1.8900E-01  1.4200E-01  1.0300E-01  7.3900E-02
  5.3400E-02  4.0500E-02  2.9800E-02  2.8400E-02  2.1600E-02
  1.0300E-02  4.3900E-03  2.9400E-03  2.8500E-03  2.2000E-03
  3.4000E-04  2.5000E-04  7.1000E-05  1.2000E-05  7.5000E-06
  2.4000E-06
  2.5000E-01  2.5000E-01  2.5000E-01  2.5000E-01  2.5000E-01
  2.5000E-01  2.4900E-01  2.4700E-01  2.4500E-01  2.4000E-01
  2.3500E-01  2.1800E-01  1.9600E-01  1.7000E-01  1.4200E-01
  1.1500E-01  8.9900E-02  5.1000E-02  2.0800E-02  1.1200E-02
  1.0600E-02  7.5800E-03  4.2400E-03  2.1500E-03  9.6000E-04
  6.4000E-04  1.6000E-04  5.3000E-05  4.0000E-05  1.0000E-05
  8.6000E-07
  2.7400E-01  2.7400E-01  2.7400E-01  2.7400E-01  2.7400E-01
  2.7300E-01  2.7200E-01  2.6900E-01  2.6500E-01  2.5900E-01
  2.5100E-01  2.2800E-01  1.9900E-01  1.6600E-01  1.3300E-01
  1.0300E-01  7.6900E-02  4.0000E-02  1.6400E-02  1.1700E-02
  1.0100E-02  6.1700E-03  3.0500E-03  1.5300E-03  9.7000E-04
  5.1000E-04  1.1000E-04  5.9000E-05  3.5000E-05  6.4000E-06
  3.3000E-07
  2.8700E-01  2.8700E-01  2.8700E-01  2.8700E-01  2.8700E-01
  2.8600E-01  2.8600E-01  2.8300E-01  2.7900E-01  2.7300E-01
  2.6300E-01  2.3700E-01  2.0400E-01  1.7000E-01  1.3700E-01
  1.0700E-01  8.2400E-02  4.5800E-02  1.7200E-02  4.3900E-03
  3.4600E-03  3.2300E-03  2.4600E-03  1.6100E-03  5.5000E-04
  1.9000E-04  1.5000E-04  3.5000E-05  7.3000E-06  4.6000E-07
  8.9000E-09
  3.0400E-01  3.0400E-01  3.0400E-01  3.0400E-01  3.0400E-01
  3.0300E-01  3.0200E-01  2.9900E-01  2.9300E-01  2.8400E-01
  2.7200E-01  2.3900E-01  2.0200E-01  1.6400E-01  1.2900E-01
  9.9500E-02  7.4900E-02  4.0200E-02  1.4500E-02  3.9200E-03
  3.3300E-03  3.0200E-03  2.2200E-03  1.4000E-03  4.6000E-04
  1.8000E-04  1.3000E-04  3.0000E-05  5.7000E-06  3.2000E-07
  4.7000E-09
  1.4500E+00  1.4100E+00  1.3200E+00  1.1900E+00  1.0300E+00
  6.8200E-01  3.9800E-01  2.1100E-01  1.0800E-01  6.1200E-02
  4.3700E-02  3.8800E-02  3.7000E-02  3.0700E-02  2.2700E-02
  1.5400E-02  9.9400E-03  4.1200E-03  2.2900E-03  2.0000E-03
  1.0400E-03  4.1300E-04  2.3200E-04  2.1500E-04  1.7000E-04
  2.6000E-05  1.9000E-05  5.4000E-06  8.9000E-07  5.6000E-07
  1.8000E-07