  1.4600E-02  1.4600E-02  1.4600E-02  1.4600E-02  1.4600E-02
  1.4600E-02  1.4600E-02  1.4600E-02  1.4600E-02  1.4600E-02
  1.4600E-02  1.4600E-02  1.4600E-02  1.4600E-02  1.4600E-02
  1.4600E-02  1.4600E-02  1.4500E-02  1.4500E-02  1.4400E-02
  1.4300E-02  1.4100E-02  1.4000E-02  1.3800E-02  1.3000E-02
  1.2000E-02  1.0000E-02  7.0000E-03  4.5000E-03  1.7000E-03
  2.9000E-04
  5.2300E-02  5.2300E-02  5.2300E-02  5.2300E-02  5.2300E-02
  5.2200E-02  5.2200E-02  5.2200E-02  5.2100E-02  5.2000E-02
  5.1900E-02  5.1700E-02  5.1500E-02  5.1200E-02  5.0800E-02
  5.0400E-02  5.0000E-02  4.9000E-02  4.7300E-02  4.3800E-02
  3.9700E-02  3.5200E-02  3.0700E-02  2.6200E-02  1.8000E-02
  5.8000E-03  1.9000E-03  1.3000E-03  1.0000E-03  3.6000E-04
  4.9000E-05
  2.5900E-02  2.5900E-02  2.5900E-02  2.5900E-02  2.5900E-02
  2.5900E-02  2.5900E-02  2.5900E-02  2.5900E-02  2.5900E-02
  2.5900E-02  2.5900E-02  2.5900E-02  2.5900E-02  2.5900E-02
  2.5900E-02  2.5900E-02  2.5900E-02  2.5900E-02  2.5800E-02
  2.5600E-02  2.5300E-02  2.4800E-02  2.4100E-02  2.2000E-02
  1.6000E-02  1.0000E-02  3.1000E-03  9.7000E-04  1.2000E-04
  6.4000E-06
  2.7300E-02  2.7300E-02  2.7300E-02  2.7300E-02  2.7300E-02
  2.7300E-02  2.7300E-02  2.7300E-02  2.7300E-02  2.7300E-02
  2.7300E-02  2.7300E-02  2.7300E-02  2.7300E-02  2.7300E-02
  2.7300E-02  2.7300E-02  2.7300E-02  2.7300E-02  2.7100E-02
  2.6900E-02  2.6500E-02  2.5900E-02  2.5100E-02  2.3000E-02
  1.6000E-02  9.4000E-03  2.7000E-03  7.5000E-04  7.9000E-05
  2.9000E-06
  1.2000E-01  1.2000E-01  1.2000E-01  1.2000E-01  1.1900E-01
  1.1900E-01  1.1800E-01  1.1800E-01  1.1700E-01  1.1600E-01
  1.1500E-01  1.1200E-01  1.0900E-01  1.0500E-01  1.0100E-01
  9.6100E-02  9.1300E-02  8.1100E-02  6.5500E-02  4.2100E-02
  2.5000E-02  1.4900E-02  1.0200E-02  8.6800E-03  8.4000E-03
  4.4000E-03  1.1000E-03  2.5000E-04  2.2000E-04  8.2000E-05
  1.0000E-05
  7.1000E-02  7.1000E-02  7.1000E-02  7.1000E-02  7.1000E-02
  7.1000E-02  7.1000E-02  7.1000E-02  7.1000E-02  7.1000E-02
  7.0900E-02  7.0900E-02  7.0800E-02  7.0700E-02  7.0500E-02
  7.0200E-02  6.9800E-02  6.8700E-02  6.6000E-02  5.8600E-02
  4.8500E-02  3.7300E-02  2.6800E-02  1.8200E-02  7.6000E-03
  2.4000E-03  2.2000E-03  8.6000E-04  2.6000E-04  3.1000E-05
  1.5000E-06
  7.3500E-02  7.3500E-02  7.3500E-02  7.3500E-02  7.3500E-02
  7.3500E-02  7.3500E-02  7.3500E-02  7.3500E-02  7.3500E-02
  7.3500E-02  7.3400E-02  7.3300E-02  7.3200E-02  7.2900E-02
  7.2600E-02  7.2100E-02  7.0800E-02  6.7700E-02  5.9300E-02
  4.8100E-02  3.6100E-02  2.5200E-02  1.6700E-02  6.7000E-03
  2.6000E-03  2.2000E-03  7.7000E-04  2.1000E-04  2.1000E-05
  7.1000E-07
  4.8800E-02  4.8800E-02  4.8800E-02  4.8800E-02  4.8800E-02
  4.8800E-02  4.8800E-02  4.8800E-02  4.8800E-02  4.8800E-02
  4.8800E-02  4.8800E-02  4.8800E-02  4.8800E-02  4.8800E-02
  4.8800E-02  4.8800E-02  4.8700E-02  4.8500E-02  4.7400E-02
  4.5200E-02  4.1600E-02  3.6900E-02  3.1700E-02  2.2000E-02
  6.4000E-03  1.8000E-03  1.6000E-04  2.1000E-05  8.6000E-07
  1.2000E-08
  4.9400E-02  4.9400E-02  4.9400E-02  4.9400E-02  4.9400E-02
  4.9400E-02  4.9400E-02  4.9400E-02  4.9400E-02  4.9400E-02
  4.9400E-02  4.9400E-02  4.9400E-02  4.9400E-02  4.9400E-02
  4.9400E-02  4.9300E-02  4.9300E-02  4.9000E-02  4.7900E-02
  4.5500E-02  4.1800E-02  3.7000E-02  3.1600E-02  2.1000E-02
  6.2000E-03  1.7000E-03  1.4000E-04  1.8000E-05  6.8000E-07
  7.7000E-09
  2.6400E-01  2.6400E-01  2.6300E-01  2.6200E-01  2.6000E-01
  2.5600E-01  2.4900E-01  2.4200E-01  2.3200E-01  2.2200E-01
  2.1100E-01  1.8600E-01  1.6000E-01  1.3400E-01  1.1000E-01
  8.8700E-02  7.0500E-02  4.4300E-02  2.6400E-02  2.2500E-02
  2.0100E-02  1.3500E-02  7.3800E-03  3.7800E-03  1.9000E-03
  1.3000E-03  3.3000E-04  5.4000E-05  4.8000E-05  1.8000E-05
  2.3000E-06
  1.7000E-01  1.7000E-01  1.7000E-01  1.7000E-01  1.7000E-01
  1.7000E-01  1.6900E-01  1.6900E-01  1.6900E-01  1.6800E-01
  1.6700E-01  1.6400E-01  1.5900E-01  1.5200E-01  1.4300E-01
  1.3200E-01  1.2000E-01  9.3400E-02  5.6900E-02  2.0400E-02
  9.8200E-03  8.7700E-03  8.4200E-03  7.0100E-03  3.4000E-03
  4.8000E-04  4.2000E-04  1.8000E-04  5.5000E-05  6.4000E-06
  3.1000E-07
  1.7600E-01  1.7600E-01  1.7600E-01  1.7600E-01  1.7600E-01
  1.7500E-01  1.7500E-01  1.7500E-01  1.7500E-01  1.7400E-01
  1.7300E-01  1.6900E-01  1.6300E-01  1.5500E-01  1.4500E-01
  1.3200E-01  1.1900E-01  9.0800E-02  5.3300E-02  1.8400E-02
  9.7100E-03  9.1400E-03  8.5000E-03  6.7400E-03  3.0000E-03
  4.9000E-04  4.4000E-04  1.6000E-04  4.4000E-05  4.3000E-06
  1.5000E-07
  1.4400E-01  1.4400E-01  1.4400E-01  1.4400E-01  1.4400E-01
  1.4400E-01  1.4400E-01  1.4400E-01  1.4400E-01  1.4400E-01
  1.4300E-01  1.4300E-01  1.4100E-01  1.3900E-01  1.3500E-01
  1.3000E-01  1.2300E-01  1.0700E-01  7.7800E-02  3.6800E-02
  1.4600E-02  5.9100E-03  3.5100E-03  3.1500E-03  3.0000E-03
  1.2000E-03  3.5000E-04  3.2000E-05  4.1000E-06  1.7000E-07
  2.4000E-09
  1.4500E-01  1.4500E-01  1.4500E-01  1.4500E-01  1.4500E-01
  1.4500E-01  1.4500E-01  1.4500E-01  1.4500E-01  1.4500E-01
  1.4500E-01  1.4400E-01  1.4300E-01  1.4000E-01  1.3600E-01
  1.3100E-01  1.2400E-01  1.0700E-01  7.7000E-02  3.5800E-02
  1.3900E-02  5.6600E-03  3.4800E-03  3.1800E-03  3.0000E-03
  1.2000E-03  3.3000E-04  2.9000E-05  3.5000E-06  1.3000E-07
  1.5000E-09
  7.2000E-01  7.1500E-01  7.0200E-01  6.8200E-01  6.5400E-01
  5.8000E-01  4.9200E-01  3.9900E-01  3.1100E-01  2.3400E-01
  1.7100E-01  8.9600E-02  5.4100E-02  4.3900E-02  4.2800E-02
  4.2200E-02  3.9300E-02  2.8000E-02  1.1900E-02  3.6600E-03
  3.3600E-03  2.5900E-03  1.4900E-03  7.3400E-04  2.8000E-04
  1.9000E-04  5.0000E-05  7.6000E-06  6.8000E-06  2.5000E-06
  3.2000E-07
  4.9800E-01  4.9800E-01  4.9800E-01  4.9700E-01  4.9600E-01
  4.8800E-01  4.7000E-01  4.3900E-01  3.9800E-01  3.4800E-01
  2.9500E-01  1.9200E-01  1.1300E-01  6.1500E-02  3.3700E-02
  2.0900E-02  1.6200E-02  1.5100E-02  1.2900E-02  5.2200E-03
  1.6300E-03  9.9900E-04  9.7600E-04  8.6700E-04  4.5000E-04
  5.6000E-05  4.8000E-05  2.1000E-05  6.3000E-06  7.4000E-07
  3.5000E-08
  5.2200E-01  5.2200E-01  5.2200E-01  5.2100E-01  5.1900E-01
  5.0900E-01  4.8700E-01  4.5100E-01  4.0200E-01  3.4600E-01
  2.8700E-01  1.7900E-01  1.0100E-01  5.3100E-02  2.9000E-02
  1.8900E-02  1.5800E-02  1.5300E-02  1.2300E-02  4.4300E-03
  1.4000E-03  9.9500E-04  9.7100E-04  8.1900E-04  3.8000E-04
  5.4000E-05  4.9000E-05  1.8000E-05  4.9000E-06  4.8000E-07
  1.6000E-08
  2.7400E+00  2.5500E+00  2.0500E+00  1.4400E+00  8.9100E-01
  2.5400E-01  8.6700E-02  7.1000E-02  6.8100E-02  5.6100E-02
  4.0700E-02  1.7200E-02  6.6600E-03  3.2200E-03  2.4800E-03
  2.4300E-03  2.3700E-03  1.8100E-03  7.9300E-04  2.0600E-04
  1.8100E-04  1.4300E-04  8.2900E-05  4.0800E-05  1.5000E-05
  1.0000E-05  2.7000E-06  4.1000E-07  3.6000E-07  1.3000E-07
  1.7000E-08