  7.6900E-03  7.6900E-03  7.6900E-03  7.6900E-03  7.6900E-03
  7.6900E-03  7.6900E-03  7.6900E-03  7.6900E-03  7.6900E-03
  7.6900E-03  7.6900E-03  7.6900E-03  7.6800E-03  7.6800E-03
  7.6800E-03  7.6800E-03  7.6800E-03  7.6700E-03  7.6500E-03
  7.6300E-03  7.6100E-03  7.5800E-03  7.5500E-03  7.5000E-03
  7.2000E-03  6.9000E-03  6.0000E-03  5.1000E-03  3.3000E-03
  1.3000E-03
  2.7500E-02  2.7500E-02  2.7500E-02  2.7500E-02  2.7500E-02
  2.7500E-02  2.7500E-02  2.7500E-02  2.7500E-02  2.7500E-02
  2.7500E-02  2.7500E-02  2.7400E-02  2.7400E-02  2.7300E-02
  2.7300E-02  2.7200E-02  2.7000E-02  2.6800E-02  2.6200E-02
  2.5400E-02  2.4600E-02  2.3600E-02  2.2500E-02  2.0000E-02
  1.4000E-02  8.4000E-03  2.4000E-03  8.5000E-04  6.5000E-04
  3.2000E-04
  1.3300E-02  1.3300E-02  1.3300E-02  1.3300E-02  1.3300E-02
  1.3300E-02  1.3300E-02  1.3300E-02  1.3300E-02  1.3300E-02
  1.3300E-02  1.3300E-02  1.3300E-02  1.3300E-02  1.3300E-02
  1.3300E-02  1.3300E-02  1.3300E-02  1.3300E-02  1.3300E-02
  1.3200E-02  1.3200E-02  1.3200E-02  1.3200E-02  1.3000E-02
  1.2000E-02  1.1000E-02  7.8000E-03  4.7000E-03  1.5000E-03
  2.0000E-04
  1.5600E-02  1.5600E-02  1.5600E-02  1.5600E-02  1.5600E-02
  1.5600E-02  1.5600E-02  1.5600E-02  1.5600E-02  1.5600E-02
  1.5600E-02  1.5600E-02  1.5600E-02  1.5600E-02  1.5600E-02
  1.5600E-02  1.5600E-02  1.5600E-02  1.5600E-02  1.5600E-02
  1.5600E-02  1.5600E-02  1.5500E-02  1.5400E-02  1.5000E-02
  1.4000E-02  1.2000E-02  7.4000E-03  3.8000E-03  8.9000E-04
  6.7000E-05
  6.0300E-02  6.0300E-02  6.0300E-02  6.0300E-02  6.0300E-02
  6.0200E-02  6.0100E-02  6.0000E-02  5.9900E-02  5.9800E-02
  5.9600E-02  5.9200E-02  5.8800E-02  5.8200E-02  5.7600E-02
  5.6900E-02  5.6200E-02  5.4400E-02  5.1400E-02  4.5400E-02
  3.8900E-02  3.2200E-02  2.5900E-02  2.0300E-02  1.2000E-02
  4.9000E-03  4.6000E-03  2.1000E-03  5.0000E-04  1.4000E-04
  8.1000E-05
  3.5200E-02  3.5200E-02  3.5200E-02  3.5200E-02  3.5200E-02
  3.5200E-02  3.5200E-02  3.5200E-02  3.5200E-02  3.5200E-02
  3.5200E-02  3.5200E-02  3.5200E-02  3.5100E-02  3.5100E-02
  3.5100E-02  3.5100E-02  3.5100E-02  3.5000E-02  3.4600E-02
  3.3800E-02  3.2700E-02  3.1100E-02  2.9100E-02  2.4000E-02
  1.1000E-02  3.7000E-03  1.3000E-03  1.2000E-03  4.7000E-04
  5.9000E-05
  3.9000E-02  3.9000E-02  3.9000E-02  3.9000E-02  3.9000E-02
  3.9000E-02  3.9000E-02  3.9000E-02  3.9000E-02  3.9000E-02
  3.9000E-02  3.9000E-02  3.9000E-02  3.9000E-02  3.9000E-02
  3.8900E-02  3.8900E-02  3.8800E-02  3.8700E-02  3.8000E-02
  3.6900E-02  3.5100E-02  3.2800E-02  2.9900E-02  2.3000E-02
  8.6000E-03  2.7000E-03  1.7000E-03  1.2000E-03  3.2000E-04
  2.2000E-05
  2.5000E-02  2.5000E-02  2.5000E-02  2.5000E-02  2.5000E-02
  2.5000E-02  2.5000E-02  2.5000E-02  2.5000E-02  2.5000E-02
  2.5000E-02  2.5000E-02  2.5000E-02  2.5000E-02  2.5000E-02
  2.5000E-02  2.5000E-02  2.5000E-02  2.5000E-02  2.5000E-02
  2.5000E-02  2.4900E-02  2.4700E-02  2.4300E-02  2.3000E-02
  1.7000E-02  1.1000E-02  2.9000E-03  7.3000E-04  6.1000E-05
  1.5000E-06
  2.5900E-02  2.5900E-02  2.5900E-02  2.5900E-02  2.5900E-02
  2.5900E-02  2.5900E-02  2.5900E-02  2.5900E-02  2.5900E-02
  2.5900E-02  2.5900E-02  2.5900E-02  2.5900E-02  2.5900E-02
  2.5900E-02  2.5900E-02  2.5900E-02  2.5900E-02  2.5800E-02
  2.5800E-02  2.5700E-02  2.5400E-02  2.5000E-02  2.4000E-02
  1.7000E-02  1.0000E-02  2.6000E-03  6.0000E-04  4.4000E-05
  8.3000E-07
  1.2000E-01  1.2000E-01  1.2000E-01  1.2000E-01  1.1900E-01
  1.1900E-01  1.1800E-01  1.1800E-01  1.1700E-01  1.1500E-01
  1.1400E-01  1.1100E-01  1.0700E-01  1.0300E-01  9.8200E-02
  9.3200E-02  8.7900E-02  7.6900E-02  6.0400E-02  3.7000E-02
  2.2000E-02  1.4900E-02  1.2700E-02  1.2500E-02  1.1000E-02
  3.2000E-03  1.2000E-03  7.9000E-04  1.9000E-04  3.8000E-05
  2.2000E-05
  7.5200E-02  7.5200E-02  7.5200E-02  7.5200E-02  7.5200E-02
  7.5200E-02  7.5200E-02  7.5200E-02  7.5200E-02  7.5200E-02
  7.5200E-02  7.5100E-02  7.5000E-02  7.4800E-02  7.4500E-02
  7.4100E-02  7.3500E-02  7.1900E-02  6.8200E-02  5.8300E-02
  4.5400E-02  3.2200E-02  2.1100E-02  1.3300E-02  6.3000E-03
  4.9000E-03  2.3000E-03  3.3000E-04  2.9000E-04  1.3000E-04
  1.6000E-05
  8.2600E-02  8.2600E-02  8.2600E-02  8.2600E-02  8.2600E-02
  8.2600E-02  8.2600E-02  8.2600E-02  8.2600E-02  8.2600E-02
  8.2500E-02  8.2400E-02  8.2200E-02  8.1900E-02  8.1400E-02
  8.0800E-02  8.0000E-02  7.7600E-02  7.2100E-02  5.8500E-02
  4.2300E-02  2.7600E-02  1.6700E-02  1.0300E-02  6.1000E-03
  4.7000E-03  1.6000E-03  3.9000E-04  3.3000E-04  9.0000E-05
  6.2000E-06
  6.1100E-02  6.1100E-02  6.1100E-02  6.1100E-02  6.1100E-02
  6.1100E-02  6.1100E-02  6.1100E-02  6.1100E-02  6.1100E-02
  6.1100E-02  6.1100E-02  6.1100E-02  6.1100E-02  6.1100E-02
  6.1000E-02  6.1000E-02  6.0800E-02  6.0000E-02  5.6900E-02
  5.0900E-02  4.2400E-02  3.2900E-02  2.3800E-02  1.1000E-02
  2.4000E-03  2.2000E-03  8.9000E-04  2.4000E-04  2.0000E-05
  4.8000E-07
  6.2800E-02  6.2800E-02  6.2800E-02  6.2800E-02  6.2800E-02
  6.2800E-02  6.2800E-02  6.2800E-02  6.2800E-02  6.2800E-02
  6.2800E-02  6.2800E-02  6.2800E-02  6.2800E-02  6.2800E-02
  6.2700E-02  6.2700E-02  6.2400E-02  6.1500E-02  5.8000E-02
  5.1200E-02  4.2000E-02  3.1900E-02  2.2700E-02  9.8000E-03
  2.5000E-03  2.3000E-03  8.1000E-04  2.0000E-04  1.4000E-05
  2.6000E-07
  4.9300E-02  4.9300E-02  4.9300E-02  4.9300E-02  4.9300E-02
  4.9300E-02  4.9300E-02  4.9300E-02  4.9300E-02  4.9300E-02
  4.9300E-02  4.9300E-02  4.9300E-02  4.9300E-02  4.9300E-02
  4.9300E-02  4.9300E-02  4.9300E-02  4.9100E-02  4.8200E-02
  4.6000E-02  4.2300E-02  3.7400E-02  3.1900E-02  2.1000E-02
  6.1000E-03  1.6000E-03  1.2000E-04  1.3000E-05  3.6000E-07
  2.6000E-09
  5.0000E-02  5.0000E-02  5.0000E-02  5.0000E-02  5.0000E-02
  5.0000E-02  5.0000E-02  5.0000E-02  5.0000E-02  5.0000E-02
  5.0000E-02  5.0000E-02  5.0000E-02  5.0000E-02  5.0000E-02
  5.0000E-02  5.0000E-02  5.0000E-02  4.9800E-02  4.8800E-02
  4.6500E-02  4.2500E-02  3.7400E-02  3.1700E-02  2.1000E-02
  5.8000E-03  1.5000E-03  1.1000E-04  1.1000E-05  2.8000E-07
  1.7000E-09
  2.5100E-01  2.5000E-01  2.5000E-01  2.4900E-01  2.4700E-01
  2.4300E-01  2.3700E-01  2.3000E-01  2.2200E-01  2.1200E-01
  2.0200E-01  1.7900E-01  1.5400E-01  1.3000E-01  1.0800E-01
  8.7500E-02  7.0200E-02  4.5400E-02  2.8800E-02  2.5700E-02
  2.2000E-02  1.3800E-02  7.1400E-03  4.0100E-03  3.1000E-03
  1.2000E-03  3.1000E-04  2.0000E-04  5.0000E-05  9.0000E-06
  5.3000E-06
  1.6400E-01  1.6400E-01  1.6400E-01  1.6400E-01  1.6400E-01
  1.6400E-01  1.6400E-01  1.6400E-01  1.6400E-01  1.6300E-01
  1.6200E-01  1.5900E-01  1.5500E-01  1.4800E-01  1.4000E-01
  1.2900E-01  1.1800E-01  9.2200E-02  5.6300E-02  2.0800E-02
  1.1900E-02  1.1500E-02  1.0300E-02  7.5500E-03  2.8000E-03
  1.1000E-03  6.2000E-04  7.8000E-05  6.4000E-05  2.9000E-05
  3.7000E-06
  1.8100E-01  1.8100E-01  1.8100E-01  1.8100E-01  1.8100E-01
  1.8100E-01  1.8100E-01  1.8100E-01  1.8000E-01  1.7900E-01
  1.7800E-01  1.7300E-01  1.6600E-01  1.5700E-01  1.4500E-01
  1.3100E-01  1.1500E-01  8.4400E-02  4.6000E-02  1.6600E-02
  1.2700E-02  1.2100E-02  9.2600E-03  5.8000E-03  1.9000E-03
  1.1000E-03  4.3000E-04  8.5000E-05  7.2000E-05  2.0000E-05
  1.4000E-06
  1.5200E-01  1.5200E-01  1.5200E-01  1.5200E-01  1.5200E-01
  1.5200E-01  1.5200E-01  1.5200E-01  1.5200E-01  1.5200E-01
  1.5200E-01  1.5100E-01  1.5000E-01  1.4700E-01  1.4200E-01
  1.3500E-01  1.2700E-01  1.0700E-01  7.2000E-02  2.8000E-02
  9.8400E-03  5.8400E-03  5.6000E-03  5.2500E-03  3.1000E-03
  4.6000E-04  3.7000E-04  1.6000E-04  4.5000E-05  3.7000E-06
  8.9000E-08
  1.5700E-01  1.5700E-01  1.5700E-01  1.5700E-01  1.5700E-01
  1.5700E-01  1.5700E-01  1.5700E-01  1.5700E-01  1.5700E-01
  1.5700E-01  1.5600E-01  1.5400E-01  1.5000E-01  1.4500E-01
  1.3800E-01  1.2800E-01  1.0600E-01  6.9000E-02  2.5300E-02
  8.8800E-03  5.8100E-03  5.6900E-03  5.1700E-03  2.9000E-03
  4.4000E-04  3.7000E-04  1.5000E-04  3.7000E-05  2.7000E-06
  4.8000E-08
  5.8500E-01  5.8200E-01  5.7500E-01  5.6200E-01  5.4500E-01
  5.0000E-01  4.4300E-01  3.7900E-01  3.1500E-01  2.5400E-01
  2.0000E-01  1.1900E-01  7.4000E-02  5.4800E-02  4.9800E-02
  4.9400E-02  4.8400E-02  3.9300E-02  1.9500E-02  5.9800E-03
  5.3700E-03  4.0600E-03  2.1900E-03  1.0700E-03  6.2000E-04
  2.6000E-04  6.3000E-05  4.1000E-05  1.0000E-05  1.8000E-06
  1.0000E-06
  4.0800E-01  4.0800E-01  4.0800E-01  4.0700E-01  4.0700E-01
  4.0300E-01  3.9500E-01  3.8100E-01  3.5900E-01  3.3100E-01
  2.9700E-01  2.2300E-01  1.5200E-01  9.6400E-02  5.8400E-02
  3.6400E-02  2.5700E-02  2.0900E-02  1.9400E-02  8.7900E-03
  2.8600E-03  1.9400E-03  1.8800E-03  1.5100E-03  5.9000E-04
  1.9000E-04  1.1000E-04  1.3000E-05  1.1000E-05  5.0000E-06
  6.2000E-07
  4.5600E-01  4.5600E-01  4.5600E-01  4.5600E-01  4.5500E-01
  4.4900E-01  4.3600E-01  4.1300E-01  3.8100E-01  3.4000E-01
  2.9500E-01  2.0200E-01  1.2500E-01  7.1900E-02  4.1800E-02
  2.7900E-02  2.3200E-02  2.2300E-02  1.7700E-02  5.7300E-03
  2.2100E-03  2.0400E-03  1.7300E-03  1.1500E-03  3.6000E-04
  1.9000E-04  7.2000E-05  1.4000E-05  1.2000E-05  3.3000E-06
  2.2000E-07
  5.3500E-01  5.3500E-01  5.3500E-01  5.3500E-01  5.3400E-01
  5.2800E-01  5.0800E-01  4.7100E-01  4.1800E-01  3.5600E-01
  2.9300E-01  1.8200E-01  1.0400E-01  5.5700E-02  2.8900E-02
  1.5500E-02  9.5300E-03  6.8100E-03  6.4600E-03  3.3500E-03
  1.1200E-03  4.8000E-04  4.1200E-04  4.0000E-04  2.5000E-04
  3.6000E-05  2.8000E-05  1.3000E-05  3.5000E-06  2.9000E-07
  6.9000E-09
  1.8600E+00  1.7900E+00  1.6000E+00  1.3300E+00  1.0300E+00
  5.1700E-01  2.2200E-01  1.0800E-01  8.1600E-02  7.9900E-02
  7.7100E-02  5.5700E-02  3.0800E-02  1.5000E-02  8.0200E-03
  5.9100E-03  5.6200E-03  5.2200E-03  2.8800E-03  7.1600E-04
  5.7800E-04  4.5800E-04  2.5100E-04  1.2000E-04  6.6000E-05
  2.8000E-05  6.7000E-06  4.4000E-06  1.1000E-06  1.9000E-07
  1.1000E-07