  1.0500E-02  1.0500E-02  1.0500E-02  1.0500E-02  1.0500E-02
  1.0500E-02  1.0500E-02  1.0500E-02  1.0500E-02  1.0500E-02
  1.0500E-02  1.0500E-02  1.0500E-02  1.0500E-02  1.0500E-02
  1.0500E-02  1.0500E-02  1.0500E-02  1.0500E-02  1.0400E-02
  1.0400E-02  1.0300E-02  1.0300E-02  1.0200E-02  1.0000E-02
  9.4000E-03  8.7000E-03  6.9000E-03  5.2000E-03  2.7000E-03
  7.1000E-04
  3.7400E-02  3.7400E-02  3.7400E-02  3.7400E-02  3.7400E-02
  3.7400E-02  3.7300E-02  3.7300E-02  3.7300E-02  3.7300E-02
  3.7200E-02  3.7200E-02  3.7100E-02  3.7000E-02  3.6800E-02
  3.6700E-02  3.6500E-02  3.6200E-02  3.5500E-02  3.4100E-02
  3.2400E-02  3.0400E-02  2.8300E-02  2.6000E-02  2.1000E-02
  1.1000E-02  4.8000E-03  1.1000E-03  9.2000E-04  6.5000E-04
  1.5000E-04
  1.8300E-02  1.8300E-02  1.8300E-02  1.8300E-02  1.8300E-02
  1.8300E-02  1.8300E-02  1.8300E-02  1.8300E-02  1.8300E-02
  1.8300E-02  1.8300E-02  1.8300E-02  1.8300E-02  1.8300E-02
  1.8300E-02  1.8300E-02  1.8300E-02  1.8300E-02  1.8300E-02
  1.8300E-02  1.8200E-02  1.8100E-02  1.7900E-02  1.7000E-02
  1.5000E-02  1.2000E-02  6.2000E-03  2.7000E-03  5.5000E-04
  4.3000E-05
  2.0100E-02  2.0100E-02  2.0100E-02  2.0100E-02  2.0100E-02
  2.0100E-02  2.0100E-02  2.0100E-02  2.0100E-02  2.0100E-02
  2.0100E-02  2.0100E-02  2.0100E-02  2.0100E-02  2.0100E-02
  2.0100E-02  2.0100E-02  2.0100E-02  2.0100E-02  2.0100E-02
  2.0000E-02  1.9900E-02  1.9800E-02  1.9600E-02  1.9000E-02
  1.6000E-02  1.2000E-02  5.4000E-03  2.1000E-03  3.3000E-04
  1.7000E-05
  8.2600E-02  8.2600E-02  8.2600E-02  8.2600E-02  8.2500E-02
  8.2400E-02  8.2200E-02  8.1900E-02  8.1600E-02  8.1300E-02
  8.0900E-02  7.9900E-02  7.8800E-02  7.7400E-02  7.5900E-02
  7.4200E-02  7.2400E-02  6.8300E-02  6.1400E-02  4.9000E-02
  3.6900E-02  2.6500E-02  1.8500E-02  1.2900E-02  7.4000E-03
  6.1000E-03  4.0000E-03  5.9000E-04  2.0000E-04  1.6000E-04
  3.7000E-05
  4.8600E-02  4.8600E-02  4.8600E-02  4.8600E-02  4.8600E-02
  4.8600E-02  4.8600E-02  4.8600E-02  4.8600E-02  4.8600E-02
  4.8600E-02  4.8600E-02  4.8500E-02  4.8500E-02  4.8500E-02
  4.8400E-02  4.8400E-02  4.8200E-02  4.7600E-02  4.6000E-02
  4.3200E-02  3.9300E-02  3.4600E-02  2.9300E-02  1.9000E-02
  4.5000E-03  1.9000E-03  1.5000E-03  8.1000E-04  1.6000E-04
  1.2000E-05
  5.1700E-02  5.1700E-02  5.1700E-02  5.1700E-02  5.1700E-02
  5.1700E-02  5.1700E-02  5.1700E-02  5.1700E-02  5.1700E-02
  5.1700E-02  5.1600E-02  5.1600E-02  5.1600E-02  5.1500E-02
  5.1500E-02  5.1400E-02  5.1100E-02  5.0400E-02  4.8300E-02
  4.4700E-02  3.9900E-02  3.4200E-02  2.8200E-02  1.7000E-02
  3.7000E-03  2.1000E-03  1.6000E-03  6.9000E-04  1.1000E-04
  5.0000E-06
  3.3600E-02  3.3600E-02  3.3600E-02  3.3600E-02  3.3600E-02
  3.3600E-02  3.3600E-02  3.3600E-02  3.3600E-02  3.3600E-02
  3.3600E-02  3.3600E-02  3.3600E-02  3.3600E-02  3.3600E-02
  3.3600E-02  3.3600E-02  3.3600E-02  3.3500E-02  3.3400E-02
  3.3100E-02  3.2500E-02  3.1500E-02  3.0000E-02  2.6000E-02
  1.4000E-02  6.0000E-03  9.7000E-04  1.7000E-04  1.0000E-05
  1.8000E-07
  3.4300E-02  3.4300E-02  3.4300E-02  3.4300E-02  3.4300E-02
  3.4300E-02  3.4300E-02  3.4300E-02  3.4300E-02  3.4300E-02
  3.4300E-02  3.4300E-02  3.4300E-02  3.4300E-02  3.4300E-02
  3.4300E-02  3.4300E-02  3.4200E-02  3.4200E-02  3.4100E-02
  3.3800E-02  3.3100E-02  3.2000E-02  3.0400E-02  2.6000E-02
  1.4000E-02  5.7000E-03  8.6000E-04  1.5000E-04  7.5000E-06
  1.1000E-07
  1.7500E-01  1.7500E-01  1.7400E-01  1.7400E-01  1.7400E-01
  1.7200E-01  1.7000E-01  1.6800E-01  1.6500E-01  1.6100E-01
  1.5800E-01  1.4900E-01  1.3900E-01  1.2800E-01  1.1600E-01
  1.0500E-01  9.3200E-02  7.1700E-02  4.5800E-02  2.2600E-02
  1.6600E-02  1.6200E-02  1.5200E-02  1.2500E-02  6.0000E-03
  1.5000E-03  1.2000E-03  1.9000E-04  4.9000E-05  3.8000E-05
  9.1000E-06
  1.1000E-01  1.1000E-01  1.1000E-01  1.1000E-01  1.1000E-01
  1.1000E-01  1.1000E-01  1.1000E-01  1.1000E-01  1.1000E-01
  1.1000E-01  1.1000E-01  1.0900E-01  1.0800E-01  1.0600E-01
  1.0400E-01  1.0100E-01  9.3500E-02  7.8800E-02  5.0800E-02
  2.7700E-02  1.4100E-02  8.3100E-03  6.7200E-03  6.5000E-03
  2.4000E-03  5.2000E-04  3.5000E-04  2.0000E-04  4.0000E-05
  2.8000E-06
  1.1800E-01  1.1800E-01  1.1800E-01  1.1800E-01  1.1800E-01
  1.1800E-01  1.1800E-01  1.1800E-01  1.1700E-01  1.1700E-01
  1.1700E-01  1.1700E-01  1.1500E-01  1.1400E-01  1.1200E-01
  1.0900E-01  1.0500E-01  9.5800E-02  7.8100E-02  4.6800E-02
  2.3700E-02  1.1900E-02  7.7700E-03  7.0400E-03  6.6000E-03
  1.8000E-03  4.7000E-04  3.6000E-04  1.7000E-04  2.6000E-05
  1.2000E-06
  9.0800E-02  9.0800E-02  9.0800E-02  9.0800E-02  9.0800E-02
  9.0800E-02  9.0800E-02  9.0800E-02  9.0800E-02  9.0800E-02
  9.0700E-02  9.0700E-02  9.0600E-02  9.0500E-02  9.0200E-02
  8.9700E-02  8.8900E-02  8.6500E-02  8.0200E-02  6.3400E-02
  4.3600E-02  2.6700E-02  1.5000E-02  8.1700E-03  3.2000E-03
  2.5000E-03  1.4000E-03  2.5000E-04  4.5000E-05  2.5000E-06
  4.4000E-08
  9.2700E-02  9.2700E-02  9.2700E-02  9.2700E-02  9.2700E-02
  9.2700E-02  9.2700E-02  9.2700E-02  9.2700E-02  9.2700E-02
  9.2700E-02  9.2700E-02  9.2600E-02  9.2400E-02  9.2000E-02
  9.1500E-02  9.0700E-02  8.8000E-02  8.1100E-02  6.3000E-02
  4.2500E-02  2.5500E-02  1.4100E-02  7.5500E-03  3.1000E-03
  2.4000E-03  1.3000E-03  2.2000E-04  3.8000E-05  1.9000E-06
  2.6000E-08
  8.9800E-02  8.9800E-02  8.9800E-02  8.9800E-02  8.9800E-02
  8.9800E-02  8.9800E-02  8.9800E-02  8.9800E-02  8.9800E-02
  8.9800E-02  8.9700E-02  8.9500E-02  8.9100E-02  8.8500E-02
  8.7500E-02  8.6200E-02  8.2400E-02  7.4700E-02  5.9100E-02
  4.4000E-02  3.1500E-02  2.2000E-02  1.5200E-02  7.1000E-03
  1.1000E-03  1.8000E-04  8.5000E-06  7.0000E-07  1.4000E-08
  8.2000E-11
  9.0700E-02  9.0700E-02  9.0700E-02  9.0700E-02  9.0700E-02
  9.0700E-02  9.0700E-02  9.0700E-02  9.0700E-02  9.0700E-02
  9.0700E-02  9.0600E-02  9.0400E-02  9.0100E-02  8.9400E-02
  8.8400E-02  8.7000E-02  8.3200E-02  7.5200E-02  5.9100E-02
  4.3700E-02  3.1100E-02  2.1600E-02  1.4800E-02  6.8000E-03
  1.0000E-03  1.7000E-04  7.7000E-06  6.0000E-07  1.1000E-08
  5.4000E-11
  4.6100E-01  4.5900E-01  4.5600E-01  4.5000E-01  4.4200E-01
  4.2000E-01  3.9200E-01  3.5800E-01  3.2100E-01  2.8300E-01
  2.4500E-01  1.7400E-01  1.1800E-01  7.7600E-02  5.2400E-02
  3.8500E-02  3.2300E-02  2.9900E-02  2.7800E-02  1.4400E-02
  5.2200E-03  2.8400E-03  2.6800E-03  2.4900E-03  1.4000E-03
  2.4000E-04  2.0000E-04  3.2000E-05  7.7000E-06  6.0000E-06
  1.4000E-06
  3.1400E-01  3.1400E-01  3.1400E-01  3.1400E-01  3.1400E-01
  3.1300E-01  3.1100E-01  3.0600E-01  2.9900E-01  2.8800E-01
  2.7500E-01  2.4000E-01  1.9800E-01  1.5600E-01  1.1600E-01
  8.3400E-02  5.7800E-02  2.6800E-02  1.2100E-02  1.0600E-02
  7.8400E-03  4.1600E-03  1.9200E-03  1.0400E-03  8.2000E-04
  3.6000E-04  7.3000E-05  4.4000E-05  2.5000E-05  5.2000E-06
  3.7000E-07
  3.3800E-01  3.3800E-01  3.3800E-01  3.3800E-01  3.3800E-01
  3.3600E-01  3.3300E-01  3.2700E-01  3.1700E-01  3.0300E-01
  2.8600E-01  2.4200E-01  1.9300E-01  1.4500E-01  1.0300E-01
  7.0400E-02  4.6700E-02  2.1000E-02  1.1600E-02  1.0600E-02
  6.7500E-03  3.1500E-03  1.4200E-03  9.0900E-04  8.3000E-04
  2.7000E-04  6.0000E-05  4.5000E-05  2.1000E-05  3.2000E-06
  1.5000E-07
  4.2300E-01  4.2300E-01  4.2300E-01  4.2300E-01  4.2300E-01
  4.2000E-01  4.1200E-01  3.9600E-01  3.7100E-01  3.3900E-01
  3.0200E-01  2.2900E-01  1.6500E-01  1.1500E-01  7.7900E-02
  5.1900E-02  3.4000E-02  1.4200E-02  4.2400E-03  2.2400E-03
  2.1000E-03  1.5400E-03  9.3700E-04  5.1500E-04  1.6000E-04
  1.0000E-04  6.3000E-05  1.1000E-05  2.1000E-06  1.1000E-07
  2.0000E-09
  1.6800E+00  1.6300E+00  1.5000E+00  1.3000E+00  1.0700E+00
  6.2100E-01  3.0800E-01  1.4100E-01  7.2700E-02  5.2600E-02
  4.9600E-02  4.7200E-02  3.6600E-02  2.4000E-02  1.4100E-02
  7.8500E-03  4.5300E-03  2.4700E-03  2.3100E-03  1.3400E-03
  4.7000E-04  2.1700E-04  1.9500E-04  1.8500E-04  1.0000E-04
  1.7000E-05  1.5000E-05  2.4000E-06  5.5000E-07  4.3000E-07
  1.0000E-07