  2.7200E-02  2.7200E-02  2.7200E-02  2.7200E-02  2.7200E-02
  2.7200E-02  2.7200E-02  2.7200E-02  2.7100E-02  2.7100E-02
  2.7100E-02  2.7100E-02  2.7100E-02  2.7000E-02  2.7000E-02
  2.6900E-02  2.6800E-02  2.6700E-02  2.6400E-02  2.5900E-02
  2.5200E-02  2.4300E-02  2.3400E-02  2.2400E-02  2.0000E-02
  1.5000E-02  9.7000E-03  3.9000E-03  1.5000E-03  2.8000E-04
  2.0000E-05
  1.0100E-01  1.0100E-01  1.0100E-01  1.0000E-01  1.0000E-01
  1.0000E-01  9.9900E-02  9.9500E-02  9.9100E-02  9.8500E-02
  9.7900E-02  9.6500E-02  9.4800E-02  9.2800E-02  9.0500E-02
  8.8100E-02  8.5400E-02  7.9600E-02  7.0000E-02  5.3500E-02
  3.8300E-02  2.5900E-02  1.6700E-02  1.0500E-02  4.3000E-03
  2.3000E-03  1.9000E-03  7.4000E-04  2.5000E-04  3.6000E-05
  2.2000E-06
  5.0900E-02  5.0900E-02  5.0900E-02  5.0900E-02  5.0900E-02
  5.0900E-02  5.0900E-02  5.0900E-02  5.0900E-02  5.0900E-02
  5.0900E-02  5.0900E-02  5.0900E-02  5.0800E-02  5.0800E-02
  5.0700E-02  5.0600E-02  5.0300E-02  4.9600E-02  4.7500E-02
  4.4200E-02  3.9900E-02  3.5000E-02  2.9900E-02  2.1000E-02
  6.6000E-03  2.0000E-03  2.3000E-04  3.8000E-05  2.2000E-06
  4.8000E-08
  2.7100E-01  2.7100E-01  2.7000E-01  2.6900E-01  2.6700E-01
  2.6300E-01  2.5700E-01  2.5000E-01  2.4100E-01  2.3100E-01
  2.2000E-01  1.9500E-01  1.7000E-01  1.4400E-01  1.2000E-01
  9.7800E-02  7.8400E-02  4.8600E-02  2.4100E-02  1.3800E-02
  1.3500E-02  1.1800E-02  8.7300E-03  5.7000E-03  1.9000E-03
  3.5000E-04  3.1000E-04  1.2000E-04  3.9000E-05  5.6000E-06
  3.4000E-07
  1.6700E-01  1.6700E-01  1.6700E-01  1.6700E-01  1.6700E-01
  1.6700E-01  1.6600E-01  1.6600E-01  1.6600E-01  1.6500E-01
  1.6400E-01  1.6100E-01  1.5600E-01  1.5000E-01  1.4200E-01
  1.3200E-01  1.2100E-01  9.8000E-02  6.4800E-02  2.7000E-02
  1.0100E-02  4.7000E-03  3.5300E-03  3.4400E-03  3.1000E-03
  1.2000E-03  3.6000E-04  3.9000E-05  6.1000E-06  3.4000E-07
  7.2000E-09
  1.3300E-01  1.3300E-01  1.3300E-01  1.3300E-01  1.3300E-01
  1.3300E-01  1.3300E-01  1.3300E-01  1.3300E-01  1.3300E-01
  1.3200E-01  1.3100E-01  1.3000E-01  1.2700E-01  1.2300E-01
  1.1800E-01  1.1200E-01  9.8400E-02  7.7100E-02  4.7200E-02
  2.7600E-02  1.5900E-02  9.1300E-03  5.2900E-03  1.8000E-03
  1.7000E-04  2.3000E-05  9.3000E-07  7.7000E-08  1.9000E-09
  1.5000E-11
  1.0300E+00  1.0200E+00  9.8500E-01  9.3400E-01  8.6600E-01
  7.0200E-01  5.2700E-01  3.7100E-01  2.4600E-01  1.5600E-01
  9.7100E-02  4.1500E-02  2.7700E-02  2.6200E-02  2.5800E-02
  2.3800E-02  2.0400E-02  1.2800E-02  5.0100E-03  1.2100E-03
  9.3800E-04  8.8000E-04  6.8000E-04  4.5300E-04  1.5000E-04
  2.3000E-05  2.1000E-05  8.1000E-06  2.6000E-06  3.7000E-07
  2.2000E-08
  7.6900E-01  7.6900E-01  7.6800E-01  7.6300E-01  7.5100E-01
  6.9800E-01  6.0500E-01  4.8900E-01  3.7100E-01  2.6900E-01
  1.8700E-01  8.3700E-02  3.5100E-02  1.5000E-02  7.7500E-03
  5.6100E-03  5.2000E-03  5.0900E-03  3.9500E-03  1.7000E-03
  5.9500E-04  2.2600E-04  1.3700E-04  1.2600E-04  1.2000E-04
  4.8000E-05  1.4000E-05  1.5000E-06  2.3000E-07  1.3000E-08
  2.8000E-10