  6.4600E-03  6.4600E-03  6.4600E-03  6.4600E-03  6.4600E-03
  6.4600E-03  6.4600E-03  6.4600E-03  6.4600E-03  6.4600E-03
  6.4600E-03  6.4600E-03  6.4600E-03  6.4600E-03  6.4600E-03
  6.4600E-03  6.4600E-03  6.4600E-03  6.4500E-03  6.4400E-03
  6.4300E-03  6.4200E-03  6.4000E-03  6.3800E-03  6.3000E-03
  6.2000E-03  5.9000E-03  5.4000E-03  4.7000E-03  3.4000E-03
  1.5000E-03
  2.3400E-02  2.3400E-02  2.3400E-02  2.3400E-02  2.3400E-02
  2.3400E-02  2.3400E-02  2.3400E-02  2.3400E-02  2.3400E-02
  2.3400E-02  2.3400E-02  2.3400E-02  2.3300E-02  2.3300E-02
  2.3300E-02  2.3200E-02  2.3100E-02  2.2900E-02  2.2600E-02
  2.2100E-02  2.1600E-02  2.0900E-02  2.0200E-02  1.9000E-02
  1.4000E-02  9.7000E-03  3.6000E-03  1.2000E-03  5.4000E-04
  3.9000E-04
  1.1100E-02  1.1100E-02  1.1100E-02  1.1100E-02  1.1100E-02
  1.1100E-02  1.1100E-02  1.1100E-02  1.1100E-02  1.1100E-02
  1.1100E-02  1.1100E-02  1.1100E-02  1.1100E-02  1.1100E-02
  1.1100E-02  1.1100E-02  1.1100E-02  1.1100E-02  1.1100E-02
  1.1100E-02  1.1100E-02  1.1100E-02  1.1100E-02  1.1000E-02
  1.1000E-02  1.0000E-02  7.9000E-03  5.5000E-03  2.2000E-03
  3.8000E-04
  1.3800E-02  1.3800E-02  1.3800E-02  1.3800E-02  1.3800E-02
  1.3800E-02  1.3800E-02  1.3800E-02  1.3800E-02  1.3800E-02
  1.3800E-02  1.3800E-02  1.3800E-02  1.3800E-02  1.3800E-02
  1.3800E-02  1.3800E-02  1.3800E-02  1.3800E-02  1.3800E-02
  1.3800E-02  1.3800E-02  1.3800E-02  1.3700E-02  1.3700E-02
  1.3000E-02  1.2000E-02  7.9000E-03  4.6000E-03  1.3000E-03
  1.2000E-04
  5.1500E-02  5.1500E-02  5.1400E-02  5.1400E-02  5.1400E-02
  5.1400E-02  5.1300E-02  5.1300E-02  5.1200E-02  5.1100E-02
  5.1000E-02  5.0800E-02  5.0500E-02  5.0200E-02  4.9800E-02
  4.9300E-02  4.8800E-02  4.7700E-02  4.5800E-02  4.1800E-02
  3.7300E-02  3.2400E-02  2.7600E-02  2.2900E-02  1.5000E-02
  5.3000E-03  3.9000E-03  2.9000E-03  1.1000E-03  1.4000E-04
  9.7000E-05
  2.9800E-02  2.9800E-02  2.9800E-02  2.9800E-02  2.9800E-02
  2.9800E-02  2.9800E-02  2.9800E-02  2.9800E-02  2.9800E-02
  2.9800E-02  2.9800E-02  2.9800E-02  2.9800E-02  2.9800E-02
  2.9800E-02  2.9800E-02  2.9800E-02  2.9700E-02  2.9500E-02
  2.9200E-02  2.8600E-02  2.7800E-02  2.6700E-02  2.4000E-02
  1.4000E-02  6.2000E-03  1.3000E-03  1.1000E-03  6.5000E-04
  1.2000E-04
  3.4100E-02  3.4100E-02  3.4100E-02  3.4100E-02  3.4100E-02
  3.4100E-02  3.4100E-02  3.4100E-02  3.4100E-02  3.4100E-02
  3.4100E-02  3.4100E-02  3.4100E-02  3.4100E-02  3.4100E-02
  3.4100E-02  3.4100E-02  3.4100E-02  3.4000E-02  3.3600E-02
  3.3000E-02  3.2000E-02  3.0500E-02  2.8700E-02  2.4000E-02
  1.1000E-02  4.0000E-03  1.5000E-03  1.3000E-03  4.8000E-04
  4.3000E-05
  2.1800E-02  2.1800E-02  2.1800E-02  2.1800E-02  2.1800E-02
  2.1800E-02  2.1800E-02  2.1800E-02  2.1800E-02  2.1800E-02
  2.1800E-02  2.1800E-02  2.1800E-02  2.1800E-02  2.1800E-02
  2.1800E-02  2.1800E-02  2.1800E-02  2.1800E-02  2.1800E-02
  2.1800E-02  2.1800E-02  2.1700E-02  2.1500E-02  2.1000E-02
  1.7000E-02  1.2000E-02  4.2000E-03  1.3000E-03  1.3000E-04
  4.0000E-06
  2.2700E-02  2.2700E-02  2.2700E-02  2.2700E-02  2.2700E-02
  2.2700E-02  2.2700E-02  2.2700E-02  2.2700E-02  2.2700E-02
  2.2700E-02  2.2700E-02  2.2700E-02  2.2700E-02  2.2700E-02
  2.2700E-02  2.2700E-02  2.2700E-02  2.2700E-02  2.2700E-02
  2.2700E-02  2.2600E-02  2.2500E-02  2.2300E-02  2.2000E-02
  1.7000E-02  1.2000E-02  3.8000E-03  1.1000E-03  9.3000E-05
  2.1000E-06
  9.9900E-02  9.9900E-02  9.9900E-02  9.9800E-02  9.9700E-02
  9.9500E-02  9.9100E-02  9.8600E-02  9.8000E-02  9.7300E-02
  9.6500E-02  9.4600E-02  9.2300E-02  8.9700E-02  8.6800E-02
  8.3700E-02  8.0300E-02  7.3000E-02  6.1400E-02  4.2700E-02
  2.7900E-02  1.8200E-02  1.3200E-02  1.1200E-02  1.1000E-02
  5.7000E-03  1.6000E-03  9.9000E-04  4.2000E-04  4.2000E-05
  2.7000E-05
  6.2500E-02  6.2500E-02  6.2500E-02  6.2500E-02  6.2500E-02
  6.2500E-02  6.2500E-02  6.2500E-02  6.2500E-02  6.2500E-02
  6.2500E-02  6.2500E-02  6.2400E-02  6.2300E-02  6.2200E-02
  6.2000E-02  6.1800E-02  6.1100E-02  5.9400E-02  5.4400E-02
  4.6800E-02  3.7700E-02  2.8400E-02  2.0200E-02  9.4000E-03
  4.5000E-03  3.5000E-03  5.8000E-04  2.6000E-04  1.8000E-04
  3.4000E-05
  7.0300E-02  7.0300E-02  7.0300E-02  7.0300E-02  7.0300E-02
  7.0300E-02  7.0300E-02  7.0300E-02  7.0300E-02  7.0300E-02
  7.0300E-02  7.0200E-02  7.0200E-02  7.0000E-02  6.9800E-02
  6.9500E-02  6.9100E-02  6.7900E-02  6.5000E-02  5.7000E-02
  4.6000E-02  3.4100E-02  2.3500E-02  1.5400E-02  7.1000E-03
  5.2000E-03  2.7000E-03  4.1000E-04  3.6000E-04  1.5000E-04
  1.3000E-05
  5.1500E-02  5.1500E-02  5.1500E-02  5.1500E-02  5.1500E-02
  5.1500E-02  5.1500E-02  5.1500E-02  5.1500E-02  5.1500E-02
  5.1500E-02  5.1500E-02  5.1500E-02  5.1500E-02  5.1400E-02
  5.1400E-02  5.1400E-02  5.1300E-02  5.1100E-02  4.9900E-02
  4.7100E-02  4.2500E-02  3.6500E-02  2.9700E-02  1.7000E-02
  3.1000E-03  2.2000E-03  1.3000E-03  4.5000E-04  4.7000E-05
  1.4000E-06
  5.3200E-02  5.3200E-02  5.3200E-02  5.3200E-02  5.3200E-02
  5.3200E-02  5.3200E-02  5.3200E-02  5.3200E-02  5.3200E-02
  5.3200E-02  5.3200E-02  5.3100E-02  5.3100E-02  5.3100E-02
  5.3100E-02  5.3100E-02  5.3000E-02  5.2700E-02  5.1200E-02
  4.8000E-02  4.2800E-02  3.6100E-02  2.8800E-02  1.6000E-02
  2.9000E-03  2.3000E-03  1.2000E-03  3.8000E-04  3.4000E-05
  7.3000E-07
  4.0400E-02  4.0400E-02  4.0400E-02  4.0400E-02  4.0400E-02
  4.0400E-02  4.0400E-02  4.0400E-02  4.0400E-02  4.0400E-02
  4.0400E-02  4.0400E-02  4.0400E-02  4.0400E-02  4.0400E-02
  4.0400E-02  4.0400E-02  4.0400E-02  4.0400E-02  4.0200E-02
  3.9500E-02  3.8200E-02  3.6000E-02  3.3000E-02  2.6000E-02
  1.0000E-02  3.2000E-03  3.2000E-04  4.1000E-05  1.3000E-06
  1.1000E-08
  4.1100E-02  4.1100E-02  4.1100E-02  4.1100E-02  4.1100E-02
  4.1100E-02  4.1100E-02  4.1100E-02  4.1100E-02  4.1100E-02
  4.1100E-02  4.1100E-02  4.1100E-02  4.1100E-02  4.1100E-02
  4.1100E-02  4.1100E-02  4.1100E-02  4.1000E-02  4.0800E-02
  4.0100E-02  3.8700E-02  3.6300E-02  3.3100E-02  2.5000E-02
  9.6000E-03  3.0000E-03  2.9000E-04  3.5000E-05  1.0000E-06
  6.7000E-09
  1.9900E-01  1.9900E-01  1.9900E-01  1.9800E-01  1.9700E-01
  1.9500E-01  1.9200E-01  1.8800E-01  1.8400E-01  1.7800E-01
  1.7300E-01  1.5900E-01  1.4500E-01  1.2900E-01  1.1300E-01
  9.8100E-02  8.3800E-02  5.9600E-02  3.5800E-02  2.3000E-02
  2.2300E-02  1.9500E-02  1.3700E-02  8.2700E-03  3.4000E-03
  2.3000E-03  6.0000E-04  2.7000E-04  1.2000E-04  1.2000E-05
  7.2000E-06
  1.3000E-01  1.3000E-01  1.3000E-01  1.3000E-01  1.3000E-01
  1.3000E-01  1.3000E-01  1.3000E-01  1.3000E-01  1.3000E-01
  1.2900E-01  1.2800E-01  1.2700E-01  1.2400E-01  1.2000E-01
  1.1600E-01  1.1000E-01  9.6600E-02  7.2500E-02  3.6400E-02
  1.6800E-02  1.0900E-02  1.0400E-02  9.9700E-03  6.2000E-03
  1.1000E-03  9.8000E-04  1.8000E-04  6.3000E-05  4.6000E-05
  8.7000E-06
  1.4800E-01  1.4800E-01  1.4800E-01  1.4800E-01  1.4800E-01
  1.4700E-01  1.4700E-01  1.4700E-01  1.4700E-01  1.4700E-01
  1.4600E-01  1.4400E-01  1.4100E-01  1.3700E-01  1.3100E-01
  1.2300E-01  1.1500E-01  9.5000E-02  6.4100E-02  2.7000E-02
  1.3500E-02  1.1700E-02  1.1300E-02  9.4000E-03  4.2000E-03
  1.3000E-03  8.2000E-04  1.1000E-04  8.8000E-05  3.7000E-05
  3.3000E-06
  1.2100E-01  1.2100E-01  1.2100E-01  1.2100E-01  1.2100E-01
  1.2100E-01  1.2100E-01  1.2100E-01  1.2100E-01  1.2100E-01
  1.2100E-01  1.2100E-01  1.2100E-01  1.2000E-01  1.1800E-01
  1.1600E-01  1.1300E-01  1.0400E-01  8.4300E-02  4.7900E-02
  2.1800E-02  9.5700E-03  5.8900E-03  5.4100E-03  4.8000E-03
  1.0000E-03  4.0000E-04  2.8000E-04  1.0000E-04  1.1000E-05
  3.1000E-07
  1.2600E-01  1.2600E-01  1.2600E-01  1.2600E-01  1.2600E-01
  1.2600E-01  1.2600E-01  1.2600E-01  1.2600E-01  1.2600E-01
  1.2600E-01  1.2500E-01  1.2500E-01  1.2400E-01  1.2200E-01
  1.1900E-01  1.1500E-01  1.0500E-01  8.3200E-02  4.4900E-02
  1.9400E-02  8.5600E-03  5.7800E-03  5.5500E-03  4.7000E-03
  8.8000E-04  4.2000E-04  2.6000E-04  8.4000E-05  7.5000E-06
  1.6000E-07
  1.4400E-01  1.4400E-01  1.4400E-01  1.4400E-01  1.4400E-01
  1.4400E-01  1.4400E-01  1.4400E-01  1.4400E-01  1.4400E-01
  1.4400E-01  1.4200E-01  1.4000E-01  1.3700E-01  1.3200E-01
  1.2600E-01  1.1800E-01  1.0200E-01  7.6500E-02  4.1300E-02
  1.9600E-02  8.5600E-03  3.8200E-03  2.1500E-03  1.7000E-03
  1.1000E-03  4.1000E-04  4.4000E-05  5.6000E-06  1.9000E-07
  1.5000E-09
  1.5100E-01  1.5100E-01  1.5100E-01  1.5100E-01  1.5100E-01
  1.5100E-01  1.5100E-01  1.5100E-01  1.5100E-01  1.5100E-01
  1.5000E-01  1.4900E-01  1.4500E-01  1.4100E-01  1.3400E-01
  1.2700E-01  1.1800E-01  1.0000E-01  7.3600E-02  3.8600E-02
  1.7800E-02  7.6400E-03  3.4200E-03  2.0000E-03  1.6000E-03
  1.0000E-03  3.7000E-04  3.8000E-05  4.6000E-06  1.4000E-07
  9.1000E-10
  4.8500E-01  4.8400E-01  4.7900E-01  4.7200E-01  4.6200E-01
  4.3500E-01  4.0000E-01  3.5900E-01  3.1600E-01  2.7100E-01
  2.2900E-01  1.5400E-01  1.0000E-01  6.6000E-02  4.8200E-02
  4.0800E-02  3.8800E-02  3.8300E-02  2.9900E-02  1.1000E-02
  4.9500E-03  4.6200E-03  3.9400E-03  2.6000E-03  8.5000E-04
  5.0000E-04  1.3000E-04  5.5000E-05  2.5000E-05  2.3000E-06
  1.4000E-06
  3.3100E-01  3.3100E-01  3.3100E-01  3.3100E-01  3.3100E-01
  3.2900E-01  3.2600E-01  3.2000E-01  3.1100E-01  2.9700E-01
  2.8000E-01  2.3700E-01  1.8800E-01  1.4000E-01  9.8800E-02
  6.6900E-02  4.4500E-02  2.2200E-02  1.6300E-02  1.3900E-02
  7.0100E-03  2.8900E-03  1.8100E-03  1.7400E-03  1.3000E-03
  2.1000E-04  1.7000E-04  3.3000E-05  1.1000E-05  7.9000E-06
  1.5000E-06
  4.1000E-01  4.1000E-01  4.1000E-01  4.1000E-01  4.0900E-01
  4.0500E-01  3.9700E-01  3.8200E-01  3.6000E-01  3.3200E-01
  2.9900E-01  2.2500E-01  1.5600E-01  1.0100E-01  6.1700E-02
  3.7700E-02  2.4600E-02  1.6400E-02  1.5700E-02  9.3400E-03
  3.4300E-03  1.7300E-03  1.6100E-03  1.4800E-03  7.3000E-04
  1.8000E-04  1.2000E-04  1.5000E-05  1.2000E-05  5.1000E-06
  4.5000E-07
  1.8700E+00  1.8100E+00  1.6300E+00  1.3700E+00  1.0700E+00
  5.5800E-01  2.4200E-01  1.0300E-01  5.9300E-02  5.1700E-02
  5.1300E-02  4.3700E-02  2.9200E-02  1.6700E-02  8.8400E-03
  4.8800E-03  3.2500E-03  2.7000E-03  2.3800E-03  9.2100E-04
  3.4200E-04  2.9800E-04  2.6300E-04  1.7700E-04  5.7000E-05
  3.2000E-05  8.6000E-06  3.5000E-06  1.6000E-06  1.5000E-07
  9.1000E-08