  2.4800E-02  2.4800E-02  2.4800E-02  2.4800E-02  2.4800E-02
  2.4800E-02  2.4800E-02  2.4800E-02  2.4800E-02  2.4800E-02
  2.4800E-02  2.4700E-02  2.4700E-02  2.4700E-02  2.4600E-02
  2.4600E-02  2.4500E-02  2.4400E-02  2.4200E-02  2.3800E-02
  2.3300E-02  2.2600E-02  2.1900E-02  2.1100E-02  1.9000E-02
  1.5000E-02  1.0000E-02  4.5000E-03  1.9000E-03  3.8000E-04
  3.0000E-05
  9.0900E-02  9.0900E-02  9.0900E-02  9.0900E-02  9.0800E-02
  9.0700E-02  9.0400E-02  9.0200E-02  8.9800E-02  8.9400E-02
  8.9000E-02  8.7900E-02  8.6600E-02  8.5100E-02  8.3400E-02
  8.1600E-02  7.9600E-02  7.5100E-02  6.7500E-02  5.4000E-02
  4.0900E-02  2.9400E-02  2.0300E-02  1.3500E-02  5.8000E-03
  2.1000E-03  2.0000E-03  9.2000E-04  3.4000E-04  5.3000E-05
  3.5000E-06
  4.5900E-02  4.5900E-02  4.5900E-02  4.5900E-02  4.5900E-02
  4.5900E-02  4.5900E-02  4.5900E-02  4.5900E-02  4.5900E-02
  4.5900E-02  4.5900E-02  4.5900E-02  4.5900E-02  4.5900E-02
  4.5800E-02  4.5800E-02  4.5600E-02  4.5100E-02  4.3800E-02
  4.1500E-02  3.8400E-02  3.4700E-02  3.0600E-02  2.3000E-02
  8.5000E-03  2.9000E-03  3.7000E-04  6.5000E-05  4.0000E-06
  9.2000E-08
  2.3600E-01  2.3600E-01  2.3600E-01  2.3500E-01  2.3400E-01
  2.3100E-01  2.2700E-01  2.2200E-01  2.1600E-01  2.0900E-01
  2.0100E-01  1.8400E-01  1.6500E-01  1.4500E-01  1.2500E-01
  1.0700E-01  8.9500E-02  6.0500E-02  3.2100E-02  1.4700E-02
  1.2800E-02  1.2400E-02  1.0400E-02  7.6900E-03  3.2000E-03
  3.9000E-04  3.3000E-04  1.6000E-04  5.8000E-05  8.8000E-06
  5.6000E-07
  1.4400E-01  1.4400E-01  1.4400E-01  1.4400E-01  1.4400E-01
  1.4400E-01  1.4400E-01  1.4300E-01  1.4300E-01  1.4300E-01
  1.4200E-01  1.4100E-01  1.3800E-01  1.3500E-01  1.3000E-01
  1.2400E-01  1.1700E-01  1.0100E-01  7.5100E-02  3.8000E-02
  1.6500E-02  7.1200E-03  4.0500E-03  3.3900E-03  3.3000E-03
  1.7000E-03  5.7000E-04  7.0000E-05  1.2000E-05  6.8000E-07
  1.5000E-08
  1.0700E-01  1.0700E-01  1.0700E-01  1.0700E-01  1.0700E-01
  1.0700E-01  1.0700E-01  1.0700E-01  1.0700E-01  1.0700E-01
  1.0700E-01  1.0700E-01  1.0600E-01  1.0500E-01  1.0400E-01
  1.0200E-01  1.0000E-01  9.3800E-02  8.1200E-02  5.7700E-02
  3.7800E-02  2.3800E-02  1.4700E-02  9.0900E-03  3.5000E-03
  3.8000E-04  5.6000E-05  2.5000E-06  2.2000E-07  5.6000E-09
  3.8000E-11
  7.7200E-01  7.6700E-01  7.5200E-01  7.2900E-01  6.9700E-01
  6.1400E-01  5.1600E-01  4.1500E-01  3.2000E-01  2.3800E-01
  1.7200E-01  8.5500E-02  4.5400E-02  3.1400E-02  2.8400E-02
  2.8200E-02  2.7600E-02  2.2600E-02  1.2200E-02  3.0300E-03
  1.3400E-03  1.2600E-03  1.1400E-03  8.7800E-04  3.8000E-04
  3.9000E-05  3.1000E-05  1.5000E-05  5.5000E-06  8.3000E-07
  6.3000E-08
  5.4900E-01  5.4900E-01  5.4900E-01  5.4800E-01  5.4500E-01
  5.3200E-01  5.0400E-01  4.6100E-01  4.0600E-01  3.4500E-01
  2.8300E-01  1.7700E-01  1.0200E-01  5.5100E-02  2.9200E-02
  1.6100E-02  1.0200E-02  7.2800E-03  7.0300E-03  4.4400E-03
  1.9500E-03  7.5600E-04  3.3500E-04  2.2700E-04  2.1000E-04
  1.1000E-04  3.9000E-05  4.8000E-06  7.8000E-07  4.6000E-08
  1.0000E-09