  1.0900E-02  1.0900E-02  1.0900E-02  1.0900E-02  1.0900E-02
  1.0900E-02  1.0900E-02  1.0900E-02  1.0900E-02  1.0900E-02
  1.0900E-02  1.0900E-02  1.0900E-02  1.0900E-02  1.0900E-02
  1.0900E-02  1.0900E-02  1.0900E-02  1.0900E-02  1.0800E-02
  1.0800E-02  1.0700E-02  1.0600E-02  1.0500E-02  1.0000E-02
  9.7000E-03  8.9000E-03  7.0000E-03  5.2000E-03  2.6000E-03
  6.5000E-04
  3.8800E-02  3.8800E-02  3.8800E-02  3.8800E-02  3.8700E-02
  3.8700E-02  3.8700E-02  3.8700E-02  3.8700E-02  3.8600E-02
  3.8600E-02  3.8500E-02  3.8400E-02  3.8300E-02  3.8100E-02
  3.8000E-02  3.7800E-02  3.7400E-02  3.6700E-02  3.5100E-02
  3.3200E-02  3.1100E-02  2.8700E-02  2.6300E-02  2.1000E-02
  1.1000E-02  4.4000E-03  1.1000E-03  9.5000E-04  6.3000E-04
  1.4000E-04
  1.9000E-02  1.9000E-02  1.9000E-02  1.9000E-02  1.9000E-02
  1.9000E-02  1.9000E-02  1.9000E-02  1.9000E-02  1.9000E-02
  1.9000E-02  1.9000E-02  1.9000E-02  1.9000E-02  1.9000E-02
  1.9000E-02  1.9000E-02  1.9000E-02  1.9000E-02  1.9000E-02
  1.8900E-02  1.8900E-02  1.8700E-02  1.8600E-02  1.8000E-02
  1.6000E-02  1.2000E-02  5.8000E-03  2.5000E-03  4.8000E-04
  3.6000E-05
  2.0800E-02  2.0800E-02  2.0800E-02  2.0800E-02  2.0800E-02
  2.0800E-02  2.0800E-02  2.0800E-02  2.0800E-02  2.0800E-02
  2.0800E-02  2.0800E-02  2.0800E-02  2.0800E-02  2.0800E-02
  2.0800E-02  2.0800E-02  2.0800E-02  2.0800E-02  2.0700E-02
  2.0700E-02  2.0600E-02  2.0400E-02  2.0100E-02  1.9000E-02
  1.6000E-02  1.2000E-02  5.1000E-03  1.9000E-03  2.9000E-04
  1.4000E-05
  8.5900E-02  8.5900E-02  8.5800E-02  8.5800E-02  8.5700E-02
  8.5600E-02  8.5400E-02  8.5100E-02  8.4800E-02  8.4400E-02
  8.3900E-02  8.2800E-02  8.1500E-02  8.0000E-02  7.8300E-02
  7.6500E-02  7.4400E-02  6.9900E-02  6.2400E-02  4.8900E-02
  3.6100E-02  2.5400E-02  1.7400E-02  1.2000E-02  7.2000E-03
  6.2000E-03  3.7000E-03  4.9000E-04  2.0000E-04  1.5000E-04
  3.3000E-05
  5.0500E-02  5.0500E-02  5.0500E-02  5.0500E-02  5.0500E-02
  5.0500E-02  5.0500E-02  5.0500E-02  5.0500E-02  5.0500E-02
  5.0500E-02  5.0500E-02  5.0500E-02  5.0500E-02  5.0400E-02
  5.0400E-02  5.0300E-02  5.0000E-02  4.9400E-02  4.7500E-02
  4.4200E-02  3.9800E-02  3.4500E-02  2.8700E-02  1.8000E-02
  3.9000E-03  1.9000E-03  1.5000E-03  7.4000E-04  1.4000E-04
  9.7000E-06
  5.3500E-02  5.3500E-02  5.3500E-02  5.3500E-02  5.3500E-02
  5.3500E-02  5.3500E-02  5.3500E-02  5.3500E-02  5.3500E-02
  5.3500E-02  5.3500E-02  5.3500E-02  5.3500E-02  5.3400E-02
  5.3300E-02  5.3200E-02  5.2900E-02  5.2100E-02  4.9600E-02
  4.5600E-02  4.0200E-02  3.3900E-02  2.7500E-02  1.6000E-02
  3.3000E-03  2.1000E-03  1.5000E-03  6.2000E-04  9.0000E-05
  4.1000E-06
  3.4800E-02  3.4800E-02  3.4800E-02  3.4800E-02  3.4800E-02
  3.4800E-02  3.4800E-02  3.4800E-02  3.4800E-02  3.4800E-02
  3.4800E-02  3.4800E-02  3.4800E-02  3.4800E-02  3.4800E-02
  3.4800E-02  3.4800E-02  3.4800E-02  3.4800E-02  3.4700E-02
  3.4300E-02  3.3500E-02  3.2300E-02  3.0600E-02  2.6000E-02
  1.3000E-02  5.5000E-03  8.2000E-04  1.4000E-04  7.8000E-06
  1.4000E-07
  3.5500E-02  3.5500E-02  3.5500E-02  3.5500E-02  3.5500E-02
  3.5500E-02  3.5500E-02  3.5500E-02  3.5500E-02  3.5500E-02
  3.5500E-02  3.5500E-02  3.5500E-02  3.5500E-02  3.5500E-02
  3.5500E-02  3.5500E-02  3.5500E-02  3.5500E-02  3.5300E-02
  3.4900E-02  3.4100E-02  3.2800E-02  3.1000E-02  2.6000E-02
  1.3000E-02  5.2000E-03  7.3000E-04  1.2000E-04  5.9000E-06
  8.1000E-08
  1.8300E-01  1.8300E-01  1.8200E-01  1.8200E-01  1.8100E-01
  1.8000E-01  1.7800E-01  1.7500E-01  1.7200E-01  1.6800E-01
  1.6300E-01  1.5300E-01  1.4200E-01  1.3000E-01  1.1700E-01
  1.0500E-01  9.2300E-02  6.9600E-02  4.3200E-02  2.1500E-02
  1.6900E-02  1.6700E-02  1.5100E-02  1.1700E-02  5.1000E-03
  1.5000E-03  1.2000E-03  1.5000E-04  4.8000E-05  3.6000E-05
  8.0000E-06
  1.1600E-01  1.1600E-01  1.1600E-01  1.1600E-01  1.1600E-01
  1.1600E-01  1.1600E-01  1.1600E-01  1.1600E-01  1.1500E-01
  1.1500E-01  1.1500E-01  1.1400E-01  1.1200E-01  1.1000E-01
  1.0800E-01  1.0400E-01  9.5400E-02  7.8500E-02  4.8100E-02
  2.4900E-02  1.2400E-02  7.7800E-03  6.8000E-03  6.5000E-03
  2.0000E-03  4.6000E-04  3.4000E-04  1.8000E-04  3.3000E-05
  2.3000E-06
  1.2300E-01  1.2300E-01  1.2300E-01  1.2300E-01  1.2300E-01
  1.2300E-01  1.2300E-01  1.2300E-01  1.2300E-01  1.2200E-01
  1.2200E-01  1.2100E-01  1.2000E-01  1.1800E-01  1.1600E-01
  1.1200E-01  1.0800E-01  9.7100E-02  7.7200E-02  4.4000E-02
  2.1300E-02  1.0700E-02  7.5800E-03  7.2000E-03  6.5000E-03
  1.5000E-03  4.5000E-04  3.5000E-04  1.5000E-04  2.2000E-05
  9.6000E-07
  9.5400E-02  9.5400E-02  9.5400E-02  9.5400E-02  9.5400E-02
  9.5400E-02  9.5400E-02  9.5400E-02  9.5400E-02  9.5400E-02
  9.5400E-02  9.5400E-02  9.5300E-02  9.5000E-02  9.4600E-02
  9.3900E-02  9.2900E-02  8.9800E-02  8.1900E-02  6.2300E-02
  4.1000E-02  2.3900E-02  1.2900E-02  6.8500E-03  3.0000E-03
  2.4000E-03  1.3000E-03  2.1000E-04  3.6000E-05  1.9000E-06
  3.3000E-08
  9.7400E-02  9.7400E-02  9.7400E-02  9.7400E-02  9.7400E-02
  9.7400E-02  9.7400E-02  9.7400E-02  9.7400E-02  9.7400E-02
  9.7400E-02  9.7300E-02  9.7200E-02  9.6900E-02  9.6400E-02
  9.5700E-02  9.4600E-02  9.1100E-02  8.2600E-02  6.1700E-02
  3.9800E-02  2.2800E-02  1.2000E-02  6.3700E-03  2.9000E-03
  2.4000E-03  1.2000E-03  1.8000E-04  3.0000E-05  1.4000E-06
  1.9000E-08
  1.0200E-01  1.0200E-01  1.0200E-01  1.0200E-01  1.0200E-01
  1.0200E-01  1.0200E-01  1.0200E-01  1.0200E-01  1.0200E-01
  1.0200E-01  1.0200E-01  1.0100E-01  9.9600E-02  9.7800E-02
  9.5500E-02  9.2800E-02  8.6300E-02  7.5000E-02  5.5900E-02
  3.9700E-02  2.7400E-02  1.8600E-02  1.2500E-02  5.6000E-03
  7.7000E-04  1.2000E-04  5.6000E-06  4.4000E-07  8.7000E-09
  4.9000E-11
  1.0500E-01  1.0500E-01  1.0500E-01  1.0500E-01  1.0500E-01
  1.0500E-01  1.0500E-01  1.0500E-01  1.0500E-01  1.0500E-01
  1.0400E-01  1.0400E-01  1.0300E-01  1.0200E-01  9.9500E-02
  9.6900E-02  9.3900E-02  8.6800E-02  7.4800E-02  5.5200E-02
  3.8900E-02  2.6700E-02  1.8000E-02  1.2000E-02  5.3000E-03
  7.2000E-04  1.1000E-04  5.0000E-06  3.8000E-07  6.9000E-09
  3.2000E-11
  5.0100E-01  4.9900E-01  4.9500E-01  4.8800E-01  4.7800E-01
  4.5100E-01  4.1500E-01  3.7400E-01  3.3000E-01  2.8500E-01
  2.4100E-01  1.6300E-01  1.0500E-01  6.6900E-02  4.5000E-02
  3.4600E-02  3.0800E-02  2.9900E-02  2.6000E-02  1.1600E-02
  4.0900E-03  2.6300E-03  2.5700E-03  2.2500E-03  1.1000E-03
  2.3000E-04  1.8000E-04  2.4000E-05  7.0000E-06  5.3000E-06
  1.2000E-06
  3.4200E-01  3.4200E-01  3.4200E-01  3.4200E-01  3.4100E-01
  3.4000E-01  3.3600E-01  3.3000E-01  3.2000E-01  3.0500E-01
  2.8700E-01  2.4300E-01  1.9200E-01  1.4400E-01  1.0200E-01
  6.9500E-02  4.5900E-02  2.0500E-02  1.0900E-02  9.9900E-03
  6.6000E-03  3.2000E-03  1.4400E-03  8.7100E-04  7.7000E-04
  2.8000E-04  5.8000E-05  4.0000E-05  2.1000E-05  4.0000E-06
  2.7000E-07
  3.7300E-01  3.7300E-01  3.7300E-01  3.7200E-01  3.7200E-01
  3.7000E-01  3.6400E-01  3.5500E-01  3.4000E-01  3.2100E-01
  2.9700E-01  2.4000E-01  1.8100E-01  1.2800E-01  8.6100E-02
  5.5500E-02  3.5200E-02  1.5800E-02  1.0600E-02  9.4100E-03
  5.3500E-03  2.3200E-03  1.0800E-03  7.9200E-04  7.4000E-04
  2.0000E-04  5.0000E-05  3.8000E-05  1.7000E-05  2.4000E-06
  1.1000E-07
  1.9400E+00  1.8700E+00  1.6700E+00  1.3900E+00  1.0800E+00
  5.4500E-01  2.2800E-01  9.4300E-02  5.5100E-02  4.8900E-02
  4.8600E-02  4.0600E-02  2.6600E-02  1.5100E-02  7.9300E-03
  4.2100E-03  2.5800E-03  1.8800E-03  1.7600E-03  8.4600E-04
  2.7800E-04  1.5600E-04  1.5000E-04  1.3400E-04  6.6000E-05
  1.3000E-05  1.0000E-05  1.4000E-06  4.1000E-07  3.1000E-07
  6.8000E-08