  1.2200E-02  1.2200E-02  1.2200E-02  1.2200E-02  1.2200E-02
  1.2200E-02  1.2200E-02  1.2200E-02  1.2200E-02  1.2200E-02
  1.2200E-02  1.2200E-02  1.2200E-02  1.2200E-02  1.2200E-02
  1.2200E-02  1.2200E-02  1.2200E-02  1.2100E-02  1.2100E-02
  1.2000E-02  1.1900E-02  1.1800E-02  1.1700E-02  1.1000E-02
  1.1000E-02  9.5000E-03  7.1000E-03  5.0000E-03  2.3000E-03
  4.9000E-04
  4.3400E-02  4.3400E-02  4.3400E-02  4.3400E-02  4.3400E-02
  4.3400E-02  4.3400E-02  4.3300E-02  4.3300E-02  4.3300E-02
  4.3200E-02  4.3100E-02  4.2900E-02  4.2800E-02  4.2600E-02
  4.2300E-02  4.2100E-02  4.1500E-02  4.0500E-02  3.8400E-02
  3.5800E-02  3.3000E-02  2.9900E-02  2.6800E-02  2.1000E-02
  8.8000E-03  3.2000E-03  1.1000E-03  1.0000E-03  5.4000E-04
  9.6000E-05
  2.1400E-02  2.1400E-02  2.1400E-02  2.1400E-02  2.1400E-02
  2.1400E-02  2.1400E-02  2.1400E-02  2.1400E-02  2.1400E-02
  2.1400E-02  2.1400E-02  2.1400E-02  2.1400E-02  2.1400E-02
  2.1400E-02  2.1400E-02  2.1400E-02  2.1400E-02  2.1400E-02
  2.1300E-02  2.1100E-02  2.0900E-02  2.0600E-02  2.0000E-02
  1.6000E-02  1.2000E-02  4.8000E-03  1.8000E-03  2.9000E-04
  1.9000E-05
  2.3000E-02  2.3000E-02  2.3000E-02  2.3000E-02  2.3000E-02
  2.3000E-02  2.3000E-02  2.3000E-02  2.3000E-02  2.3000E-02
  2.3000E-02  2.3000E-02  2.3000E-02  2.3000E-02  2.3000E-02
  2.3000E-02  2.3000E-02  2.3000E-02  2.3000E-02  2.2900E-02
  2.2800E-02  2.2600E-02  2.2400E-02  2.2000E-02  2.1000E-02
  1.6000E-02  1.1000E-02  4.2000E-03  1.4000E-03  1.8000E-04
  8.0000E-06
  9.7100E-02  9.7100E-02  9.7100E-02  9.7000E-02  9.6900E-02
  9.6700E-02  9.6400E-02  9.6000E-02  9.5500E-02  9.5000E-02
  9.4300E-02  9.2800E-02  9.0900E-02  8.8800E-02  8.6400E-02
  8.3800E-02  8.1000E-02  7.4800E-02  6.4800E-02  4.7800E-02
  3.2800E-02  2.1500E-02  1.4100E-02  9.8600E-03  7.3000E-03
  6.1000E-03  2.6000E-03  3.0000E-04  2.2000E-04  1.3000E-04
  2.2000E-05
  5.7300E-02  5.7300E-02  5.7300E-02  5.7300E-02  5.7300E-02
  5.7300E-02  5.7300E-02  5.7300E-02  5.7300E-02  5.7300E-02
  5.7300E-02  5.7300E-02  5.7300E-02  5.7200E-02  5.7100E-02
  5.7000E-02  5.6900E-02  5.6500E-02  5.5400E-02  5.2100E-02
  4.7000E-02  4.0400E-02  3.3100E-02  2.5900E-02  1.4000E-02
  2.8000E-03  2.0000E-03  1.3000E-03  5.3000E-04  8.2000E-05
  4.9000E-06
  6.0100E-02  6.0100E-02  6.0100E-02  6.0100E-02  6.0100E-02
  6.0100E-02  6.0100E-02  6.0100E-02  6.0100E-02  6.0100E-02
  6.0100E-02  6.0000E-02  6.0000E-02  5.9900E-02  5.9800E-02
  5.9700E-02  5.9500E-02  5.9000E-02  5.7700E-02  5.3700E-02
  4.7700E-02  4.0100E-02  3.2000E-02  2.4300E-02  1.2000E-02
  2.6000E-03  2.3000E-03  1.2000E-03  4.3000E-04  5.3000E-05
  2.2000E-06
  3.9400E-02  3.9400E-02  3.9400E-02  3.9400E-02  3.9400E-02
  3.9400E-02  3.9400E-02  3.9400E-02  3.9400E-02  3.9400E-02
  3.9400E-02  3.9400E-02  3.9400E-02  3.9400E-02  3.9400E-02
  3.9400E-02  3.9400E-02  3.9400E-02  3.9300E-02  3.9000E-02
  3.8300E-02  3.6900E-02  3.4800E-02  3.2000E-02  2.5000E-02
  1.1000E-02  3.8000E-03  4.7000E-04  7.2000E-05  3.5000E-06
  5.7000E-08
  3.9900E-02  3.9900E-02  3.9900E-02  3.9900E-02  3.9900E-02
  3.9900E-02  3.9900E-02  3.9900E-02  3.9900E-02  3.9900E-02
  3.9900E-02  3.9900E-02  3.9900E-02  3.9900E-02  3.9900E-02
  3.9900E-02  3.9900E-02  3.9900E-02  3.9900E-02  3.9500E-02
  3.8700E-02  3.7300E-02  3.5100E-02  3.2200E-02  2.5000E-02
  1.0000E-02  3.6000E-03  4.2000E-04  6.2000E-05  2.7000E-06
  3.4000E-08
  2.0700E-01  2.0700E-01  2.0600E-01  2.0600E-01  2.0500E-01
  2.0300E-01  2.0000E-01  1.9600E-01  1.9100E-01  1.8500E-01
  1.7900E-01  1.6600E-01  1.5000E-01  1.3400E-01  1.1800E-01
  1.0200E-01  8.7500E-02  6.1900E-02  3.6000E-02  2.0200E-02
  1.8900E-02  1.7600E-02  1.3600E-02  8.9100E-03  3.1000E-03
  1.6000E-03  8.5000E-04  8.1000E-05  5.1000E-05  3.0000E-05
  5.2000E-06
  1.3200E-01  1.3200E-01  1.3200E-01  1.3200E-01  1.3200E-01
  1.3200E-01  1.3200E-01  1.3200E-01  1.3200E-01  1.3100E-01
  1.3100E-01  1.3000E-01  1.2800E-01  1.2600E-01  1.2200E-01
  1.1800E-01  1.1200E-01  9.8700E-02  7.5100E-02  3.8800E-02
  1.7400E-02  9.2800E-03  7.6500E-03  7.5800E-03  6.1000E-03
  1.1000E-03  4.1000E-04  3.0000E-04  1.2000E-04  1.9000E-05
  1.1000E-06
  1.3800E-01  1.3800E-01  1.3800E-01  1.3800E-01  1.3800E-01
  1.3800E-01  1.3800E-01  1.3800E-01  1.3800E-01  1.3700E-01
  1.3700E-01  1.3600E-01  1.3400E-01  1.3000E-01  1.2600E-01
  1.2100E-01  1.1400E-01  9.8900E-02  7.2600E-02  3.5100E-02
  1.5200E-02  8.8800E-03  8.0100E-03  7.8900E-03  5.7000E-03
  8.9000E-04  4.6000E-04  2.9000E-04  1.0000E-04  1.2000E-05
  4.9000E-07
  1.0900E-01  1.0900E-01  1.0900E-01  1.0900E-01  1.0900E-01
  1.0900E-01  1.0900E-01  1.0900E-01  1.0900E-01  1.0800E-01
  1.0800E-01  1.0800E-01  1.0800E-01  1.0800E-01  1.0700E-01
  1.0500E-01  1.0400E-01  9.8000E-02  8.5100E-02  5.7400E-02
  3.2600E-02  1.6400E-02  7.9100E-03  4.3300E-03  2.9000E-03
  2.2000E-03  8.8000E-04  1.1000E-04  1.7000E-05  8.3000E-07
  1.3000E-08
  1.1000E-01  1.1000E-01  1.1000E-01  1.1000E-01  1.1000E-01
  1.1000E-01  1.1000E-01  1.1000E-01  1.1000E-01  1.1000E-01
  1.1000E-01  1.1000E-01  1.1000E-01  1.0900E-01  1.0800E-01
  1.0700E-01  1.0500E-01  9.9000E-02  8.5400E-02  5.6700E-02
  3.1600E-02  1.5600E-02  7.4500E-03  4.1300E-03  2.9000E-03
  2.1000E-03  8.3000E-04  1.0000E-04  1.5000E-05  6.2000E-07
  7.7000E-09
  1.1300E-01  1.1300E-01  1.1300E-01  1.1300E-01  1.1300E-01
  1.1300E-01  1.1300E-01  1.1300E-01  1.1300E-01  1.1300E-01
  1.1300E-01  1.1300E-01  1.1200E-01  1.1000E-01  1.0800E-01
  1.0500E-01  1.0200E-01  9.3400E-02  7.8500E-02  5.4400E-02
  3.5600E-02  2.2600E-02  1.4100E-02  8.8000E-03  3.4000E-03
  3.7000E-04  5.1000E-05  2.0000E-06  1.4000E-07  2.5000E-09
  1.4000E-11
  1.1600E-01  1.1600E-01  1.1600E-01  1.1600E-01  1.1600E-01
  1.1600E-01  1.1600E-01  1.1600E-01  1.1600E-01  1.1600E-01
  1.1600E-01  1.1500E-01  1.1400E-01  1.1300E-01  1.1000E-01
  1.0700E-01  1.0300E-01  9.3700E-02  7.8000E-02  5.3300E-02
  3.4500E-02  2.1800E-02  1.3500E-02  8.3900E-03  3.2000E-03
  3.4000E-04  4.7000E-05  1.8000E-06  1.2000E-07  2.0000E-09
  9.1000E-12
  5.3800E-01  5.3600E-01  5.3100E-01  5.2200E-01  5.0900E-01
  4.7500E-01  4.3200E-01  3.8200E-01  3.3000E-01  2.7800E-01
  2.2900E-01  1.4600E-01  9.0000E-02  5.7500E-02  4.2100E-02
  3.6700E-02  3.5700E-02  3.4700E-02  2.5200E-02  8.2800E-03
  3.4500E-03  3.1600E-03  2.8100E-03  2.0000E-03  6.9000E-04
  2.6000E-04  1.4000E-04  1.3000E-05  8.0000E-06  4.8000E-06
  8.2000E-07
  3.6600E-01  3.6600E-01  3.6600E-01  3.6600E-01  3.6600E-01
  3.6400E-01  3.5900E-01  3.5000E-01  3.3600E-01  3.1800E-01
  2.9500E-01  2.4000E-01  1.8100E-01  1.2800E-01  8.5500E-02
  5.4900E-02  3.4900E-02  1.7100E-02  1.3300E-02  1.0900E-02
  5.3800E-03  2.1500E-03  1.1300E-03  9.8500E-04  8.8000E-04
  1.7000E-04  5.5000E-05  4.0000E-05  1.7000E-05  2.6000E-06
  1.5000E-07
  3.9100E-01  3.9100E-01  3.9100E-01  3.9100E-01  3.9000E-01
  3.8800E-01  3.8100E-01  3.7000E-01  3.5200E-01  3.2900E-01
  3.0100E-01  2.3600E-01  1.7000E-01  1.1500E-01  7.3000E-02
  4.5000E-02  2.8200E-02  1.5200E-02  1.3400E-02  9.7700E-03
  4.2600E-03  1.6600E-03  1.0200E-03  9.8000E-04  8.0000E-04
  1.3000E-04  5.6000E-05  3.6000E-05  1.3000E-05  1.6000E-06
  6.2000E-08
  4.6800E-01  4.6800E-01  4.6800E-01  4.6700E-01  4.6700E-01
  4.6300E-01  4.5200E-01  4.2800E-01  3.9300E-01  3.5100E-01
  3.0500E-01  2.1600E-01  1.4400E-01  9.2400E-02  5.7400E-02
  3.4800E-02  2.0800E-02  7.7700E-03  3.3700E-03  3.0500E-03
  2.2100E-03  1.2200E-03  5.8600E-04  2.8600E-04  1.5000E-04
  1.1000E-04  4.7000E-05  6.1000E-06  9.3000E-07  4.4000E-08
  6.9000E-10
  1.9300E+00  1.8500E+00  1.6600E+00  1.3700E+00  1.0600E+00
  5.3000E-01  2.2100E-01  9.6300E-02  6.3300E-02  5.9500E-02
  5.8700E-02  4.6100E-02  2.8100E-02  1.4800E-02  7.4400E-03
  4.1600E-03  3.0400E-03  2.8000E-03  2.2700E-03  7.7000E-04
  2.6900E-04  2.3100E-04  2.1000E-04  1.5200E-04  5.2000E-05
  1.9000E-05  1.0000E-05  9.7000E-07  5.8000E-07  3.5000E-07
  5.9000E-08