  2.0300E-02  2.0300E-02  2.0300E-02  2.0300E-02  2.0300E-02
  2.0300E-02  2.0300E-02  2.0300E-02  2.0300E-02  2.0300E-02
  2.0300E-02  2.0300E-02  2.0300E-02  2.0300E-02  2.0300E-02
  2.0200E-02  2.0200E-02  2.0100E-02  2.0000E-02  1.9800E-02
  1.9500E-02  1.9100E-02  1.8700E-02  1.8200E-02  1.7000E-02
  1.4000E-02  1.1000E-02  5.8000E-03  2.9000E-03  7.6000E-04
  8.7000E-05
  7.4100E-02  7.4000E-02  7.4000E-02  7.4000E-02  7.4000E-02
  7.3900E-02  7.3800E-02  7.3600E-02  7.3500E-02  7.3200E-02
  7.3000E-02  7.2400E-02  7.1700E-02  7.0900E-02  6.9900E-02
  6.8900E-02  6.7700E-02  6.5100E-02  6.0700E-02  5.2100E-02
  4.3100E-02  3.4300E-02  2.6400E-02  1.9700E-02  1.0000E-02
  2.3000E-03  1.7000E-03  1.3000E-03  6.0000E-04  1.3000E-04
  1.2000E-05
  3.7100E-02  3.7100E-02  3.7100E-02  3.7100E-02  3.7100E-02
  3.7100E-02  3.7100E-02  3.7100E-02  3.7100E-02  3.7100E-02
  3.7100E-02  3.7100E-02  3.7100E-02  3.7100E-02  3.7100E-02
  3.7000E-02  3.7000E-02  3.7000E-02  3.6800E-02  3.6300E-02
  3.5300E-02  3.3800E-02  3.1900E-02  2.9600E-02  2.4000E-02
  1.2000E-02  5.3000E-03  9.8000E-04  2.1000E-04  1.9000E-05
  7.4000E-07
  3.8100E-02  3.8100E-02  3.8100E-02  3.8100E-02  3.8100E-02
  3.8100E-02  3.8100E-02  3.8100E-02  3.8100E-02  3.8100E-02
  3.8100E-02  3.8100E-02  3.8100E-02  3.8100E-02  3.8100E-02
  3.8100E-02  3.8100E-02  3.8000E-02  3.7800E-02  3.7200E-02
  3.6100E-02  3.4500E-02  3.2500E-02  3.0000E-02  2.4000E-02
  1.2000E-02  5.0000E-03  8.5000E-04  1.7000E-04  1.3000E-05
  3.8000E-07
  1.8200E-01  1.8200E-01  1.8200E-01  1.8200E-01  1.8100E-01
  1.8000E-01  1.7800E-01  1.7500E-01  1.7200E-01  1.6900E-01
  1.6500E-01  1.5600E-01  1.4600E-01  1.3500E-01  1.2400E-01
  1.1200E-01  9.9900E-02  7.7600E-02  4.9700E-02  2.2200E-02
  1.2700E-02  1.1100E-02  1.1000E-02  1.0100E-02  6.6000E-03
  9.5000E-04  3.1000E-04  2.4000E-04  1.2000E-04  2.4000E-05
  2.1000E-06
  1.0900E-01  1.0900E-01  1.0900E-01  1.0900E-01  1.0900E-01
  1.0900E-01  1.0900E-01  1.0900E-01  1.0900E-01  1.0900E-01
  1.0900E-01  1.0900E-01  1.0800E-01  1.0700E-01  1.0500E-01
  1.0300E-01  1.0100E-01  9.4200E-02  8.1100E-02  5.5400E-02
  3.2700E-02  1.7400E-02  8.8400E-03  4.9000E-03  3.0000E-03
  2.5000E-03  1.2000E-03  2.2000E-04  4.6000E-05  3.8000E-06
  1.4000E-07
  1.1200E-01  1.1200E-01  1.1200E-01  1.1200E-01  1.1200E-01
  1.1200E-01  1.1200E-01  1.1200E-01  1.1100E-01  1.1100E-01
  1.1100E-01  1.1100E-01  1.1000E-01  1.0900E-01  1.0700E-01
  1.0500E-01  1.0200E-01  9.5200E-02  8.1200E-02  5.4400E-02
  3.1300E-02  1.6200E-02  8.1800E-03  4.6400E-03  3.1000E-03
  2.5000E-03  1.2000E-03  1.9000E-04  3.7000E-05  2.7000E-06
  7.3000E-08
  7.7900E-02  7.7900E-02  7.7900E-02  7.7900E-02  7.7900E-02
  7.7900E-02  7.7900E-02  7.7900E-02  7.7900E-02  7.7900E-02
  7.7900E-02  7.7900E-02  7.7900E-02  7.7800E-02  7.7600E-02
  7.7400E-02  7.7000E-02  7.5700E-02  7.2200E-02  6.2300E-02
  4.9500E-02  3.6900E-02  2.6400E-02  1.8400E-02  8.6000E-03
  1.3000E-03  2.4000E-04  1.3000E-05  1.4000E-06  4.5000E-08
  5.7000E-10
  7.8700E-02  7.8700E-02  7.8700E-02  7.8700E-02  7.8700E-02
  7.8700E-02  7.8700E-02  7.8700E-02  7.8700E-02  7.8700E-02
  7.8700E-02  7.8700E-02  7.8600E-02  7.8500E-02  7.8400E-02
  7.8100E-02  7.7700E-02  7.6300E-02  7.2700E-02  6.2400E-02
  4.9300E-02  3.6600E-02  2.6000E-02  1.8100E-02  8.4000E-03
  1.3000E-03  2.2000E-04  1.2000E-05  1.2000E-06  3.6000E-08
  3.8000E-10
  4.8000E-01  4.7900E-01  4.7500E-01  4.6900E-01  4.6000E-01
  4.3600E-01  4.0500E-01  3.6800E-01  3.2800E-01  2.8700E-01
  2.4700E-01  1.7300E-01  1.1500E-01  7.4600E-02  4.9700E-02
  3.6400E-02  3.0500E-02  2.8400E-02  2.6300E-02  1.3800E-02
  4.9000E-03  2.1000E-03  1.7100E-03  1.6900E-03  1.2000E-03
  1.8000E-04  4.7000E-05  3.6000E-05  1.8000E-05  3.6000E-06
  3.2000E-07
  3.2400E-01  3.2400E-01  3.2400E-01  3.2400E-01  3.2400E-01
  3.2300E-01  3.2000E-01  3.1500E-01  3.0600E-01  2.9400E-01
  2.7900E-01  2.4100E-01  1.9800E-01  1.5300E-01  1.1400E-01
  8.0800E-02  5.5700E-02  2.5500E-02  1.0800E-02  9.1500E-03
  7.2400E-03  4.2600E-03  2.1200E-03  1.0100E-03  3.8000E-04
  3.0000E-04  1.6000E-04  2.8000E-05  5.8000E-06  4.7000E-07
  1.8000E-08
  3.2600E-01  3.2600E-01  3.2600E-01  3.2600E-01  3.2500E-01
  3.2400E-01  3.2200E-01  3.1600E-01  3.0800E-01  2.9600E-01
  2.8100E-01  2.4300E-01  1.9800E-01  1.5300E-01  1.1200E-01
  7.9100E-02  5.4000E-02  2.4400E-02  1.0900E-02  9.5200E-03
  7.2600E-03  4.1200E-03  1.9900E-03  9.3600E-04  3.9000E-04
  3.1000E-04  1.5000E-04  2.5000E-05  4.8000E-06  3.4000E-07
  9.4000E-09
  3.8500E-01  3.8500E-01  3.8500E-01  3.8500E-01  3.8400E-01
  3.8300E-01  3.7700E-01  3.6600E-01  3.4800E-01  3.2300E-01
  2.9500E-01  2.3500E-01  1.7900E-01  1.3200E-01  9.5000E-02
  6.7400E-02  4.7100E-02  2.2300E-02  7.1100E-03  2.0500E-03
  1.8200E-03  1.6900E-03  1.3700E-03  1.0200E-03  5.0000E-04
  7.9000E-05  1.4000E-05  8.0000E-07  8.1000E-08  2.6000E-09
  3.5000E-11
  1.8800E+00  1.8100E+00  1.6300E+00  1.3700E+00  1.0800E+00
  5.6700E-01  2.4800E-01  1.0300E-01  5.5500E-02  4.5700E-02
  4.5200E-02  4.0200E-02  2.8600E-02  1.7600E-02  9.9300E-03
  5.4700E-03  3.2100E-03  1.8900E-03  1.7900E-03  1.0500E-03
  3.7300E-04  1.4100E-04  1.0500E-04  1.0400E-04  7.6000E-05
  1.1000E-05  2.9000E-06  2.2000E-06  1.1000E-06  2.2000E-07
  1.9000E-08