  4.4000E-02  4.4000E-02  4.4000E-02  4.4000E-02  4.4000E-02
  4.4000E-02  4.3900E-02  4.3900E-02  4.3900E-02  4.3800E-02
  4.3800E-02  4.3600E-02  4.3500E-02  4.3300E-02  4.3100E-02
  4.2800E-02  4.2600E-02  4.2000E-02  4.0900E-02  3.8700E-02
  3.6000E-02  3.3200E-02  3.0200E-02  2.7100E-02  2.1000E-02
  1.1000E-02  5.0000E-03  1.2000E-03  3.2000E-04  4.0000E-05
  2.3000E-06
  1.7400E-01  1.7400E-01  1.7400E-01  1.7400E-01  1.7300E-01
  1.7200E-01  1.7100E-01  1.6900E-01  1.6700E-01  1.6400E-01
  1.6100E-01  1.5400E-01  1.4600E-01  1.3800E-01  1.2800E-01
  1.1800E-01  1.0900E-01  8.9100E-02  6.2600E-02  3.0700E-02
  1.3700E-02  6.3700E-03  3.9300E-03  3.3900E-03  3.3000E-03
  1.9000E-03  7.9000E-04  1.4000E-04  3.4000E-05  3.8000E-06
  2.0000E-07
  9.0200E-02  9.0200E-02  9.0200E-02  9.0200E-02  9.0200E-02
  9.0200E-02  9.0200E-02  9.0200E-02  9.0100E-02  9.0100E-02
  9.0000E-02  8.9900E-02  8.9500E-02  8.9000E-02  8.8300E-02
  8.7300E-02  8.6100E-02  8.2700E-02  7.5800E-02  6.0700E-02
  4.5100E-02  3.1700E-02  2.1600E-02  1.4400E-02  6.4000E-03
  9.4000E-04  1.8000E-04  1.3000E-05  1.6000E-06  7.8000E-08
  1.5000E-09
  5.0800E-01  5.0700E-01  5.0300E-01  4.9600E-01  4.8600E-01
  4.6000E-01  4.2600E-01  3.8600E-01  3.4200E-01  2.9800E-01
  2.5400E-01  1.7600E-01  1.1500E-01  7.2400E-02  4.6000E-02
  3.1400E-02  2.4500E-02  2.1200E-02  2.0400E-02  1.2800E-02
  5.5900E-03  2.0600E-03  8.0600E-04  4.6600E-04  4.1000E-04
  2.5000E-04  1.0000E-04  1.8000E-05  4.2000E-06  4.6000E-07
  2.4000E-08
  3.3000E-01  3.3000E-01  3.3000E-01  3.3000E-01  3.3000E-01
  3.2900E-01  3.2600E-01  3.2000E-01  3.1100E-01  2.9900E-01
  2.8300E-01  2.4400E-01  1.9900E-01  1.5500E-01  1.1600E-01
  8.3500E-02  5.8400E-02  2.7100E-02  9.0500E-03  4.8300E-03
  4.6500E-03  3.7900E-03  2.7300E-03  1.8500E-03  8.1000E-04
  1.1000E-04  2.1000E-05  1.4000E-06  1.8000E-07  8.4000E-09
  1.7000E-10
  1.9500E+00  1.8700E+00  1.6800E+00  1.4000E+00  1.0900E+00
  5.4700E-01  2.2800E-01  9.3500E-02  5.3200E-02  4.6600E-02
  4.6300E-02  3.9200E-02  2.6400E-02  1.5400E-02  8.3100E-03
  4.3900E-03  2.4600E-03  1.3400E-03  1.2600E-03  8.4800E-04
  3.7600E-04  1.3700E-04  5.1200E-05  2.7600E-05  2.3000E-05
  1.4000E-05  5.8000E-06  1.0000E-06  2.4000E-07  2.6000E-08
  1.4000E-09