  2.6300E-02  2.6300E-02  2.6300E-02  2.6300E-02  2.6300E-02
  2.6300E-02  2.6300E-02  2.6300E-02  2.6300E-02  2.6300E-02
  2.6300E-02  2.6300E-02  2.6200E-02  2.6200E-02  2.6100E-02
  2.6100E-02  2.6000E-02  2.5900E-02  2.5700E-02  2.5100E-02
  2.4500E-02  2.3700E-02  2.2900E-02  2.2000E-02  2.0000E-02
  1.5000E-02  9.9000E-03  4.1000E-03  1.6000E-03  3.1000E-04
  2.3000E-05
  9.7100E-02  9.7100E-02  9.7100E-02  9.7000E-02  9.7000E-02
  9.6800E-02  9.6500E-02  9.6200E-02  9.5800E-02  9.5300E-02
  9.4800E-02  9.3500E-02  9.1900E-02  9.0100E-02  8.8100E-02
  8.5800E-02  8.3400E-02  7.8100E-02  6.9300E-02  5.3800E-02
  3.9300E-02  2.7200E-02  1.7900E-02  1.1500E-02  4.7000E-03
  2.2000E-03  2.0000E-03  8.0000E-04  2.7000E-04  4.1000E-05
  2.6000E-06
  4.9100E-02  4.9100E-02  4.9100E-02  4.9100E-02  4.9100E-02
  4.9100E-02  4.9100E-02  4.9100E-02  4.9100E-02  4.9100E-02
  4.9100E-02  4.9100E-02  4.9100E-02  4.9100E-02  4.9000E-02
  4.9000E-02  4.8900E-02  4.8700E-02  4.8100E-02  4.6300E-02
  4.3300E-02  3.9500E-02  3.5000E-02  3.0200E-02  2.1000E-02
  7.2000E-03  2.3000E-03  2.7000E-04  4.6000E-05  2.7000E-06
  6.0000E-08
  2.5800E-01  2.5800E-01  2.5800E-01  2.5700E-01  2.5500E-01
  2.5200E-01  2.4600E-01  2.4000E-01  2.3200E-01  2.2300E-01
  2.1300E-01  1.9200E-01  1.6900E-01  1.4500E-01  1.2200E-01
  1.0100E-01  8.2600E-02  5.2800E-02  2.6600E-02  1.3900E-02
  1.3300E-02  1.2100E-02  9.3700E-03  6.3900E-03  2.3000E-03
  3.5000E-04  3.2000E-04  1.3000E-04  4.5000E-05  6.5000E-06
  4.0000E-07
  1.5800E-01  1.5800E-01  1.5800E-01  1.5800E-01  1.5800E-01
  1.5800E-01  1.5800E-01  1.5800E-01  1.5800E-01  1.5700E-01
  1.5600E-01  1.5400E-01  1.5000E-01  1.4500E-01  1.3800E-01
  1.3000E-01  1.2100E-01  9.9900E-02  6.8900E-02  3.0700E-02
  1.2000E-02  5.3200E-03  3.6200E-03  3.4100E-03  3.2000E-03
  1.4000E-03  4.3000E-04  4.8000E-05  7.6000E-06  4.3000E-07
  9.3000E-09
  1.2300E-01  1.2300E-01  1.2300E-01  1.2300E-01  1.2300E-01
  1.2300E-01  1.2300E-01  1.2300E-01  1.2300E-01  1.2200E-01
  1.2200E-01  1.2200E-01  1.2100E-01  1.1900E-01  1.1600E-01
  1.1300E-01  1.0900E-01  9.7900E-02  7.9700E-02  5.1400E-02
  3.1200E-02  1.8500E-02  1.0900E-02  6.4600E-03  2.3000E-03
  2.3000E-04  3.2000E-05  1.3000E-06  1.1000E-07  2.8000E-09
  2.1000E-11
  9.2200E-01  9.1400E-01  8.9000E-01  8.5200E-01  8.0100E-01
  6.7300E-01  5.3100E-01  3.9600E-01  2.8000E-01  1.9000E-01
  1.2500E-01  5.5200E-02  3.2100E-02  2.7500E-02  2.7300E-02
  2.6400E-02  2.3900E-02  1.6500E-02  7.1900E-03  1.6500E-03
  1.0700E-03  1.0300E-03  8.4500E-04  5.9000E-04  2.2000E-04
  2.7000E-05  2.5000E-05  1.0000E-05  3.5000E-06  5.0000E-07
  3.1000E-08
  6.7400E-01  6.7400E-01  6.7300E-01  6.7000E-01  6.6400E-01
  6.3200E-01  5.7300E-01  4.9100E-01  3.9900E-01  3.1000E-01
  2.3200E-01  1.2000E-01  5.6900E-02  2.6300E-02  1.2900E-02
  7.8900E-03  6.3600E-03  6.0700E-03  5.2400E-03  2.5500E-03
  9.5400E-04  3.5400E-04  1.8800E-04  1.6000E-04  1.5000E-04
  6.8000E-05  2.1000E-05  2.4000E-06  3.7000E-07  2.1000E-08
  4.6000E-10