  6.3500E-02  6.3500E-02  6.3500E-02  6.3500E-02  6.3500E-02
  6.3400E-02  6.3300E-02  6.3200E-02  6.3100E-02  6.3000E-02
  6.2800E-02  6.2400E-02  6.1900E-02  6.1400E-02  6.0800E-02
  6.0100E-02  5.9300E-02  5.7600E-02  5.4500E-02  4.8800E-02
  4.2500E-02  3.6300E-02  3.0400E-02  2.5200E-02  1.7000E-02
  5.6000E-03  2.0000E-03  3.2000E-04  7.3000E-05  7.8000E-06
  4.0000E-07
  2.7500E-01  2.7500E-01  2.7400E-01  2.7300E-01  2.7200E-01
  2.6800E-01  2.6200E-01  2.5500E-01  2.4700E-01  2.3700E-01
  2.2700E-01  2.0500E-01  1.8100E-01  1.5600E-01  1.3200E-01
  1.1000E-01  9.0600E-02  5.8400E-02  2.7900E-02  8.2200E-03
  4.5000E-03  4.2500E-03  4.1200E-03  3.6900E-03  2.5000E-03
  7.0000E-04  2.1000E-04  2.8000E-05  5.9000E-06  5.9000E-07
  2.9000E-08
  1.4900E-01  1.4900E-01  1.4900E-01  1.4900E-01  1.4900E-01
  1.4900E-01  1.4900E-01  1.4900E-01  1.4800E-01  1.4800E-01
  1.4700E-01  1.4500E-01  1.4200E-01  1.3700E-01  1.3100E-01
  1.2400E-01  1.1600E-01  9.9200E-02  7.4000E-02  4.1400E-02
  2.2100E-02  1.1800E-02  6.3600E-03  3.5200E-03  1.2000E-03
  1.1000E-04  1.7000E-05  9.4000E-07  1.1000E-07  4.9000E-09
  8.9000E-11
  1.0400E+00  1.0300E+00  9.9200E-01  9.4000E-01  8.7200E-01
  7.0700E-01  5.3100E-01  3.7400E-01  2.4800E-01  1.5800E-01
  9.7900E-02  4.0700E-02  2.5600E-02  2.3700E-02  2.3500E-02
  2.2100E-02  1.9400E-02  1.2900E-02  5.6600E-03  1.1600E-03
  3.6100E-04  2.8700E-04  2.8300E-04  2.5800E-04  1.8000E-04
  4.9000E-05  1.4000E-05  1.9000E-06  3.9000E-07  3.9000E-08
  1.9000E-09
  7.4400E-01  7.4400E-01  7.4300E-01  7.3900E-01  7.2800E-01
  6.8100E-01  5.9700E-01  4.9000E-01  3.8000E-01  2.8100E-01
  2.0100E-01  9.4600E-02  4.1900E-02  1.8300E-02  8.7200E-03
  5.2400E-03  4.2100E-03  4.0100E-03  3.6000E-03  2.1700E-03
  1.1500E-03  5.9900E-04  3.1900E-04  1.7400E-04  5.6000E-05
  5.2000E-06  7.7000E-07  4.3000E-08  5.0000E-09  2.2000E-10
  4.1000E-12