  1.3200E-02  1.3200E-02  1.3200E-02  1.3200E-02  1.3200E-02
  1.3200E-02  1.3200E-02  1.3200E-02  1.3200E-02  1.3200E-02
  1.3200E-02  1.3200E-02  1.3200E-02  1.3200E-02  1.3200E-02
  1.3200E-02  1.3200E-02  1.3100E-02  1.3100E-02  1.3000E-02
  1.2900E-02  1.2800E-02  1.2700E-02  1.2600E-02  1.2000E-02
  1.1000E-02  9.8000E-03  7.1000E-03  4.8000E-03  2.0000E-03
  3.9000E-04
  4.7000E-02  4.7000E-02  4.7000E-02  4.7000E-02  4.7000E-02
  4.7000E-02  4.7000E-02  4.6900E-02  4.6900E-02  4.6800E-02
  4.6800E-02  4.6600E-02  4.6400E-02  4.6200E-02  4.6000E-02
  4.5700E-02  4.5400E-02  4.4600E-02  4.3400E-02  4.0700E-02
  3.7600E-02  3.4100E-02  3.0400E-02  2.6800E-02  2.0000E-02
  7.5000E-03  2.5000E-03  1.2000E-03  1.0000E-03  4.6000E-04
  7.2000E-05
  2.3300E-02  2.3300E-02  2.3300E-02  2.3300E-02  2.3300E-02
  2.3300E-02  2.3300E-02  2.3300E-02  2.3300E-02  2.3300E-02
  2.3300E-02  2.3300E-02  2.3300E-02  2.3300E-02  2.3300E-02
  2.3300E-02  2.3300E-02  2.3200E-02  2.3200E-02  2.3200E-02
  2.3000E-02  2.2800E-02  2.2500E-02  2.2100E-02  2.1000E-02
  1.6000E-02  1.1000E-02  4.1000E-03  1.4000E-03  2.0000E-04
  1.2000E-05
  2.4800E-02  2.4800E-02  2.4800E-02  2.4800E-02  2.4800E-02
  2.4800E-02  2.4800E-02  2.4800E-02  2.4800E-02  2.4800E-02
  2.4800E-02  2.4800E-02  2.4800E-02  2.4800E-02  2.4800E-02
  2.4800E-02  2.4800E-02  2.4800E-02  2.4700E-02  2.4700E-02
  2.4500E-02  2.4200E-02  2.3900E-02  2.3300E-02  2.2000E-02
  1.6000E-02  1.1000E-02  3.5000E-03  1.1000E-03  1.3000E-04
  5.2000E-06
  1.0600E-01  1.0600E-01  1.0600E-01  1.0600E-01  1.0600E-01
  1.0600E-01  1.0500E-01  1.0500E-01  1.0400E-01  1.0300E-01
  1.0200E-01  1.0100E-01  9.8200E-02  9.5400E-02  9.2400E-02
  8.9100E-02  8.5600E-02  7.7900E-02  6.5700E-02  4.5900E-02
  2.9700E-02  1.8600E-02  1.2100E-02  8.9700E-03  7.7000E-03
  5.5000E-03  1.9000E-03  2.6000E-04  2.3000E-04  1.1000E-04
  1.6000E-05
  6.2800E-02  6.2800E-02  6.2800E-02  6.2800E-02  6.2800E-02
  6.2800E-02  6.2800E-02  6.2800E-02  6.2800E-02  6.2800E-02
  6.2700E-02  6.2700E-02  6.2700E-02  6.2600E-02  6.2500E-02
  6.2300E-02  6.2100E-02  6.1400E-02  5.9800E-02  5.5200E-02
  4.8200E-02  3.9800E-02  3.1000E-02  2.2900E-02  1.1000E-02
  2.4000E-03  2.2000E-03  1.1000E-03  4.0000E-04  5.5000E-05
  3.0000E-06
  6.5400E-02  6.5400E-02  6.5400E-02  6.5400E-02  6.5400E-02
  6.5400E-02  6.5400E-02  6.5400E-02  6.5400E-02  6.5400E-02
  6.5400E-02  6.5300E-02  6.5300E-02  6.5200E-02  6.5100E-02
  6.4900E-02  6.4600E-02  6.3800E-02  6.1900E-02  5.6400E-02
  4.8400E-02  3.9000E-02  2.9600E-02  2.1300E-02  9.8000E-03
  2.5000E-03  2.3000E-03  1.0000E-03  3.2000E-04  3.6000E-05
  1.3000E-06
  4.3100E-02  4.3100E-02  4.3100E-02  4.3100E-02  4.3100E-02
  4.3100E-02  4.3100E-02  4.3100E-02  4.3100E-02  4.3100E-02
  4.3100E-02  4.3100E-02  4.3100E-02  4.3100E-02  4.3100E-02
  4.3100E-02  4.3100E-02  4.3100E-02  4.2900E-02  4.2400E-02
  4.1200E-02  3.9100E-02  3.6100E-02  3.2400E-02  2.4000E-02
  8.9000E-03  2.8000E-03  3.0000E-04  4.3000E-05  2.0000E-06
  3.0000E-08
  4.3600E-02  4.3600E-02  4.3600E-02  4.3600E-02  4.3600E-02
  4.3600E-02  4.3600E-02  4.3600E-02  4.3600E-02  4.3600E-02
  4.3600E-02  4.3600E-02  4.3600E-02  4.3600E-02  4.3600E-02
  4.3600E-02  4.3600E-02  4.3600E-02  4.3500E-02  4.2900E-02
  4.1700E-02  3.9400E-02  3.6300E-02  3.2500E-02  2.4000E-02
  8.6000E-03  2.6000E-03  2.7000E-04  3.7000E-05  1.5000E-06
  1.8000E-08
  2.2800E-01  2.2800E-01  2.2800E-01  2.2700E-01  2.2600E-01
  2.2300E-01  2.1900E-01  2.1300E-01  2.0700E-01  2.0000E-01
  1.9200E-01  1.7500E-01  1.5600E-01  1.3600E-01  1.1600E-01
  9.8200E-02  8.1600E-02  5.4800E-02  3.1100E-02  2.0700E-02
  2.0200E-02  1.6800E-02  1.1200E-02  6.5100E-03  2.3000E-03
  1.6000E-03  6.0000E-04  6.1000E-05  5.2000E-05  2.5000E-05
  3.7000E-06
  1.4600E-01  1.4600E-01  1.4600E-01  1.4600E-01  1.4600E-01
  1.4600E-01  1.4600E-01  1.4600E-01  1.4600E-01  1.4500E-01
  1.4500E-01  1.4300E-01  1.4000E-01  1.3600E-01  1.3100E-01
  1.2500E-01  1.1700E-01  9.8700E-02  6.9300E-02  3.0900E-02
  1.3100E-02  8.5000E-03  8.1400E-03  7.8000E-03  5.1000E-03
  7.1000E-04  4.2000E-04  2.5000E-04  9.0000E-05  1.2000E-05
  6.5000E-07
  1.5200E-01  1.5200E-01  1.5200E-01  1.5200E-01  1.5200E-01
  1.5200E-01  1.5200E-01  1.5200E-01  1.5100E-01  1.5100E-01
  1.5000E-01  1.4800E-01  1.4500E-01  1.4100E-01  1.3400E-01
  1.2700E-01  1.1800E-01  9.7700E-02  6.6200E-02  2.7700E-02
  1.1900E-02  8.6700E-03  8.5200E-03  7.8600E-03  4.7000E-03
  6.3000E-04  4.7000E-04  2.3000E-04  7.3000E-05  8.1000E-06
  3.0000E-07
  1.2100E-01  1.2100E-01  1.2100E-01  1.2100E-01  1.2100E-01
  1.2100E-01  1.2100E-01  1.2100E-01  1.2100E-01  1.2100E-01
  1.2100E-01  1.2100E-01  1.2000E-01  1.1900E-01  1.1800E-01
  1.1600E-01  1.1200E-01  1.0300E-01  8.4700E-02  5.0500E-02
  2.4900E-02  1.1100E-02  5.2900E-03  3.4400E-03  3.1000E-03
  1.8000E-03  6.2000E-04  6.8000E-05  9.7000E-06  4.3000E-07
  6.4000E-09
  1.2300E-01  1.2300E-01  1.2300E-01  1.2300E-01  1.2300E-01
  1.2300E-01  1.2300E-01  1.2300E-01  1.2300E-01  1.2300E-01
  1.2300E-01  1.2200E-01  1.2200E-01  1.2100E-01  1.1900E-01
  1.1700E-01  1.1300E-01  1.0400E-01  8.4700E-02  4.9700E-02
  2.4100E-02  1.0600E-02  5.0700E-03  3.3900E-03  3.1000E-03
  1.7000E-03  5.8000E-04  6.1000E-05  8.3000E-06  3.3000E-07
  3.9000E-09
  1.4100E-01  1.4100E-01  1.4100E-01  1.4100E-01  1.4100E-01
  1.4100E-01  1.4100E-01  1.4100E-01  1.4100E-01  1.4000E-01
  1.4000E-01  1.3800E-01  1.3500E-01  1.3000E-01  1.2400E-01
  1.1800E-01  1.1000E-01  9.5100E-02  7.3300E-02  4.4800E-02
  2.6400E-02  1.5300E-02  8.8900E-03  5.1800E-03  1.8000E-03
  1.6000E-04  2.1000E-05  7.1000E-07  4.9000E-08  8.2000E-10
  4.8000E-12
  5.9700E-01  5.9500E-01  5.8700E-01  5.7500E-01  5.5800E-01
  5.1300E-01  4.5700E-01  3.9300E-01  3.2900E-01  2.6700E-01
  2.1100E-01  1.2500E-01  7.3800E-02  4.9100E-02  4.0500E-02
  3.9000E-02  3.8900E-02  3.4600E-02  2.0500E-02  5.5800E-03
  3.3700E-03  3.2200E-03  2.4200E-03  1.4600E-03  4.4000E-04
  2.5000E-04  1.0000E-04  9.5000E-06  8.0000E-06  3.8000E-06
  5.7000E-07
  4.0700E-01  4.0700E-01  4.0700E-01  4.0700E-01  4.0600E-01
  4.0300E-01  3.9500E-01  3.8200E-01  3.6100E-01  3.3400E-01
  3.0300E-01  2.3100E-01  1.6100E-01  1.0400E-01  6.4100E-02
  3.8700E-02  2.4500E-02  1.5200E-02  1.4300E-02  9.1900E-03
  3.5700E-03  1.4300E-03  1.0400E-03  1.0300E-03  7.5000E-04
  1.0000E-04  5.5000E-05  3.3000E-05  1.2000E-05  1.6000E-06
  8.6000E-08
  4.3400E-01  4.3400E-01  4.3400E-01  4.3400E-01  4.3300E-01
  4.2800E-01  4.1800E-01  4.0000E-01  3.7400E-01  3.4200E-01
  3.0300E-01  2.2200E-01  1.4800E-01  9.1000E-02  5.3500E-02
  3.1700E-02  2.0600E-02  1.4600E-02  1.4000E-02  7.8800E-03
  2.7900E-03  1.2100E-03  1.0200E-03  9.9600E-04  6.5000E-04
  8.3000E-05  5.6000E-05  2.9000E-05  9.1000E-06  9.9000E-07
  3.7000E-08
  2.1300E+00  2.0300E+00  1.7700E+00  1.4200E+00  1.0400E+00
  4.5200E-01  1.6700E-01  7.9900E-02  6.6400E-02  6.5700E-02
  6.0600E-02  3.9400E-02  2.0100E-02  9.2900E-03  4.6700E-03
  3.2100E-03  2.9500E-03  2.8400E-03  1.8200E-03  4.7400E-04
  2.3900E-04  2.2900E-04  1.7600E-04  1.0700E-04  3.2000E-05
  1.8000E-05  7.1000E-06  6.7000E-07  5.6000E-07  2.7000E-07
  4.0000E-08