  4.9000E-02  4.9000E-02  4.9000E-02  4.9000E-02  4.9000E-02
  4.9000E-02  4.8900E-02  4.8900E-02  4.8800E-02  4.8800E-02
  4.8700E-02  4.8500E-02  4.8300E-02  4.8000E-02  4.7800E-02
  4.7400E-02  4.7100E-02  4.6200E-02  4.4700E-02  4.1800E-02
  3.8300E-02  3.4700E-02  3.0900E-02  2.7200E-02  2.1000E-02
  9.2000E-03  3.9000E-03  8.1000E-04  2.1000E-04  2.5000E-05
  1.4000E-06
  1.9800E-01  1.9800E-01  1.9800E-01  1.9800E-01  1.9700E-01
  1.9600E-01  1.9300E-01  1.9100E-01  1.8700E-01  1.8400E-01
  1.7900E-01  1.7000E-01  1.5900E-01  1.4600E-01  1.3400E-01
  1.2100E-01  1.0800E-01  8.4300E-02  5.4200E-02  2.2600E-02
  9.0200E-03  4.6200E-03  3.6800E-03  3.6100E-03  3.3000E-03
  1.5000E-03  5.6000E-04  9.1000E-05  2.1000E-05  2.2000E-06
  1.2000E-07
  1.0400E-01  1.0400E-01  1.0400E-01  1.0400E-01  1.0400E-01
  1.0400E-01  1.0400E-01  1.0400E-01  1.0400E-01  1.0400E-01
  1.0300E-01  1.0300E-01  1.0200E-01  1.0100E-01  1.0000E-01
  9.8300E-02  9.6100E-02  9.0400E-02  7.9400E-02  5.8600E-02
  3.9800E-02  2.5800E-02  1.6300E-02  1.0300E-02  4.1000E-03
  5.3000E-04  9.3000E-05  6.0000E-06  7.5000E-07  3.5000E-08
  6.5000E-10
  6.4900E-01  6.4600E-01  6.3700E-01  6.2300E-01  6.0400E-01
  5.5200E-01  4.8900E-01  4.1900E-01  3.4800E-01  2.8100E-01
  2.2200E-01  1.3000E-01  7.2300E-02  4.1500E-02  2.7500E-02
  2.2400E-02  2.1100E-02  2.0800E-02  1.7000E-02  7.5800E-03
  2.5300E-03  8.3100E-04  4.2000E-04  3.6200E-04  3.5000E-04
  1.6000E-04  5.8000E-05  9.2000E-06  2.1000E-06  2.2000E-07
  1.1000E-08
  4.4200E-01  4.4200E-01  4.4100E-01  4.4100E-01  4.4000E-01
  4.3500E-01  4.2300E-01  4.0200E-01  3.7400E-01  3.4000E-01
  3.0200E-01  2.2400E-01  1.5600E-01  1.0400E-01  6.6500E-02
  4.1600E-02  2.5700E-02  1.0200E-02  4.6500E-03  4.2000E-03
  3.4500E-03  2.3800E-03  1.5200E-03  9.4900E-04  3.7000E-04
  4.5000E-05  7.7000E-06  4.8000E-07  6.0000E-08  2.8000E-09
  5.1000E-11