  1.8800E-02  1.8800E-02  1.8800E-02  1.8800E-02  1.8800E-02
  1.8800E-02  1.8800E-02  1.8800E-02  1.8800E-02  1.8800E-02
  1.8800E-02  1.8800E-02  1.8800E-02  1.8800E-02  1.8700E-02
  1.8700E-02  1.8700E-02  1.8700E-02  1.8600E-02  1.8400E-02
  1.8100E-02  1.7800E-02  1.7500E-02  1.7100E-02  1.6000E-02
  1.4000E-02  1.1000E-02  6.2000E-03  3.3000E-03  9.4000E-04
  1.2000E-04
  6.8200E-02  6.8200E-02  6.8200E-02  6.8100E-02  6.8100E-02
  6.8100E-02  6.8000E-02  6.7800E-02  6.7700E-02  6.7500E-02
  6.7300E-02  6.6900E-02  6.6300E-02  6.5700E-02  6.4900E-02
  6.4100E-02  6.3200E-02  6.1100E-02  5.7500E-02  5.0600E-02
  4.2900E-02  3.5300E-02  2.8200E-02  2.1900E-02  1.2000E-02
  2.7000E-03  1.6000E-03  1.3000E-03  7.2000E-04  1.7000E-04
  1.7000E-05
  3.4100E-02  3.4100E-02  3.4100E-02  3.4100E-02  3.4100E-02
  3.4100E-02  3.4100E-02  3.4100E-02  3.4100E-02  3.4100E-02
  3.4100E-02  3.4100E-02  3.4100E-02  3.4100E-02  3.4000E-02
  3.4000E-02  3.4000E-02  3.4000E-02  3.3900E-02  3.3500E-02
  3.2800E-02  3.1800E-02  3.0400E-02  2.8600E-02  2.4000E-02
  1.4000E-02  6.5000E-03  1.3000E-03  3.2000E-04  3.0000E-05
  1.2000E-06
  3.5200E-02  3.5200E-02  3.5200E-02  3.5200E-02  3.5200E-02
  3.5200E-02  3.5200E-02  3.5200E-02  3.5200E-02  3.5200E-02
  3.5200E-02  3.5200E-02  3.5200E-02  3.5200E-02  3.5200E-02
  3.5200E-02  3.5100E-02  3.5100E-02  3.5000E-02  3.4600E-02
  3.3800E-02  3.2600E-02  3.1100E-02  2.9100E-02  2.5000E-02
  1.3000E-02  6.0000E-03  1.2000E-03  2.5000E-04  2.1000E-05
  6.2000E-07
  1.6400E-01  1.6400E-01  1.6400E-01  1.6400E-01  1.6300E-01
  1.6200E-01  1.6100E-01  1.5900E-01  1.5700E-01  1.5400E-01
  1.5200E-01  1.4500E-01  1.3700E-01  1.2900E-01  1.1900E-01
  1.1000E-01  1.0000E-01  8.1100E-02  5.5800E-02  2.7100E-02
  1.4300E-02  1.0800E-02  1.0400E-02  1.0200E-02  7.7000E-03
  1.5000E-03  3.4000E-04  2.6000E-04  1.5000E-04  3.3000E-05
  3.2000E-06
  9.8200E-02  9.8200E-02  9.8200E-02  9.8200E-02  9.8200E-02
  9.8200E-02  9.8200E-02  9.8100E-02  9.8100E-02  9.8100E-02
  9.8000E-02  9.7800E-02  9.7300E-02  9.6700E-02  9.5700E-02
  9.4500E-02  9.2900E-02  8.8500E-02  7.9200E-02  5.9200E-02
  3.8900E-02  2.2900E-02  1.2600E-02  6.9100E-03  3.2000E-03
  2.6000E-03  1.5000E-03  3.2000E-04  7.2000E-05  6.4000E-06
  2.5000E-07
  1.0100E-01  1.0100E-01  1.0100E-01  1.0100E-01  1.0100E-01
  1.0100E-01  1.0000E-01  1.0000E-01  1.0000E-01  1.0000E-01
  1.0000E-01  1.0000E-01  9.9600E-02  9.8800E-02  9.7800E-02
  9.6400E-02  9.4600E-02  8.9800E-02  7.9800E-02  5.8500E-02
  3.7500E-02  2.1600E-02  1.1600E-02  6.3600E-03  3.2000E-03
  2.7000E-03  1.5000E-03  2.8000E-04  5.8000E-05  4.5000E-06
  1.3000E-07
  6.9000E-02  6.9000E-02  6.9000E-02  6.9000E-02  6.9000E-02
  6.9000E-02  6.9000E-02  6.9000E-02  6.9000E-02  6.9000E-02
  6.9000E-02  6.9000E-02  6.9000E-02  6.8900E-02  6.8900E-02
  6.8700E-02  6.8600E-02  6.7900E-02  6.6100E-02  6.0000E-02
  5.0900E-02  4.0600E-02  3.0900E-02  2.2700E-02  1.2000E-02
  2.1000E-03  4.1000E-04  2.6000E-05  2.8000E-06  9.4000E-08
  1.2000E-09
  6.9700E-02  6.9700E-02  6.9700E-02  6.9700E-02  6.9700E-02
  6.9700E-02  6.9700E-02  6.9700E-02  6.9700E-02  6.9700E-02
  6.9700E-02  6.9600E-02  6.9600E-02  6.9600E-02  6.9500E-02
  6.9400E-02  6.9200E-02  6.8500E-02  6.6600E-02  6.0300E-02
  5.0900E-02  4.0400E-02  3.0600E-02  2.2400E-02  1.1000E-02
  2.0000E-03  3.9000E-04  2.3000E-05  2.4000E-06  7.5000E-08
  8.1000E-10
  4.1600E-01  4.1500E-01  4.1200E-01  4.0800E-01  4.0200E-01
  3.8600E-01  3.6500E-01  3.3900E-01  3.1000E-01  2.7900E-01
  2.4800E-01  1.8800E-01  1.3500E-01  9.4400E-02  6.5000E-02
  4.6000E-02  3.5000E-02  2.7400E-02  2.6600E-02  1.8700E-02
  8.3900E-03  3.2900E-03  1.9200E-03  1.7700E-03  1.5000E-03
  3.2000E-04  6.0000E-05  4.4000E-05  2.4000E-05  5.5000E-06
  5.2000E-07
  2.7600E-01  2.7600E-01  2.7600E-01  2.7600E-01  2.7600E-01
  2.7500E-01  2.7400E-01  2.7100E-01  2.6700E-01  2.6100E-01
  2.5200E-01  2.3000E-01  2.0100E-01  1.6800E-01  1.3600E-01
  1.0600E-01  7.9600E-02  4.2000E-02  1.6200E-02  9.2300E-03
  8.6800E-03  6.2900E-03  3.6900E-03  1.9300E-03  5.7000E-04
  3.6000E-04  2.2000E-04  4.7000E-05  1.1000E-05  9.3000E-07
  3.6000E-08
  2.8100E-01  2.8100E-01  2.8100E-01  2.8100E-01  2.8100E-01
  2.8100E-01  2.7900E-01  2.7600E-01  2.7200E-01  2.6500E-01
  2.5600E-01  2.3200E-01  2.0100E-01  1.6700E-01  1.3300E-01
  1.0200E-01  7.6100E-02  3.9300E-02  1.5200E-02  9.4900E-03
  8.7200E-03  6.0700E-03  3.4300E-03  1.7400E-03  5.4000E-04
  3.7000E-04  2.1000E-04  4.2000E-05  8.5000E-06  6.5000E-07
  1.9000E-08
  2.9600E-01  2.9600E-01  2.9600E-01  2.9600E-01  2.9600E-01
  2.9600E-01  2.9400E-01  2.9200E-01  2.8600E-01  2.7700E-01
  2.6600E-01  2.3600E-01  2.0000E-01  1.6500E-01  1.3200E-01
  1.0400E-01  7.9800E-02  4.5500E-02  1.8100E-02  4.1500E-03
  2.2700E-03  2.2100E-03  2.0300E-03  1.6800E-03  9.6000E-04
  1.8000E-04  3.6000E-05  2.2000E-06  2.4000E-07  8.0000E-09
  1.1000E-10
  3.0300E-01  3.0300E-01  3.0300E-01  3.0300E-01  3.0300E-01
  3.0200E-01  3.0100E-01  2.9800E-01  2.9100E-01  2.8100E-01
  2.6900E-01  2.3600E-01  1.9900E-01  1.6200E-01  1.2900E-01
  1.0100E-01  7.7000E-02  4.3400E-02  1.7100E-02  3.9300E-03
  2.2400E-03  2.1900E-03  2.0000E-03  1.6400E-03  9.2000E-04
  1.7000E-04  3.3000E-05  2.0000E-06  2.0000E-07  6.3000E-09
  6.9000E-11
  1.7400E+00  1.6900E+00  1.5400E+00  1.3300E+00  1.0900E+00
  6.2400E-01  3.0400E-01  1.3500E-01  6.3900E-02  4.1100E-02
  3.6500E-02  3.5500E-02  2.9600E-02  2.1200E-02  1.3800E-02
  8.4100E-03  5.0400E-03  2.1500E-03  1.5700E-03  1.2700E-03
  6.0000E-04  2.2500E-04  1.1400E-04  9.9500E-05  8.9000E-05
  1.9000E-05  3.4000E-06  2.4000E-06  1.4000E-06  3.1000E-07
  2.9000E-08