  1.1100E-02  1.1100E-02  1.1100E-02  1.1100E-02  1.1100E-02
  1.1100E-02  1.1100E-02  1.1100E-02  1.1100E-02  1.1100E-02
  1.1100E-02  1.1100E-02  1.1100E-02  1.1100E-02  1.1100E-02
  1.1100E-02  1.1100E-02  1.1100E-02  1.1100E-02  1.1000E-02
  1.1000E-02  1.0900E-02  1.0800E-02  1.0700E-02  1.0700E-02
  9.8000E-03  9.0000E-03  7.0000E-03  5.2000E-03  2.6000E-03
  6.2000E-04
  3.9500E-02  3.9500E-02  3.9500E-02  3.9500E-02  3.9500E-02
  3.9500E-02  3.9400E-02  3.9400E-02  3.9400E-02  3.9400E-02
  3.9300E-02  3.9200E-02  3.9100E-02  3.9000E-02  3.8800E-02
  3.8700E-02  3.8500E-02  3.8000E-02  3.7300E-02  3.5600E-02
  3.3700E-02  3.1400E-02  2.9000E-02  2.6400E-02  2.1000E-02
  1.0000E-02  4.2000E-03  1.1000E-03  9.7000E-04  6.2000E-04
  1.3000E-04
  1.9400E-02  1.9400E-02  1.9400E-02  1.9400E-02  1.9400E-02
  1.9400E-02  1.9400E-02  1.9400E-02  1.9400E-02  1.9400E-02
  1.9400E-02  1.9400E-02  1.9400E-02  1.9400E-02  1.9400E-02
  1.9400E-02  1.9400E-02  1.9400E-02  1.9400E-02  1.9400E-02
  1.9300E-02  1.9200E-02  1.9100E-02  1.8900E-02  1.8000E-02
  1.6000E-02  1.2000E-02  5.7000E-03  2.4000E-03  4.4000E-04
  3.2000E-05
  2.1100E-02  2.1100E-02  2.1100E-02  2.1100E-02  2.1100E-02
  2.1100E-02  2.1100E-02  2.1100E-02  2.1100E-02  2.1100E-02
  2.1100E-02  2.1100E-02  2.1100E-02  2.1100E-02  2.1100E-02
  2.1100E-02  2.1100E-02  2.1100E-02  2.1100E-02  2.1100E-02
  2.1000E-02  2.0900E-02  2.0700E-02  2.0400E-02  2.0000E-02
  1.6000E-02  1.2000E-02  5.0000E-03  1.8000E-03  2.7000E-04
  1.3000E-05
  8.7600E-02  8.7600E-02  8.7500E-02  8.7500E-02  8.7400E-02
  8.7300E-02  8.7100E-02  8.6800E-02  8.6400E-02  8.6000E-02
  8.5500E-02  8.4400E-02  8.3000E-02  8.1400E-02  7.9600E-02
  7.7600E-02  7.5500E-02  7.0700E-02  6.2800E-02  4.8800E-02
  3.5700E-02  2.4800E-02  1.6800E-02  1.1600E-02  7.2000E-03
  6.2000E-03  3.5000E-03  4.4000E-04  2.1000E-04  1.5000E-04
  3.1000E-05
  5.1600E-02  5.1600E-02  5.1600E-02  5.1600E-02  5.1600E-02
  5.1600E-02  5.1600E-02  5.1600E-02  5.1600E-02  5.1600E-02
  5.1500E-02  5.1500E-02  5.1500E-02  5.1500E-02  5.1400E-02
  5.1400E-02  5.1300E-02  5.1000E-02  5.0300E-02  4.8200E-02
  4.4700E-02  4.0000E-02  3.4300E-02  2.8400E-02  1.7000E-02
  3.7000E-03  1.9000E-03  1.5000E-03  7.1000E-04  1.3000E-04
  8.7000E-06
  5.4500E-02  5.4500E-02  5.4500E-02  5.4500E-02  5.4500E-02
  5.4500E-02  5.4500E-02  5.4500E-02  5.4500E-02  5.4500E-02
  5.4500E-02  5.4500E-02  5.4500E-02  5.4400E-02  5.4400E-02
  5.4300E-02  5.4200E-02  5.3800E-02  5.3000E-02  5.0300E-02
  4.6000E-02  4.0200E-02  3.3700E-02  2.7000E-02  1.6000E-02
  3.2000E-03  2.1000E-03  1.5000E-03  5.9000E-04  8.3000E-05
  3.7000E-06
  3.5500E-02  3.5500E-02  3.5500E-02  3.5500E-02  3.5500E-02
  3.5500E-02  3.5500E-02  3.5500E-02  3.5500E-02  3.5500E-02
  3.5500E-02  3.5500E-02  3.5500E-02  3.5500E-02  3.5500E-02
  3.5500E-02  3.5500E-02  3.5500E-02  3.5500E-02  3.5300E-02
  3.4900E-02  3.4100E-02  3.2800E-02  3.0900E-02  2.6000E-02
  1.3000E-02  5.2000E-03  7.5000E-04  1.3000E-04  6.9000E-06
  1.2000E-07
  3.6200E-02  3.6200E-02  3.6200E-02  3.6200E-02  3.6200E-02
  3.6200E-02  3.6200E-02  3.6200E-02  3.6200E-02  3.6200E-02
  3.6200E-02  3.6200E-02  3.6200E-02  3.6200E-02  3.6200E-02
  3.6200E-02  3.6200E-02  3.6200E-02  3.6100E-02  3.6000E-02
  3.5500E-02  3.4600E-02  3.3200E-02  3.1200E-02  2.6000E-02
  1.3000E-02  4.9000E-03  6.7000E-04  1.1000E-04  5.2000E-06
  7.1000E-08
  1.8600E-01  1.8600E-01  1.8600E-01  1.8600E-01  1.8500E-01
  1.8300E-01  1.8100E-01  1.7800E-01  1.7500E-01  1.7100E-01
  1.6600E-01  1.5500E-01  1.4400E-01  1.3100E-01  1.1800E-01
  1.0500E-01  9.1700E-02  6.8500E-02  4.2000E-02  2.1100E-02
  1.7200E-02  1.6900E-02  1.4900E-02  1.1300E-02  4.8000E-03
  1.6000E-03  1.1000E-03  1.4000E-04  4.8000E-05  3.6000E-05
  7.5000E-06
  1.1800E-01  1.1800E-01  1.1800E-01  1.1800E-01  1.1800E-01
  1.1800E-01  1.1800E-01  1.1800E-01  1.1800E-01  1.1800E-01
  1.1800E-01  1.1700E-01  1.1600E-01  1.1400E-01  1.1200E-01
  1.0900E-01  1.0600E-01  9.6100E-02  7.8300E-02  4.6800E-02
  2.3600E-02  1.1800E-02  7.6400E-03  6.9000E-03  6.5000E-03
  1.8000E-03  4.4000E-04  3.4000E-04  1.7000E-04  3.1000E-05
  2.0000E-06
  1.2500E-01  1.2500E-01  1.2500E-01  1.2500E-01  1.2500E-01
  1.2500E-01  1.2500E-01  1.2500E-01  1.2500E-01  1.2500E-01
  1.2500E-01  1.2400E-01  1.2200E-01  1.2000E-01  1.1700E-01
  1.1400E-01  1.0900E-01  9.7600E-02  7.6700E-02  4.2600E-02
  2.0200E-02  1.0300E-02  7.5700E-03  7.3200E-03  6.4000E-03
  1.4000E-03  4.5000E-04  3.4000E-04  1.4000E-04  2.0000E-05
  8.6000E-07
  9.7500E-02  9.7500E-02  9.7500E-02  9.7500E-02  9.7500E-02
  9.7500E-02  9.7500E-02  9.7500E-02  9.7500E-02  9.7500E-02
  9.7500E-02  9.7400E-02  9.7300E-02  9.7000E-02  9.6500E-02
  9.5700E-02  9.4600E-02  9.1200E-02  8.2600E-02  6.1700E-02
  3.9700E-02  2.2700E-02  1.2000E-02  6.3200E-03  2.9000E-03
  2.4000E-03  1.2000E-03  1.9000E-04  3.2000E-05  1.7000E-06
  2.8000E-08
  9.9400E-02  9.9400E-02  9.9400E-02  9.9400E-02  9.9400E-02
  9.9400E-02  9.9400E-02  9.9400E-02  9.9400E-02  9.9400E-02
  9.9400E-02  9.9300E-02  9.9200E-02  9.8900E-02  9.8300E-02
  9.7500E-02  9.6300E-02  9.2500E-02  8.3200E-02  6.1100E-02
  3.8600E-02  2.1600E-02  1.1200E-02  5.8900E-03  2.9000E-03
  2.3000E-03  1.1000E-03  1.7000E-04  2.7000E-05  1.3000E-06
  1.7000E-08
  1.0400E-01  1.0400E-01  1.0400E-01  1.0400E-01  1.0400E-01
  1.0400E-01  1.0400E-01  1.0400E-01  1.0400E-01  1.0400E-01
  1.0400E-01  1.0400E-01  1.0300E-01  1.0200E-01  9.9800E-02
  9.7400E-02  9.4400E-02  8.7500E-02  7.5500E-02  5.5600E-02
  3.9000E-02  2.6600E-02  1.7800E-02  1.1800E-02  5.2000E-03
  6.8000E-04  1.1000E-04  4.7000E-06  3.7000E-07  7.1000E-09
  4.0000E-11
  1.0700E-01  1.0700E-01  1.0700E-01  1.0700E-01  1.0700E-01
  1.0700E-01  1.0700E-01  1.0700E-01  1.0700E-01  1.0700E-01
  1.0700E-01  1.0700E-01  1.0600E-01  1.0400E-01  1.0200E-01
  9.8800E-02  9.5500E-02  8.7900E-02  7.5200E-02  5.4700E-02
  3.8000E-02  2.5700E-02  1.7100E-02  1.1300E-02  4.9000E-03
  6.4000E-04  9.9000E-05  4.2000E-06  3.2000E-07  5.6000E-09
  2.6000E-11
  5.0900E-01  5.0700E-01  5.0300E-01  4.9500E-01  4.8500E-01
  4.5600E-01  4.1900E-01  3.7700E-01  3.3100E-01  2.8400E-01
  2.3900E-01  1.6000E-01  1.0200E-01  6.4600E-02  4.3900E-02
  3.4400E-02  3.1200E-02  3.0600E-02  2.5900E-02  1.1000E-02
  3.8700E-03  2.6700E-03  2.6100E-03  2.2300E-03  1.0000E-03
  2.3000E-04  1.7000E-04  2.1000E-05  7.1000E-06  5.2000E-06
  1.1000E-06
  3.4700E-01  3.4700E-01  3.4700E-01  3.4700E-01  3.4700E-01
  3.4500E-01  3.4100E-01  3.3400E-01  3.2300E-01  3.0800E-01
  2.8900E-01  2.4300E-01  1.9000E-01  1.4100E-01  9.8800E-02
  6.6400E-02  4.3500E-02  1.9400E-02  1.1000E-02  1.0100E-02
  6.3900E-03  2.9800E-03  1.3500E-03  8.6100E-04  7.9000E-04
  2.6000E-04  5.5000E-05  4.0000E-05  2.0000E-05  3.7000E-06
  2.4000E-07
  3.7800E-01  3.7800E-01  3.7800E-01  3.7700E-01  3.7700E-01
  3.7500E-01  3.6900E-01  3.5900E-01  3.4400E-01  3.2300E-01
  2.9800E-01  2.4000E-01  1.7900E-01  1.2500E-01  8.3100E-02
  5.3000E-02  3.3400E-02  1.5300E-02  1.0900E-02  9.4300E-03
  5.1400E-03  2.1700E-03  1.0400E-03  8.0300E-04  7.5000E-04
  1.8000E-04  5.0000E-05  3.8000E-05  1.6000E-05  2.2000E-06
  9.6000E-08
  1.9500E+00  1.8800E+00  1.6800E+00  1.3900E+00  1.0800E+00
  5.3700E-01  2.2200E-01  9.1900E-02  5.5400E-02  5.0300E-02
  4.9900E-02  4.0800E-02  2.6200E-02  1.4600E-02  7.5300E-03
  4.0100E-03  2.5300E-03  1.9600E-03  1.8000E-03  8.1300E-04
  2.6400E-04  1.6000E-04  1.5600E-04  1.3500E-04  6.3000E-05
  1.4000E-05  1.0000E-05  1.3000E-06  4.2000E-07  3.1000E-07
  6.5000E-08