  1.8400E-02  1.8400E-02  1.8400E-02  1.8400E-02  1.8400E-02
  1.8400E-02  1.8400E-02  1.8400E-02  1.8300E-02  1.8300E-02
  1.8300E-02  1.8300E-02  1.8300E-02  1.8300E-02  1.8300E-02
  1.8300E-02  1.8300E-02  1.8200E-02  1.8100E-02  1.7900E-02
  1.7700E-02  1.7400E-02  1.7100E-02  1.6700E-02  1.6000E-02
  1.3000E-02  1.1000E-02  6.3000E-03  3.4000E-03  1.0000E-03
  1.3000E-04
  6.6400E-02  6.6400E-02  6.6400E-02  6.6400E-02  6.6300E-02
  6.6300E-02  6.6200E-02  6.6100E-02  6.6000E-02  6.5800E-02
  6.5600E-02  6.5200E-02  6.4700E-02  6.4100E-02  6.3400E-02
  6.2600E-02  6.1800E-02  5.9900E-02  5.6500E-02  5.0000E-02
  4.2800E-02  3.5500E-02  2.8600E-02  2.2500E-02  1.3000E-02
  2.9000E-03  1.6000E-03  1.4000E-03  7.5000E-04  1.8000E-04
  1.9000E-05
  3.3200E-02  3.3200E-02  3.3200E-02  3.3200E-02  3.3200E-02
  3.3200E-02  3.3200E-02  3.3200E-02  3.3200E-02  3.3200E-02
  3.3200E-02  3.3100E-02  3.3100E-02  3.3100E-02  3.3100E-02
  3.3100E-02  3.3100E-02  3.3100E-02  3.3000E-02  3.2700E-02
  3.2100E-02  3.1100E-02  2.9900E-02  2.8300E-02  2.4000E-02
  1.4000E-02  6.8000E-03  1.5000E-03  3.6000E-04  3.5000E-05
  1.5000E-06
  3.4300E-02  3.4300E-02  3.4300E-02  3.4300E-02  3.4300E-02
  3.4300E-02  3.4300E-02  3.4300E-02  3.4300E-02  3.4300E-02
  3.4300E-02  3.4300E-02  3.4300E-02  3.4300E-02  3.4300E-02
  3.4300E-02  3.4300E-02  3.4200E-02  3.4100E-02  3.3700E-02
  3.3100E-02  3.2000E-02  3.0600E-02  2.8800E-02  2.5000E-02
  1.4000E-02  6.4000E-03  1.3000E-03  2.9000E-04  2.4000E-05
  7.3000E-07
  1.5900E-01  1.5900E-01  1.5900E-01  1.5900E-01  1.5800E-01
  1.5700E-01  1.5600E-01  1.5400E-01  1.5200E-01  1.5000E-01
  1.4700E-01  1.4100E-01  1.3400E-01  1.2600E-01  1.1800E-01
  1.0900E-01  9.9800E-02  8.1800E-02  5.7400E-02  2.8800E-02
  1.5100E-02  1.0800E-02  1.0200E-02  1.0100E-02  8.0000E-03
  1.7000E-03  3.6000E-04  2.7000E-04  1.5000E-04  3.7000E-05
  3.6000E-06
  9.4900E-02  9.4900E-02  9.4900E-02  9.4900E-02  9.4900E-02
  9.4900E-02  9.4900E-02  9.4900E-02  9.4900E-02  9.4900E-02
  9.4800E-02  9.4600E-02  9.4200E-02  9.3700E-02  9.2900E-02
  9.1800E-02  9.0400E-02  8.6500E-02  7.8300E-02  5.9900E-02
  4.0500E-02  2.4700E-02  1.4000E-02  7.7500E-03  3.3000E-03
  2.7000E-03  1.6000E-03  3.6000E-04  8.3000E-05  7.5000E-06
  3.0000E-07
  9.7300E-02  9.7300E-02  9.7300E-02  9.7300E-02  9.7300E-02
  9.7300E-02  9.7300E-02  9.7300E-02  9.7200E-02  9.7200E-02
  9.7100E-02  9.6900E-02  9.6500E-02  9.5900E-02  9.5000E-02
  9.3800E-02  9.2200E-02  8.8000E-02  7.9000E-02  5.9300E-02
  3.9200E-02  2.3300E-02  1.2900E-02  7.1000E-03  3.3000E-03
  2.7000E-03  1.6000E-03  3.1000E-04  6.7000E-05  5.2000E-06
  1.5000E-07
  6.6500E-02  6.6500E-02  6.6500E-02  6.6500E-02  6.6500E-02
  6.6500E-02  6.6500E-02  6.6500E-02  6.6500E-02  6.6500E-02
  6.6500E-02  6.6500E-02  6.6400E-02  6.6400E-02  6.6400E-02
  6.6300E-02  6.6100E-02  6.5600E-02  6.4100E-02  5.9000E-02
  5.0900E-02  4.1400E-02  3.2100E-02  2.4000E-02  1.3000E-02
  2.4000E-03  4.8000E-04  3.1000E-05  3.4000E-06  1.2000E-07
  1.6000E-09
  6.7100E-02  6.7100E-02  6.7100E-02  6.7100E-02  6.7100E-02
  6.7100E-02  6.7100E-02  6.7100E-02  6.7100E-02  6.7100E-02
  6.7100E-02  6.7100E-02  6.7100E-02  6.7100E-02  6.7000E-02
  6.6900E-02  6.6800E-02  6.6200E-02  6.4600E-02  5.9300E-02
  5.0900E-02  4.1200E-02  3.1800E-02  2.3700E-02  1.2000E-02
  2.3000E-03  4.5000E-04  2.8000E-05  3.0000E-06  9.5000E-08
  1.0000E-09
  3.9900E-01  3.9800E-01  3.9600E-01  3.9200E-01  3.8700E-01
  3.7200E-01  3.5300E-01  3.3000E-01  3.0400E-01  2.7600E-01
  2.4700E-01  1.9100E-01  1.4000E-01  1.0000E-01  7.0000E-02
  4.9700E-02  3.7200E-02  2.7400E-02  2.6200E-02  1.9900E-02
  9.6500E-03  3.8800E-03  2.0500E-03  1.7800E-03  1.6000E-03
  3.8000E-04  6.8000E-05  4.5000E-05  2.6000E-05  6.3000E-06
  6.1000E-07
  2.6300E-01  2.6300E-01  2.6300E-01  2.6300E-01  2.6300E-01
  2.6300E-01  2.6200E-01  2.5900E-01  2.5600E-01  2.5100E-01
  2.4400E-01  2.2500E-01  2.0000E-01  1.7000E-01  1.4000E-01
  1.1200E-01  8.6200E-02  4.7600E-02  1.8700E-02  9.2400E-03
  8.8700E-03  6.8400E-03  4.2500E-03  2.3200E-03  6.7000E-04
  3.8000E-04  2.4000E-04  5.5000E-05  1.3000E-05  1.1000E-06
  4.5000E-08
  2.7000E-01  2.7000E-01  2.7000E-01  2.7000E-01  2.6900E-01
  2.6900E-01  2.6800E-01  2.6500E-01  2.6200E-01  2.5600E-01
  2.4800E-01  2.2800E-01  2.0000E-01  1.6900E-01  1.3800E-01
  1.0800E-01  8.2400E-02  4.4400E-02  1.7300E-02  9.4300E-03
  8.9500E-03  6.6200E-03  3.9500E-03  2.0900E-03  6.1000E-04
  3.9000E-04  2.4000E-04  4.8000E-05  1.0000E-05  7.8000E-07
  2.3000E-08
  2.7700E-01  2.7700E-01  2.7700E-01  2.7700E-01  2.7700E-01
  2.7700E-01  2.7600E-01  2.7400E-01  2.7000E-01  2.6400E-01
  2.5500E-01  2.3100E-01  2.0100E-01  1.6900E-01  1.3900E-01
  1.1200E-01  8.8200E-02  5.2700E-02  2.2500E-02  5.2900E-03
  2.4400E-03  2.2800E-03  2.1700E-03  1.8600E-03  1.1000E-03
  2.2000E-04  4.6000E-05  2.9000E-06  3.2000E-07  1.1000E-08
  1.4000E-10
  2.8300E-01  2.8300E-01  2.8300E-01  2.8300E-01  2.8300E-01
  2.8300E-01  2.8200E-01  2.7900E-01  2.7500E-01  2.6800E-01
  2.5800E-01  2.3200E-01  2.0000E-01  1.6700E-01  1.3700E-01
  1.0900E-01  8.5600E-02  5.0600E-02  2.1300E-02  5.0000E-03
  2.4000E-03  2.2700E-03  2.1500E-03  1.8300E-03  1.1000E-03
  2.1000E-04  4.3000E-05  2.6000E-06  2.7000E-07  8.6000E-09
  9.4000E-11
  1.7000E+00  1.6500E+00  1.5200E+00  1.3200E+00  1.0900E+00
  6.3800E-01  3.1900E-01  1.4500E-01  6.7700E-02  4.0900E-02
  3.4500E-02  3.3500E-02  2.9000E-02  2.1600E-02  1.4600E-02
  9.2300E-03  5.6600E-03  2.3300E-03  1.4900E-03  1.2800E-03
  6.6700E-04  2.6100E-04  1.2200E-04  9.7000E-05  9.0000E-05
  2.1000E-05  3.7000E-06  2.5000E-06  1.4000E-06  3.4000E-07
  3.3000E-08