  2.9000E-02  2.9000E-02  2.9000E-02  2.9000E-02  2.9000E-02
  2.9000E-02  2.9000E-02  2.9000E-02  2.9000E-02  2.9000E-02
  2.9000E-02  2.8900E-02  2.8900E-02  2.8800E-02  2.8800E-02
  2.8700E-02  2.8600E-02  2.8400E-02  2.8100E-02  2.7400E-02
  2.6600E-02  2.5600E-02  2.4500E-02  2.3300E-02  2.1000E-02
  1.4000E-02  9.2000E-03  3.4000E-03  1.3000E-03  2.2000E-04
  1.5000E-05
  1.0800E-01  1.0800E-01  1.0800E-01  1.0800E-01  1.0800E-01
  1.0800E-01  1.0700E-01  1.0700E-01  1.0600E-01  1.0600E-01
  1.0500E-01  1.0300E-01  1.0100E-01  9.8500E-02  9.5800E-02
  9.2800E-02  8.9600E-02  8.2600E-02  7.1300E-02  5.2400E-02
  3.5800E-02  2.3000E-02  1.4100E-02  8.4700E-03  3.5000E-03
  2.4000E-03  1.9000E-03  6.2000E-04  1.9000E-04  2.7000E-05
  1.6000E-06
  5.4900E-02  5.4900E-02  5.4900E-02  5.4900E-02  5.4900E-02
  5.4900E-02  5.4900E-02  5.4900E-02  5.4900E-02  5.4900E-02
  5.4900E-02  5.4900E-02  5.4800E-02  5.4800E-02  5.4700E-02
  5.4600E-02  5.4500E-02  5.4100E-02  5.3100E-02  5.0300E-02
  4.6000E-02  4.0600E-02  3.4700E-02  2.8900E-02  1.9000E-02
  5.4000E-03  1.5000E-03  1.6000E-04  2.5000E-05  1.4000E-06
  3.0000E-08
  2.9900E-01  2.9900E-01  2.9800E-01  2.9700E-01  2.9400E-01
  2.8900E-01  2.8100E-01  2.7100E-01  2.5900E-01  2.4600E-01
  2.3200E-01  2.0100E-01  1.7000E-01  1.4000E-01  1.1300E-01
  8.8500E-02  6.8500E-02  4.0000E-02  2.0000E-02  1.4200E-02
  1.3600E-02  1.0900E-02  7.2700E-03  4.3400E-03  1.3000E-03
  3.5000E-04  2.9000E-04  9.7000E-05  3.0000E-05  4.0000E-06
  2.3000E-07
  1.8600E-01  1.8600E-01  1.8600E-01  1.8600E-01  1.8600E-01
  1.8500E-01  1.8500E-01  1.8500E-01  1.8400E-01  1.8300E-01
  1.8100E-01  1.7600E-01  1.6900E-01  1.5900E-01  1.4700E-01
  1.3400E-01  1.2000E-01  9.1500E-02  5.5300E-02  1.9900E-02
  7.1400E-03  3.9400E-03  3.5300E-03  3.5000E-03  2.9000E-03
  9.3000E-04  2.6000E-04  2.5000E-05  3.8000E-06  2.1000E-07
  4.3000E-09
  1.6200E-01  1.6200E-01  1.6200E-01  1.6200E-01  1.6200E-01
  1.6200E-01  1.6200E-01  1.6200E-01  1.6200E-01  1.6100E-01
  1.6000E-01  1.5700E-01  1.5100E-01  1.4300E-01  1.3400E-01
  1.2400E-01  1.1400E-01  9.3300E-02  6.7100E-02  3.7000E-02
  2.0100E-02  1.0900E-02  5.9400E-03  3.3000E-03  1.1000E-03
  8.9000E-05  1.1000E-05  4.3000E-07  3.4000E-08  8.1000E-10
  6.2000E-12
  1.4100E+00  1.3800E+00  1.3000E+00  1.1800E+00  1.0400E+00
  7.2100E-01  4.4600E-01  2.5100E-01  1.3200E-01  6.8700E-02
  3.8300E-02  2.1600E-02  2.0600E-02  1.9800E-02  1.7200E-02
  1.3800E-02  1.0500E-02  5.4500E-03  1.8300E-03  6.2400E-04
  5.8800E-04  4.9700E-04  3.4300E-04  2.0700E-04  6.1000E-05
  1.4000E-05  1.2000E-05  3.9000E-06  1.2000E-06  1.6000E-07
  9.4000E-09