 5.2000E-02  5.2000E-02  5.2000E-02  5.2000E-02  5.2000E-02
  5.1900E-02  5.1900E-02  5.1800E-02  5.1800E-02  5.1700E-02
  5.1600E-02  5.1400E-02  5.1100E-02  5.0800E-02  5.0500E-02
  5.0100E-02  4.9700E-02  4.8700E-02  4.6900E-02  4.3500E-02
  3.9500E-02  3.5300E-02  3.1100E-02  2.7100E-02  2.0000E-02
  8.4000E-03  3.4000E-03  6.6000E-04  1.7000E-04  1.9000E-05
  1.0000E-06
  2.1300E-01  2.1300E-01  2.1300E-01  2.1200E-01  2.1200E-01
  2.1000E-01  2.0700E-01  2.0400E-01  2.0000E-01  1.9500E-01
  1.9000E-01  1.7800E-01  1.6500E-01  1.5000E-01  1.3600E-01
  1.2100E-01  1.0700E-01  8.0200E-02  4.8700E-02  1.8500E-02
  7.2000E-03  4.2000E-03  3.7700E-03  3.7400E-03  3.2000E-03
  1.3000E-03  4.5000E-04  7.0000E-05  1.6000E-05  1.7000E-06
  8.5000E-08
  1.1200E-01  1.1200E-01  1.1200E-01  1.1200E-01  1.1200E-01
  1.1200E-01  1.1200E-01  1.1200E-01  1.1200E-01  1.1200E-01
  1.1200E-01  1.1100E-01  1.1000E-01  1.0900E-01  1.0700E-01
  1.0500E-01  1.0100E-01  9.4000E-02  8.0300E-02  5.6000E-02
  3.6100E-02  2.2400E-02  1.3600E-02  8.3100E-03  3.2000E-03
  3.8000E-04  6.4000E-05  4.0000E-06  4.9000E-07  2.3000E-08
  4.2000E-10
  7.1300E-01  7.0900E-01  6.9800E-01  6.8000E-01  6.5500E-01
  5.8900E-01  5.0900E-01  4.2300E-01  3.4000E-01  2.6500E-01
  2.0100E-01  1.0800E-01  5.6900E-02  3.3100E-02  2.4300E-02
  2.2100E-02  2.1900E-02  2.0800E-02  1.5000E-02  5.5600E-03
  1.6300E-03  5.6000E-04  3.6600E-04  3.5200E-04  3.2000E-04
  1.3000E-04  4.4000E-05  6.6000E-06  1.5000E-06  1.5000E-07
  7.8000E-09
  4.9000E-01  4.9000E-01  4.8900E-01  4.8900E-01  4.8700E-01
  4.7900E-01  4.6000E-01  4.3100E-01  3.9200E-01  3.4600E-01
  2.9800E-01  2.0600E-01  1.3400E-01  8.2600E-02  4.9300E-02
  2.8800E-02  1.6900E-02  6.9500E-03  4.4000E-03  4.1200E-03
  3.0200E-03  1.9300E-03  1.1700E-03  7.0200E-04  2.6000E-04
  3.0000E-05  4.9000E-06  3.0000E-07  3.6000E-08  1.6000E-09
  3.0000E-11