  5.5300E-02  5.5300E-02  5.5300E-02  5.5300E-02  5.5300E-02
  5.5300E-02  5.5200E-02  5.5200E-02  5.5100E-02  5.5000E-02
  5.4900E-02  5.4600E-02  5.4300E-02  5.3900E-02  5.3500E-02
  5.3000E-02  5.2500E-02  5.1300E-02  4.9300E-02  4.5200E-02
  4.0600E-02  3.5800E-02  3.1100E-02  2.6700E-02  1.9000E-02
  7.5000E-03  2.9000E-03  5.3000E-04  1.3000E-04  1.5000E-05
  7.8000E-07
  2.3000E-01  2.3000E-01  2.3000E-01  2.2900E-01  2.2800E-01
  2.2600E-01  2.2300E-01  2.1800E-01  2.1300E-01  2.0800E-01
  2.0100E-01  1.8700E-01  1.7100E-01  1.5400E-01  1.3700E-01
  1.2000E-01  1.0300E-01  7.4600E-02  4.2300E-02  1.4600E-02
  5.8200E-03  4.0400E-03  3.9200E-03  3.8300E-03  3.1000E-03
  1.1000E-03  3.6000E-04  5.3000E-05  1.2000E-05  1.2000E-06
  6.1000E-08
  1.2200E-01  1.2200E-01  1.2200E-01  1.2200E-01  1.2200E-01
  1.2200E-01  1.2200E-01  1.2200E-01  1.2200E-01  1.2200E-01
  1.2200E-01  1.2100E-01  1.1900E-01  1.1700E-01  1.1500E-01
  1.1100E-01  1.0700E-01  9.7100E-02  8.0000E-02  5.2400E-02
  3.1900E-02  1.8800E-02  1.1000E-02  6.5000E-03  2.4000E-03
  2.6000E-04  4.2000E-05  2.6000E-06  3.1000E-07  1.4000E-08
  2.6000E-10
  7.9400E-01  7.8800E-01  7.7300E-01  7.4800E-01  7.1500E-01
  6.2800E-01  5.2600E-01  4.2100E-01  3.2400E-01  2.4000E-01
  1.7300E-01  8.4700E-02  4.2900E-02  2.7200E-02  2.3100E-02
  2.2700E-02  2.2500E-02  1.9600E-02  1.2200E-02  3.7100E-03
  9.8300E-04  4.0700E-04  3.3900E-04  3.3600E-04  2.8000E-04
  9.9000E-05  3.2000E-05  4.6000E-06  1.0000E-06  1.0000E-07
  5.2000E-09
  5.5100E-01  5.5100E-01  5.5000E-01  5.4900E-01  5.4700E-01
  5.3300E-01  5.0400E-01  4.5900E-01  4.0400E-01  3.4300E-01
  2.8300E-01  1.7900E-01  1.0600E-01  5.9600E-02  3.2600E-02
  1.7900E-02  1.0300E-02  5.0800E-03  4.3600E-03  3.7200E-03
  2.4300E-03  1.4400E-03  8.2900E-04  4.8200E-04  1.7000E-04
  1.8000E-05  2.9000E-06  1.7000E-07  2.0000E-08  9.3000E-10
  1.7000E-11