 8.1500E-02  8.1500E-02  8.1500E-02  8.1500E-02  8.1400E-02
  8.1300E-02  8.1100E-02  8.0900E-02  8.0700E-02  8.0400E-02
  8.0000E-02  7.9200E-02  7.8200E-02  7.7100E-02  7.5800E-02
  7.4300E-02  7.2800E-02  6.9400E-02  6.3700E-02  5.3400E-02
  4.3300E-02  3.4200E-02  2.6500E-02  2.0300E-02  1.2000E-02
  3.0000E-03  8.7000E-04  1.2000E-04  2.4000E-05  2.4000E-06
  1.2000E-07
  3.9000E-01  3.9000E-01  3.8800E-01  3.8500E-01  3.8100E-01
  3.6900E-01  3.5400E-01  3.3500E-01  3.1400E-01  2.9100E-01
  2.6700E-01  2.1800E-01  1.7200E-01  1.3200E-01  9.8000E-02
  7.1300E-02  5.1000E-02  2.5200E-02  9.4300E-03  4.8400E-03
  4.7200E-03  4.2000E-03  3.3500E-03  2.5100E-03  1.3000E-03
  2.6000E-04  6.7000E-05  7.9000E-06  1.6000E-06  1.5000E-07
  7.4000E-09
  2.2500E-01  2.2500E-01  2.2500E-01  2.2500E-01  2.2400E-01
  2.2400E-01  2.2300E-01  2.2200E-01  2.2000E-01  2.1600E-01
  2.1200E-01  1.9900E-01  1.8200E-01  1.6400E-01  1.4400E-01
  1.2500E-01  1.0800E-01  7.7400E-02  4.6000E-02  1.9200E-02
  8.3200E-03  3.7700E-03  1.8000E-03  8.9600E-04  2.5000E-04
  1.9000E-05  2.6000E-06  1.4000E-07  1.5000E-08  6.5000E-10
  1.1000E-11
  2.0700E+00  1.9900E+00  1.7700E+00  1.4600E+00  1.1300E+00
  5.5600E-01  2.2300E-01  7.9600E-02  3.1900E-02  2.0500E-02
  1.9100E-02  1.8000E-02  1.4200E-02  1.0000E-02  6.7200E-03
  4.4000E-03  2.8600E-03  1.1900E-03  3.3900E-04  1.1500E-04
  1.0900E-04  9.8900E-05  7.9400E-05  5.9600E-05  3.1000E-05
  6.1000E-06  1.5000E-06  1.8000E-07  3.6000E-08  3.4000E-09
  1.7000E-10