  1.7900E-02  1.7900E-02  1.7900E-02  1.7900E-02  1.7900E-02
  1.7900E-02  1.7900E-02  1.7900E-02  1.7900E-02  1.7900E-02
  1.7900E-02  1.7900E-02  1.7900E-02  1.7900E-02  1.7900E-02
  1.7800E-02  1.7800E-02  1.7800E-02  1.7700E-02  1.7500E-02
  1.7300E-02  1.7000E-02  1.6700E-02  1.6400E-02  1.6000E-02
  1.3000E-02  1.1000E-02  6.4000E-03  3.5000E-03  1.1000E-03
  1.4000E-04
  6.4700E-02  6.4700E-02  6.4700E-02  6.4700E-02  6.4600E-02
  6.4600E-02  6.4500E-02  6.4400E-02  6.4300E-02  6.4200E-02
  6.4000E-02  6.3600E-02  6.3100E-02  6.2600E-02  6.1900E-02
  6.1200E-02  6.0400E-02  5.8700E-02  5.5500E-02  4.9400E-02
  4.2600E-02  3.5700E-02  2.9100E-02  2.3100E-02  1.4000E-02
  3.1000E-03  1.6000E-03  1.4000E-03  7.9000E-04  2.0000E-04
  2.1000E-05
  3.2300E-02  3.2300E-02  3.2300E-02  3.2300E-02  3.2300E-02
  3.2300E-02  3.2300E-02  3.2300E-02  3.2300E-02  3.2300E-02
  3.2300E-02  3.2300E-02  3.2300E-02  3.2300E-02  3.2300E-02
  3.2300E-02  3.2300E-02  3.2200E-02  3.2100E-02  3.1800E-02
  3.1300E-02  3.0500E-02  2.9300E-02  2.7900E-02  2.4000E-02
  1.4000E-02  7.2000E-03  1.6000E-03  4.0000E-04  4.0000E-05
  1.7000E-06
  3.3500E-02  3.3500E-02  3.3500E-02  3.3500E-02  3.3500E-02
  3.3500E-02  3.3500E-02  3.3500E-02  3.3500E-02  3.3500E-02
  3.3500E-02  3.3500E-02  3.3500E-02  3.3400E-02  3.3400E-02
  3.3400E-02  3.3400E-02  3.3400E-02  3.3300E-02  3.3000E-02
  3.2300E-02  3.1400E-02  3.0100E-02  2.8500E-02  2.4000E-02
  1.4000E-02  6.7000E-03  1.4000E-03  3.2000E-04  2.7000E-05
  8.5000E-07
  1.5400E-01  1.5400E-01  1.5400E-01  1.5400E-01  1.5300E-01
  1.5300E-01  1.5100E-01  1.5000E-01  1.4800E-01  1.4600E-01
  1.4400E-01  1.3800E-01  1.3100E-01  1.2400E-01  1.1600E-01
  1.0800E-01  9.9300E-02  8.2300E-02  5.8900E-02  3.0400E-02
  1.5900E-02  1.0900E-02  1.0000E-02  9.9600E-03  8.3000E-03
  2.0000E-03  3.9000E-04  2.7000E-04  1.6000E-04  4.1000E-05
  4.1000E-06
  9.1900E-02  9.1900E-02  9.1900E-02  9.1900E-02  9.1900E-02
  9.1900E-02  9.1900E-02  9.1900E-02  9.1900E-02  9.1800E-02
  9.1800E-02  9.1600E-02  9.1300E-02  9.0800E-02  9.0100E-02
  8.9200E-02  8.7900E-02  8.4600E-02  7.7200E-02  6.0400E-02
  4.2000E-02  2.6400E-02  1.5400E-02  8.6600E-03  3.5000E-03
  2.7000E-03  1.7000E-03  4.0000E-04  9.5000E-05  8.9000E-06
  3.6000E-07
  9.4300E-02  9.4300E-02  9.4300E-02  9.4300E-02  9.4300E-02
  9.4300E-02  9.4300E-02  9.4300E-02  9.4200E-02  9.4200E-02
  9.4100E-02  9.3900E-02  9.3600E-02  9.3100E-02  9.2300E-02
  9.1200E-02  8.9800E-02  8.6100E-02  7.8000E-02  5.9900E-02
  4.0800E-02  2.5000E-02  1.4200E-02  7.9000E-03  3.4000E-03
  2.7000E-03  1.6000E-03  3.5000E-04  7.6000E-05  6.1000E-06
  1.8000E-07
  6.4200E-02  6.4200E-02  6.4200E-02  6.4200E-02  6.4200E-02
  6.4200E-02  6.4200E-02  6.4200E-02  6.4200E-02  6.4200E-02
  6.4200E-02  6.4100E-02  6.4100E-02  6.4100E-02  6.4100E-02
  6.4000E-02  6.3900E-02  6.3500E-02  6.2300E-02  5.7900E-02
  5.0700E-02  4.2000E-02  3.3100E-02  2.5200E-02  1.4000E-02
  2.7000E-03  5.6000E-04  3.8000E-05  4.2000E-06  1.5000E-07
  2.0000E-09
  6.4700E-02  6.4700E-02  6.4700E-02  6.4700E-02  6.4700E-02
  6.4700E-02  6.4700E-02  6.4700E-02  6.4700E-02  6.4700E-02
  6.4700E-02  6.4700E-02  6.4700E-02  6.4700E-02  6.4600E-02
  6.4600E-02  6.4400E-02  6.4000E-02  6.2700E-02  5.8200E-02
  5.0800E-02  4.1900E-02  3.2900E-02  2.5000E-02  1.3000E-02
  2.6000E-03  5.3000E-04  3.4000E-05  3.7000E-06  1.2000E-07
  1.3000E-09
  3.8600E-01  3.8500E-01  3.8300E-01  3.8000E-01  3.7500E-01
  3.6200E-01  3.4400E-01  3.2300E-01  2.9900E-01  2.7200E-01
  2.4600E-01  1.9200E-01  1.4400E-01  1.0400E-01  7.3900E-02
  5.2700E-02  3.9200E-02  2.7500E-02  2.5500E-02  2.0700E-02
  1.0800E-02  4.5100E-03  2.2300E-03  1.7900E-03  1.7000E-03
  4.4000E-04  7.7000E-05  4.7000E-05  2.8000E-05  7.0000E-06
  6.9000E-07
  2.5400E-01  2.5400E-01  2.5400E-01  2.5400E-01  2.5400E-01
  2.5300E-01  2.5200E-01  2.5100E-01  2.4800E-01  2.4300E-01
  2.3700E-01  2.2000E-01  1.9800E-01  1.7100E-01  1.4300E-01
  1.1600E-01  9.1100E-02  5.2400E-02  2.1200E-02  9.2400E-03
  8.8600E-03  7.2400E-03  4.7500E-03  2.7100E-03  7.9000E-04
  3.8000E-04  2.6000E-04  6.3000E-05  1.5000E-05  1.4000E-06
  5.5000E-08
  2.6100E-01  2.6100E-01  2.6100E-01  2.6100E-01  2.6100E-01
  2.6100E-01  2.6000E-01  2.5800E-01  2.5400E-01  2.4900E-01
  2.4200E-01  2.2400E-01  1.9900E-01  1.7000E-01  1.4000E-01
  1.1200E-01  8.6900E-02  4.8600E-02  1.9300E-02  9.3000E-03
  8.9500E-03  7.0100E-03  4.4100E-03  2.4300E-03  7.0000E-04
  3.9000E-04  2.5000E-04  5.5000E-05  1.2000E-05  9.3000E-07
  2.7000E-08
  2.7800E-01  2.7800E-01  2.7800E-01  2.7800E-01  2.7800E-01
  2.7700E-01  2.7600E-01  2.7400E-01  2.6900E-01  2.6100E-01
  2.5100E-01  2.2500E-01  1.9600E-01  1.6500E-01  1.3700E-01
  1.1100E-01  8.8800E-02  5.4800E-02  2.4700E-02  6.1100E-03
  2.4800E-03  2.1600E-03  2.1100E-03  1.8700E-03  1.2000E-03
  2.5000E-04  5.3000E-05  3.5000E-06  3.9000E-07  1.4000E-08
  1.8000E-10
  2.8500E-01  2.8500E-01  2.8500E-01  2.8500E-01  2.8500E-01
  2.8400E-01  2.8300E-01  2.8000E-01  2.7400E-01  2.6500E-01
  2.5400E-01  2.2600E-01  1.9500E-01  1.6300E-01  1.3400E-01
  1.0800E-01  8.6100E-02  5.2600E-02  2.3400E-02  5.7200E-03
  2.3900E-03  2.1200E-03  2.0600E-03  1.8100E-03  1.1000E-03
  2.3000E-04  4.9000E-05  3.1000E-06  3.3000E-07  1.1000E-08
  1.2000E-10