  1.7500E-02  1.7500E-02  1.7500E-02  1.7500E-02  1.7500E-02
  1.7500E-02  1.7500E-02  1.7500E-02  1.7500E-02  1.7500E-02
  1.7500E-02  1.7500E-02  1.7500E-02  1.7400E-02  1.7400E-02
  1.7400E-02  1.7400E-02  1.7400E-02  1.7300E-02  1.7100E-02
  1.6900E-02  1.6700E-02  1.6400E-02  1.6100E-02  1.5000E-02
  1.3000E-02  1.1000E-02  6.5000E-03  3.7000E-03  1.1000E-03
  1.5000E-04
  6.3100E-02  6.3100E-02  6.3100E-02  6.3100E-02  6.3000E-02
  6.3000E-02  6.2900E-02  6.2800E-02  6.2700E-02  6.2600E-02
  6.2400E-02  6.2100E-02  6.1600E-02  6.1100E-02  6.0500E-02
  5.9800E-02  5.9100E-02  5.7500E-02  5.4500E-02  4.8800E-02
  4.2400E-02  3.5800E-02  2.9400E-02  2.3600E-02  1.4000E-02
  3.3000E-03  1.6000E-03  1.4000E-03  8.2000E-04  2.2000E-04
  2.3000E-05
  3.1500E-02  3.1500E-02  3.1500E-02  3.1500E-02  3.1500E-02
  3.1500E-02  3.1500E-02  3.1500E-02  3.1500E-02  3.1500E-02
  3.1500E-02  3.1500E-02  3.1400E-02  3.1400E-02  3.1400E-02
  3.1400E-02  3.1400E-02  3.1400E-02  3.1300E-02  3.1100E-02
  3.0600E-02  2.9800E-02  2.8800E-02  2.7500E-02  2.4000E-02
  1.5000E-02  7.6000E-03  1.8000E-03  4.5000E-04  4.6000E-05
  2.0000E-06
  3.2700E-02  3.2700E-02  3.2700E-02  3.2700E-02  3.2700E-02
  3.2700E-02  3.2700E-02  3.2700E-02  3.2700E-02  3.2700E-02
  3.2700E-02  3.2600E-02  3.2600E-02  3.2600E-02  3.2600E-02
  3.2600E-02  3.2600E-02  3.2600E-02  3.2500E-02  3.2200E-02
  3.1700E-02  3.0800E-02  2.9600E-02  2.8100E-02  2.4000E-02
  1.4000E-02  7.1000E-03  1.5000E-03  3.6000E-04  3.1000E-05
  9.9000E-07
  1.4900E-01  1.4900E-01  1.4900E-01  1.4900E-01  1.4900E-01
  1.4800E-01  1.4700E-01  1.4600E-01  1.4400E-01  1.4200E-01
  1.4000E-01  1.3500E-01  1.2900E-01  1.2200E-01  1.1400E-01
  1.0700E-01  9.8700E-02  8.2700E-02  6.0200E-02  3.1900E-02
  1.6800E-02  1.1100E-02  9.8600E-03  9.8000E-03  8.5000E-03
  2.2000E-03  4.3000E-04  2.7000E-04  1.7000E-04  4.5000E-05
  4.6000E-06
  8.9100E-02  8.9100E-02  8.9100E-02  8.9100E-02  8.9100E-02
  8.9000E-02  8.9000E-02  8.9000E-02  8.9000E-02  8.9000E-02
  8.8900E-02  8.8800E-02  8.8500E-02  8.8100E-02  8.7500E-02
  8.6700E-02  8.5600E-02  8.2700E-02  7.6100E-02  6.0700E-02
  4.3400E-02  2.8000E-02  1.6800E-02  9.6300E-03  3.7000E-03
  2.7000E-03  1.8000E-03  4.4000E-04  1.1000E-04  1.0000E-05
  4.3000E-07
  9.1500E-02  9.1500E-02  9.1500E-02  9.1500E-02  9.1500E-02
  9.1500E-02  9.1400E-02  9.1400E-02  9.1400E-02  9.1400E-02
  9.1300E-02  9.1200E-02  9.0900E-02  9.0400E-02  8.9700E-02
  8.8800E-02  8.7600E-02  8.4300E-02  7.7000E-02  6.0400E-02
  4.2200E-02  2.6600E-02  1.5500E-02  8.7600E-03  3.6000E-03
  2.8000E-03  1.7000E-03  3.9000E-04  8.7000E-05  7.1000E-06
  2.1000E-07
  6.2000E-02  6.2000E-02  6.2000E-02  6.2000E-02  6.2000E-02
  6.2000E-02  6.2000E-02  6.2000E-02  6.2000E-02  6.2000E-02
  6.2000E-02  6.2000E-02  6.2000E-02  6.2000E-02  6.1900E-02
  6.1900E-02  6.1800E-02  6.1500E-02  6.0400E-02  5.6700E-02
  5.0400E-02  4.2400E-02  3.4000E-02  2.6300E-02  1.5000E-02
  3.0000E-03  6.6000E-04  4.5000E-05  5.2000E-06  1.8000E-07
  2.5000E-09
  6.2500E-02  6.2500E-02  6.2500E-02  6.2500E-02  6.2500E-02
  6.2500E-02  6.2500E-02  6.2500E-02  6.2500E-02  6.2500E-02
  6.2500E-02  6.2500E-02  6.2500E-02  6.2500E-02  6.2500E-02
  6.2400E-02  6.2300E-02  6.2000E-02  6.0900E-02  5.7100E-02
  5.0500E-02  4.2300E-02  3.3800E-02  2.6100E-02  1.4000E-02
  2.9000E-03  6.2000E-04  4.1000E-05  4.5000E-06  1.5000E-07
  1.6000E-09
  3.6900E-01  3.6800E-01  3.6600E-01  3.6300E-01  3.5900E-01
  3.4700E-01  3.3200E-01  3.1300E-01  2.9100E-01  2.6800E-01
  2.4300E-01  1.9400E-01  1.4800E-01  1.1000E-01  7.9300E-02
  5.7100E-02  4.2300E-02  2.8200E-02  2.5100E-02  2.1500E-02
  1.2100E-02  5.3000E-03  2.5000E-03  1.8300E-03  1.7000E-03
  5.2000E-04  8.9000E-05  4.8000E-05  3.1000E-05  7.9000E-06
  8.0000E-07
  2.4200E-01  2.4200E-01  2.4200E-01  2.4200E-01  2.4200E-01
  2.4100E-01  2.4100E-01  2.3900E-01  2.3700E-01  2.3300E-01
  2.2800E-01  2.1400E-01  1.9500E-01  1.7200E-01  1.4600E-01
  1.2100E-01  9.7200E-02  5.8300E-02  2.4500E-02  9.5400E-03
  8.9200E-03  7.6800E-03  5.3100E-03  3.1700E-03  9.5000E-04
  3.9000E-04  2.8000E-04  7.2000E-05  1.7000E-05  1.6000E-06
  6.8000E-08
  2.4900E-01  2.4900E-01  2.4900E-01  2.4900E-01  2.4900E-01
  2.4900E-01  2.4800E-01  2.4600E-01  2.4300E-01  2.3900E-01
  2.3400E-01  2.1800E-01  1.9700E-01  1.7100E-01  1.4400E-01
  1.1800E-01  9.3200E-02  5.4400E-02  2.2300E-02  9.5000E-03
  9.0700E-03  7.5000E-03  4.9700E-03  2.8500E-03  8.3000E-04
  4.1000E-04  2.8000E-04  6.3000E-05  1.4000E-05  1.1000E-06
  3.4000E-08
  2.4700E-01  2.4700E-01  2.4700E-01  2.4700E-01  2.4700E-01
  2.4700E-01  2.4600E-01  2.4500E-01  2.4300E-01  2.3900E-01
  2.3400E-01  2.1800E-01  1.9700E-01  1.7200E-01  1.4700E-01
  1.2300E-01  1.0100E-01  6.5700E-02  3.1500E-02  8.2800E-03
  3.0100E-03  2.3700E-03  2.3400E-03  2.1400E-03  1.4000E-03
  3.2000E-04  7.1000E-05  4.9000E-06  5.4000E-07  1.9000E-08
  2.6000E-10
  2.5100E-01  2.5100E-01  2.5100E-01  2.5100E-01  2.5100E-01
  2.5100E-01  2.5100E-01  2.5000E-01  2.4700E-01  2.4300E-01
  2.3700E-01  2.2000E-01  1.9700E-01  1.7200E-01  1.4600E-01
  1.2100E-01  9.9300E-02  6.3700E-02  3.0100E-02  7.8000E-03
  2.9000E-03  2.3400E-03  2.3100E-03  2.1000E-03  1.4000E-03
  3.0000E-04  6.5000E-05  4.3000E-06  4.7000E-07  1.5000E-08
  1.7000E-10
  1.6400E+00  1.6000E+00  1.4800E+00  1.3000E+00  1.0800E+00
  6.6000E-01  3.4600E-01  1.6400E-01  7.6300E-02  4.2000E-02
  3.1600E-02  2.9600E-02  2.7200E-02  2.1800E-02  1.5700E-02
  1.0600E-02  6.8200E-03  2.8100E-03  1.3700E-03  1.2400E-03
  7.7100E-04  3.4000E-04  1.4600E-04  9.4700E-05  8.8000E-05
  2.7000E-05  4.6000E-06  2.4000E-06  1.5000E-06  4.0000E-07
  4.0000E-08