  1.4900E-02  1.4900E-02  1.4900E-02  1.4900E-02  1.4900E-02
  1.4900E-02  1.4900E-02  1.4900E-02  1.4900E-02  1.4900E-02
  1.4900E-02  1.4900E-02  1.4900E-02  1.4900E-02  1.4900E-02
  1.4900E-02  1.4900E-02  1.4900E-02  1.4800E-02  1.4700E-02
  1.4600E-02  1.4400E-02  1.4200E-02  1.4000E-02  1.4000E-02
  1.2000E-02  1.0000E-02  7.0000E-03  4.4000E-03  1.6000E-03
  2.7000E-04
  5.3500E-02  5.3500E-02  5.3500E-02  5.3500E-02  5.3400E-02
  5.3400E-02  5.3400E-02  5.3300E-02  5.3200E-02  5.3200E-02
  5.3100E-02  5.2800E-02  5.2600E-02  5.2300E-02  5.1900E-02
  5.1500E-02  5.1000E-02  5.0000E-02  4.8100E-02  4.4400E-02
  4.0100E-02  3.5400E-02  3.0600E-02  2.6000E-02  1.8000E-02
  5.4000E-03  1.8000E-03  1.3000E-03  9.9000E-04  3.4000E-04
  4.5000E-05
  2.6500E-02  2.6500E-02  2.6500E-02  2.6500E-02  2.6500E-02
  2.6500E-02  2.6500E-02  2.6500E-02  2.6500E-02  2.6500E-02
  2.6500E-02  2.6500E-02  2.6500E-02  2.6500E-02  2.6500E-02
  2.6500E-02  2.6500E-02  2.6500E-02  2.6500E-02  2.6400E-02
  2.6100E-02  2.5800E-02  2.5300E-02  2.4500E-02  2.3000E-02
  1.6000E-02  9.7000E-03  3.0000E-03  8.9000E-04  1.1000E-04
  5.6000E-06
  2.7900E-02  2.7900E-02  2.7900E-02  2.7900E-02  2.7900E-02
  2.7900E-02  2.7900E-02  2.7900E-02  2.7900E-02  2.7900E-02
  2.7900E-02  2.7900E-02  2.7900E-02  2.7900E-02  2.7900E-02
  2.7900E-02  2.7900E-02  2.7900E-02  2.7800E-02  2.7700E-02
  2.7400E-02  2.7000E-02  2.6300E-02  2.5500E-02  2.3000E-02
  1.6000E-02  9.2000E-03  2.5000E-03  6.9000E-04  7.2000E-05
  2.6000E-06
  1.2300E-01  1.2300E-01  1.2300E-01  1.2300E-01  1.2300E-01
  1.2200E-01  1.2100E-01  1.2100E-01  1.2000E-01  1.1900E-01
  1.1700E-01  1.1400E-01  1.1100E-01  1.0700E-01  1.0200E-01
  9.7500E-02  9.2400E-02  8.1600E-02  6.5300E-02  4.1100E-02
  2.4000E-02  1.4300E-02  1.0000E-02  8.7400E-03  8.5000E-03
  4.2000E-03  1.0000E-03  2.6000E-04  2.2000E-04  7.7000E-05
  9.5000E-06
  7.2900E-02  7.2900E-02  7.2900E-02  7.2900E-02  7.2900E-02
  7.2900E-02  7.2900E-02  7.2900E-02  7.2900E-02  7.2800E-02
  7.2800E-02  7.2800E-02  7.2700E-02  7.2500E-02  7.2300E-02
  7.1900E-02  7.1500E-02  7.0200E-02  6.7200E-02  5.9200E-02
  4.8300E-02  3.6500E-02  2.5800E-02  1.7200E-02  6.9000E-03
  2.4000E-03  2.2000E-03  8.0000E-04  2.4000E-04  2.7000E-05
  1.3000E-06
  7.5400E-02  7.5400E-02  7.5400E-02  7.5400E-02  7.5400E-02
  7.5400E-02  7.5400E-02  7.5400E-02  7.5400E-02  7.5400E-02
  7.5400E-02  7.5300E-02  7.5200E-02  7.5000E-02  7.4700E-02
  7.4300E-02  7.3800E-02  7.2300E-02  6.8900E-02  5.9800E-02
  4.7800E-02  3.5200E-02  2.4200E-02  1.5700E-02  6.2000E-03
  2.6000E-03  2.2000E-03  7.1000E-04  1.9000E-04  1.8000E-05
  6.2000E-07
  5.0100E-02  5.0100E-02  5.0100E-02  5.0100E-02  5.0100E-02
  5.0100E-02  5.0100E-02  5.0100E-02  5.0100E-02  5.0100E-02
  5.0100E-02  5.0100E-02  5.0100E-02  5.0100E-02  5.0100E-02
  5.0100E-02  5.0100E-02  5.0000E-02  4.9700E-02  4.8500E-02
  4.5900E-02  4.1900E-02  3.6900E-02  3.1400E-02  2.1000E-02
  6.0000E-03  1.6000E-03  1.4000E-04  1.8000E-05  7.3000E-07
  1.0000E-08
  5.0700E-02  5.0700E-02  5.0700E-02  5.0700E-02  5.0700E-02
  5.0700E-02  5.0700E-02  5.0700E-02  5.0700E-02  5.0700E-02
  5.0700E-02  5.0700E-02  5.0700E-02  5.0700E-02  5.0700E-02
  5.0700E-02  5.0700E-02  5.0600E-02  5.0300E-02  4.9000E-02
  4.6300E-02  4.2100E-02  3.6900E-02  3.1300E-02  2.1000E-02
  5.7000E-03  1.5000E-03  1.3000E-04  1.5000E-05  5.7000E-07
  6.4000E-09
  2.7400E-01  2.7400E-01  2.7300E-01  2.7200E-01  2.7000E-01
  2.6500E-01  2.5800E-01  2.4900E-01  2.3900E-01  2.2800E-01
  2.1500E-01  1.8800E-01  1.6000E-01  1.3300E-01  1.0800E-01
  8.5700E-02  6.7300E-02  4.1800E-02  2.5600E-02  2.2800E-02
  1.9500E-02  1.2500E-02  6.5500E-03  3.3300E-03  1.9000E-03
  1.2000E-03  2.8000E-04  5.3000E-05  4.6000E-05  1.6000E-05
  2.0000E-06
  1.7600E-01  1.7600E-01  1.7600E-01  1.7600E-01  1.7600E-01
  1.7600E-01  1.7600E-01  1.7600E-01  1.7500E-01  1.7500E-01
  1.7300E-01  1.7000E-01  1.6400E-01  1.5500E-01  1.4500E-01
  1.3300E-01  1.1900E-01  9.0900E-02  5.3200E-02  1.8300E-02
  9.4400E-03  8.8200E-03  8.2600E-03  6.6200E-03  3.0000E-03
  4.6000E-04  4.1000E-04  1.6000E-04  4.8000E-05  5.5000E-06
  2.6000E-07
  1.8200E-01  1.8200E-01  1.8200E-01  1.8200E-01  1.8200E-01
  1.8200E-01  1.8200E-01  1.8200E-01  1.8100E-01  1.8000E-01
  1.7900E-01  1.7400E-01  1.6800E-01  1.5800E-01  1.4600E-01
  1.3300E-01  1.1800E-01  8.8000E-02  4.9600E-02  1.6600E-02
  9.4700E-03  9.1500E-03  8.2500E-03  6.3100E-03  2.6000E-03
  4.7000E-04  4.3000E-04  1.5000E-04  3.9000E-05  3.7000E-06
  1.2000E-07
  1.5100E-01  1.5100E-01  1.5100E-01  1.5100E-01  1.5100E-01
  1.5100E-01  1.5100E-01  1.5100E-01  1.5100E-01  1.5100E-01
  1.5100E-01  1.5000E-01  1.4800E-01  1.4500E-01  1.4000E-01
  1.3300E-01  1.2500E-01  1.0600E-01  7.4200E-02  3.2900E-02
  1.2400E-02  5.0700E-03  3.3000E-03  3.1000E-03  2.9000E-03
  1.1000E-03  3.0000E-04  2.6000E-05  3.3000E-06  1.3000E-07
  1.9000E-09
  1.5300E-01  1.5300E-01  1.5300E-01  1.5300E-01  1.5300E-01
  1.5300E-01  1.5300E-01  1.5300E-01  1.5300E-01  1.5300E-01
  1.5200E-01  1.5100E-01  1.4900E-01  1.4600E-01  1.4100E-01
  1.3400E-01  1.2600E-01  1.0600E-01  7.3300E-02  3.1900E-02
  1.1800E-02  4.8800E-03  3.2800E-03  3.1200E-03  2.9000E-03
  1.0000E-03  2.8000E-04  2.4000E-05  2.9000E-06  1.0000E-07
  1.2000E-09
  7.9700E-01  7.9100E-01  7.7400E-01  7.4700E-01  7.1000E-01
  6.1500E-01  5.0500E-01  3.9400E-01  2.9400E-01  2.1100E-01
  1.4800E-01  7.3800E-02  4.7000E-02  4.1500E-02  4.1200E-02
  3.9600E-02  3.5400E-02  2.3300E-02  9.1100E-03  3.1900E-03
  3.0000E-03  2.1600E-03  1.1700E-03  5.6500E-04  2.4000E-04
  1.6000E-04  3.9000E-05  6.8000E-06  5.9000E-06  2.1000E-06
  2.6000E-07
  5.6200E-01  5.6200E-01  5.6100E-01  5.6000E-01  5.5800E-01
  5.4300E-01  5.1300E-01  4.6600E-01  4.0600E-01  3.3900E-01
  2.7300E-01  1.6000E-01  8.5500E-02  4.3600E-02  2.3700E-02
  1.6000E-02  1.3800E-02  1.3500E-02  1.0600E-02  3.7600E-03
  1.2000E-03  8.4300E-04  8.2400E-04  7.0100E-04  3.3000E-04
  4.5000E-05  4.0000E-05  1.6000E-05  4.8000E-06  5.4000E-07
  2.5000E-08
  5.9200E-01  5.9200E-01  5.9100E-01  5.9000E-01  5.8600E-01
  5.6800E-01  5.3100E-01  4.7500E-01  4.0500E-01  3.3100E-01
  2.6000E-01  1.4500E-01  7.3700E-02  3.6600E-02  2.0400E-02
  1.4800E-02  1.3600E-02  1.3300E-02  9.7200E-03  3.1200E-03
  1.0400E-03  8.3600E-04  8.0000E-04  6.4500E-04  2.8000E-04
  4.4000E-05  4.0000E-05  1.4000E-05  3.6000E-06  3.5000E-07
  1.2000E-08