  1.2000E-02  1.2000E-02  1.2000E-02  1.2000E-02  1.2000E-02
  1.2000E-02  1.2000E-02  1.2000E-02  1.2000E-02  1.2000E-02
  1.2000E-02  1.2000E-02  1.2000E-02  1.2000E-02  1.2000E-02
  1.1900E-02  1.1900E-02  1.1900E-02  1.1900E-02  1.1800E-02
  1.1800E-02  1.1700E-02  1.1600E-02  1.1500E-02  1.1000E-02
  1.0000E-02  9.4000E-03  7.1000E-03  5.1000E-03  2.3000E-03
  5.1000E-04
  4.2600E-02  4.2600E-02  4.2600E-02  4.2600E-02  4.2600E-02
  4.2600E-02  4.2500E-02  4.2500E-02  4.2500E-02  4.2400E-02
  4.2400E-02  4.2300E-02  4.2100E-02  4.2000E-02  4.1800E-02
  4.1600E-02  4.1300E-02  4.0800E-02  3.9800E-02  3.7800E-02
  3.5400E-02  3.2700E-02  2.9700E-02  2.6700E-02  2.1000E-02
  9.1000E-03  3.4000E-03  1.1000E-03  1.0000E-03  5.5000E-04
  1.0000E-04
  2.1000E-02  2.1000E-02  2.1000E-02  2.1000E-02  2.1000E-02
  2.1000E-02  2.1000E-02  2.1000E-02  2.1000E-02  2.1000E-02
  2.1000E-02  2.1000E-02  2.1000E-02  2.1000E-02  2.1000E-02
  2.1000E-02  2.1000E-02  2.1000E-02  2.1000E-02  2.0900E-02
  2.0900E-02  2.0700E-02  2.0500E-02  2.0300E-02  1.9000E-02
  1.6000E-02  1.2000E-02  5.0000E-03  1.9000E-03  3.2000E-04
  2.1000E-05
  2.2600E-02  2.2600E-02  2.2600E-02  2.2600E-02  2.2600E-02
  2.2600E-02  2.2600E-02  2.2600E-02  2.2600E-02  2.2600E-02
  2.2600E-02  2.2600E-02  2.2600E-02  2.2600E-02  2.2600E-02
  2.2600E-02  2.2600E-02  2.2600E-02  2.2600E-02  2.2500E-02
  2.2400E-02  2.2300E-02  2.2000E-02  2.1700E-02  2.1000E-02
  1.6000E-02  1.1000E-02  4.3000E-03  1.5000E-03  2.0000E-04
  8.9000E-06
  9.5000E-02  9.5000E-02  9.5000E-02  9.5000E-02  9.4900E-02
  9.4700E-02  9.4400E-02  9.4000E-02  9.3600E-02  9.3000E-02
  9.2400E-02  9.1000E-02  8.9300E-02  8.7300E-02  8.5000E-02
  8.2500E-02  7.9900E-02  7.4000E-02  6.4400E-02  4.8100E-02
  3.3500E-02  2.2200E-02  1.4600E-02  1.0200E-02  7.2000E-03
  6.1000E-03  2.8000E-03  3.2000E-04  2.2000E-04  1.3000E-04
  2.4000E-05
  5.6100E-02  5.6100E-02  5.6100E-02  5.6100E-02  5.6100E-02
  5.6100E-02  5.6100E-02  5.6100E-02  5.6100E-02  5.6100E-02
  5.6100E-02  5.6100E-02  5.6000E-02  5.6000E-02  5.5900E-02
  5.5800E-02  5.5700E-02  5.5300E-02  5.4300E-02  5.1300E-02
  4.6600E-02  4.0400E-02  3.3400E-02  2.6500E-02  1.5000E-02
  2.9000E-03  2.0000E-03  1.4000E-03  5.7000E-04  9.0000E-05
  5.5000E-06
  5.8900E-02  5.8900E-02  5.8900E-02  5.8900E-02  5.8900E-02
  5.8900E-02  5.8900E-02  5.8900E-02  5.8900E-02  5.8900E-02
  5.8900E-02  5.8900E-02  5.8800E-02  5.8800E-02  5.8700E-02
  5.8600E-02  5.8400E-02  5.7900E-02  5.6700E-02  5.3000E-02
  4.7400E-02  4.0200E-02  3.2400E-02  2.4900E-02  1.3000E-02
  2.7000E-03  2.2000E-03  1.3000E-03  4.6000E-04  5.9000E-05
  2.4000E-06
  3.8600E-02  3.8600E-02  3.8600E-02  3.8600E-02  3.8600E-02
  3.8600E-02  3.8600E-02  3.8600E-02  3.8600E-02  3.8600E-02
  3.8600E-02  3.8600E-02  3.8600E-02  3.8600E-02  3.8600E-02
  3.8600E-02  3.8600E-02  3.8500E-02  3.8500E-02  3.8200E-02
  3.7600E-02  3.6300E-02  3.4400E-02  3.1900E-02  2.6000E-02
  1.1000E-02  4.1000E-03  5.2000E-04  8.1000E-05  4.1000E-06
  6.6000E-08
  3.9100E-02  3.9100E-02  3.9100E-02  3.9100E-02  3.9100E-02
  3.9100E-02  3.9100E-02  3.9100E-02  3.9100E-02  3.9100E-02
  3.9100E-02  3.9100E-02  3.9100E-02  3.9100E-02  3.9100E-02
  3.9100E-02  3.9100E-02  3.9100E-02  3.9100E-02  3.8800E-02
  3.8100E-02  3.6700E-02  3.4700E-02  3.2100E-02  2.6000E-02
  1.1000E-02  3.8000E-03  4.6000E-04  7.0000E-05  3.1000E-06
  4.0000E-08
  2.0300E-01  2.0300E-01  2.0300E-01  2.0200E-01  2.0100E-01
  1.9900E-01  1.9600E-01  1.9200E-01  1.8800E-01  1.8300E-01
  1.7700E-01  1.6400E-01  1.4900E-01  1.3400E-01  1.1800E-01
  1.0300E-01  8.8500E-02  6.3200E-02  3.7000E-02  2.0200E-02
  1.8500E-02  1.7500E-02  1.3900E-02  9.4300E-03  3.4000E-03
  1.6000E-03  9.0000E-04  8.9000E-05  5.0000E-05  3.1000E-05
  5.6000E-06
  1.2900E-01  1.2900E-01  1.2900E-01  1.2900E-01  1.2900E-01
  1.2900E-01  1.2900E-01  1.2900E-01  1.2900E-01  1.2900E-01
  1.2800E-01  1.2800E-01  1.2600E-01  1.2400E-01  1.2000E-01
  1.1600E-01  1.1100E-01  9.8400E-02  7.5900E-02  4.0400E-02
  1.8500E-02  9.5900E-03  7.5300E-03  7.4100E-03  6.2000E-03
  1.2000E-03  4.1000E-04  3.1000E-04  1.3000E-04  2.1000E-05
  1.3000E-06
  1.3600E-01  1.3600E-01  1.3600E-01  1.3600E-01  1.3600E-01
  1.3600E-01  1.3600E-01  1.3500E-01  1.3500E-01  1.3500E-01
  1.3500E-01  1.3400E-01  1.3200E-01  1.2900E-01  1.2500E-01
  1.2000E-01  1.1300E-01  9.8800E-02  7.3500E-02  3.6500E-02
  1.6000E-02  9.0000E-03  7.8500E-03  7.7700E-03  5.9000E-03
  9.7000E-04  4.5000E-04  3.0000E-04  1.1000E-04  1.4000E-05
  5.5000E-07
  1.0700E-01  1.0700E-01  1.0700E-01  1.0700E-01  1.0700E-01
  1.0700E-01  1.0700E-01  1.0700E-01  1.0700E-01  1.0700E-01
  1.0700E-01  1.0700E-01  1.0600E-01  1.0600E-01  1.0500E-01
  1.0400E-01  1.0200E-01  9.6800E-02  8.4700E-02  5.8300E-02
  3.3900E-02  1.7500E-02  8.5600E-03  4.6000E-03  2.9000E-03
  2.2000E-03  9.4000E-04  1.2000E-04  2.0000E-05  9.5000E-07
  1.5000E-08
  1.0800E-01  1.0800E-01  1.0800E-01  1.0800E-01  1.0800E-01
  1.0800E-01  1.0800E-01  1.0800E-01  1.0800E-01  1.0800E-01
  1.0800E-01  1.0800E-01  1.0800E-01  1.0700E-01  1.0700E-01
  1.0500E-01  1.0300E-01  9.7800E-02  8.5000E-02  5.7600E-02
  3.2900E-02  1.6600E-02  8.0500E-03  4.3700E-03  2.9000E-03
  2.1000E-03  8.8000E-04  1.1000E-04  1.6000E-05  7.2000E-07
  9.0000E-09
  1.1600E-01  1.1600E-01  1.1600E-01  1.1600E-01  1.1600E-01
  1.1600E-01  1.1600E-01  1.1600E-01  1.1600E-01  1.1600E-01
  1.1600E-01  1.1500E-01  1.1400E-01  1.1200E-01  1.0900E-01
  1.0600E-01  1.0100E-01  9.2000E-02  7.6600E-02  5.2900E-02
  3.4800E-02  2.2300E-02  1.4100E-02  8.9200E-03  3.6000E-03
  4.0000E-04  5.7000E-05  2.2000E-06  1.7000E-07  3.0000E-09
  1.6000E-11
  1.2100E-01  1.2100E-01  1.2100E-01  1.2100E-01  1.2100E-01
  1.2100E-01  1.2100E-01  1.2100E-01  1.2100E-01  1.2100E-01
  1.2000E-01  1.1900E-01  1.1800E-01  1.1500E-01  1.1100E-01
  1.0700E-01  1.0200E-01  9.1800E-02  7.5400E-02  5.1300E-02
  3.3400E-02  2.1300E-02  1.3400E-02  8.4200E-03  3.3000E-03
  3.7000E-04  5.2000E-05  2.0000E-06  1.4000E-07  2.3000E-09
  1.0000E-11
  5.4400E-01  5.4200E-01  5.3700E-01  5.2800E-01  5.1500E-01
  4.8000E-01  4.3600E-01  3.8500E-01  3.3200E-01  2.7900E-01
  2.2900E-01  1.4600E-01  8.9300E-02  5.6400E-02  4.0700E-02
  3.5100E-02  3.4000E-02  3.3100E-02  2.4500E-02  8.3500E-03
  3.3100E-03  2.9400E-03  2.6800E-03  1.9900E-03  7.2000E-04
  2.5000E-04  1.4000E-04  1.4000E-05  7.5000E-06  4.7000E-06
  8.4000E-07
  3.7000E-01  3.7000E-01  3.7000E-01  3.7000E-01  3.7000E-01
  3.6800E-01  3.6300E-01  3.5400E-01  3.3900E-01  3.2000E-01
  2.9600E-01  2.4000E-01  1.8100E-01  1.2700E-01  8.4500E-02
  5.4000E-02  3.4200E-02  1.6300E-02  1.2300E-02  1.0300E-02
  5.3100E-03  2.1700E-03  1.0900E-03  9.0200E-04  8.3000E-04
  1.8000E-04  5.1000E-05  3.9000E-05  1.7000E-05  2.6000E-06
  1.6000E-07
  4.0000E-01  4.0000E-01  4.0000E-01  4.0000E-01  3.9900E-01
  3.9600E-01  3.8900E-01  3.7600E-01  3.5700E-01  3.3200E-01
  3.0200E-01  2.3400E-01  1.6800E-01  1.1200E-01  7.0400E-02
  4.3000E-02  2.6700E-02  1.4000E-02  1.2200E-02  9.1500E-03
  4.1400E-03  1.6200E-03  9.4700E-04  8.8300E-04  7.5000E-04
  1.3000E-04  5.1000E-05  3.4000E-05  1.3000E-05  1.6000E-06
  6.4000E-08
  2.0300E+00  1.9400E+00  1.7200E+00  1.4100E+00  1.0700E+00
  5.0200E-01  1.9700E-01  8.4300E-02  5.8400E-02  5.6400E-02
  5.4800E-02  4.1000E-02  2.4000E-02  1.2300E-02  6.0500E-03
  3.3900E-03  2.5100E-03  2.3200E-03  1.8900E-03  6.6400E-04
  2.2700E-04  1.8700E-04  1.7400E-04  1.3100E-04  4.8000E-05
  1.6000E-05  9.2000E-06  8.9000E-07  4.7000E-07  3.0000E-07
  5.3000E-08