  1.4300E-02  1.4300E-02  1.4300E-02  1.4300E-02  1.4300E-02
  1.4300E-02  1.4300E-02  1.4300E-02  1.4300E-02  1.4300E-02
  1.4300E-02  1.4300E-02  1.4300E-02  1.4300E-02  1.4300E-02
  1.4300E-02  1.4300E-02  1.4200E-02  1.4200E-02  1.4100E-02
  1.4000E-02  1.3900E-02  1.3700E-02  1.3500E-02  1.3000E-02
  1.2000E-02  1.0000E-02  7.0000E-03  4.5000E-03  1.8000E-03
  3.1000E-04
  5.1200E-02  5.1200E-02  5.1200E-02  5.1200E-02  5.1200E-02
  5.1100E-02  5.1100E-02  5.1000E-02  5.1000E-02  5.0900E-02
  5.0800E-02  5.0600E-02  5.0400E-02  5.0100E-02  4.9800E-02
  4.9400E-02  4.9000E-02  4.8100E-02  4.6500E-02  4.3200E-02
  3.9300E-02  3.5000E-02  3.0700E-02  2.6400E-02  1.9000E-02
  6.1000E-03  2.0000E-03  1.2000E-03  1.0000E-03  3.8000E-04
  5.3000E-05
  2.5400E-02  2.5400E-02  2.5400E-02  2.5400E-02  2.5400E-02
  2.5400E-02  2.5400E-02  2.5400E-02  2.5400E-02  2.5400E-02
  2.5400E-02  2.5400E-02  2.5400E-02  2.5400E-02  2.5400E-02
  2.5400E-02  2.5400E-02  2.5400E-02  2.5300E-02  2.5200E-02
  2.5100E-02  2.4800E-02  2.4300E-02  2.3700E-02  2.2000E-02
  1.6000E-02  1.0000E-02  3.3000E-03  1.0000E-03  1.4000E-04
  7.3000E-06
  2.6800E-02  2.6800E-02  2.6800E-02  2.6800E-02  2.6800E-02
  2.6800E-02  2.6800E-02  2.6800E-02  2.6800E-02  2.6800E-02
  2.6800E-02  2.6800E-02  2.6800E-02  2.6800E-02  2.6800E-02
  2.6800E-02  2.6800E-02  2.6800E-02  2.6700E-02  2.6600E-02
  2.6400E-02  2.6000E-02  2.5500E-02  2.4800E-02  2.3000E-02
  1.6000E-02  9.7000E-03  2.9000E-03  8.1000E-04  8.8000E-05
  3.3000E-06
  1.1700E-01  1.1700E-01  1.1700E-01  1.1700E-01  1.1600E-01
  1.1600E-01  1.1600E-01  1.1500E-01  1.1400E-01  1.1300E-01
  1.1200E-01  1.0900E-01  1.0600E-01  1.0300E-01  9.8900E-02
  9.4700E-02  9.0200E-02  8.0600E-02  6.5700E-02  4.3000E-02
  2.6000E-02  1.5600E-02  1.0500E-02  8.6600E-03  8.3000E-03
  4.7000E-03  1.3000E-03  2.5000E-04  2.3000E-04  8.7000E-05
  1.1000E-05
  6.9200E-02  6.9200E-02  6.9200E-02  6.9200E-02  6.9200E-02
  6.9200E-02  6.9200E-02  6.9200E-02  6.9200E-02  6.9200E-02
  6.9200E-02  6.9100E-02  6.9000E-02  6.8900E-02  6.8700E-02
  6.8500E-02  6.8100E-02  6.7100E-02  6.4700E-02  5.8000E-02
  4.8600E-02  3.8000E-02  2.7800E-02  1.9200E-02  8.3000E-03
  2.4000E-03  2.2000E-03  9.1000E-04  2.9000E-04  3.5000E-05
  1.7000E-06
  7.1800E-02  7.1800E-02  7.1800E-02  7.1800E-02  7.1800E-02
  7.1800E-02  7.1800E-02  7.1800E-02  7.1800E-02  7.1700E-02
  7.1700E-02  7.1700E-02  7.1600E-02  7.1400E-02  7.1200E-02
  7.0900E-02  7.0500E-02  6.9300E-02  6.6500E-02  5.8800E-02
  4.8300E-02  3.6800E-02  2.6200E-02  1.7600E-02  7.3000E-03
  2.5000E-03  2.3000E-03  8.2000E-04  2.3000E-04  2.3000E-05
  8.1000E-07
  4.7500E-02  4.7500E-02  4.7500E-02  4.7500E-02  4.7500E-02
  4.7500E-02  4.7500E-02  4.7500E-02  4.7500E-02  4.7500E-02
  4.7500E-02  4.7500E-02  4.7500E-02  4.7500E-02  4.7500E-02
  4.7500E-02  4.7500E-02  4.7400E-02  4.7200E-02  4.6300E-02
  4.4400E-02  4.1100E-02  3.6900E-02  3.2000E-02  2.2000E-02
  6.9000E-03  1.9000E-03  1.8000E-04  2.4000E-05  1.0000E-06
  1.5000E-08
  4.8100E-02  4.8100E-02  4.8100E-02  4.8100E-02  4.8100E-02
  4.8100E-02  4.8100E-02  4.8100E-02  4.8100E-02  4.8100E-02
  4.8100E-02  4.8100E-02  4.8100E-02  4.8100E-02  4.8100E-02
  4.8100E-02  4.8100E-02  4.8000E-02  4.7800E-02  4.6900E-02
  4.4800E-02  4.1400E-02  3.7000E-02  3.1900E-02  2.2000E-02
  6.7000E-03  1.8000E-03  1.6000E-04  2.1000E-05  8.0000E-07
  9.2000E-09
  2.5500E-01  2.5400E-01  2.5400E-01  2.5300E-01  2.5100E-01
  2.4700E-01  2.4100E-01  2.3400E-01  2.2600E-01  2.1700E-01
  2.0600E-01  1.8300E-01  1.5900E-01  1.3500E-01  1.1200E-01
  9.1300E-02  7.3400E-02  4.6800E-02  2.7300E-02  2.2200E-02
  2.0400E-02  1.4500E-02  8.2500E-03  4.2900E-03  1.9000E-03
  1.3000E-03  3.8000E-04  5.5000E-05  4.9000E-05  1.9000E-05
  2.5000E-06
  1.6300E-01  1.6300E-01  1.6300E-01  1.6300E-01  1.6300E-01
  1.6300E-01  1.6300E-01  1.6300E-01  1.6300E-01  1.6200E-01
  1.6100E-01  1.5900E-01  1.5400E-01  1.4800E-01  1.4000E-01
  1.3000E-01  1.2000E-01  9.5300E-02  6.0300E-02  2.2700E-02
  1.0300E-02  8.7200E-03  8.5200E-03  7.3400E-03  3.8000E-03
  5.1000E-04  4.3000E-04  2.0000E-04  6.2000E-05  7.4000E-06
  3.6000E-07
  1.6900E-01  1.6900E-01  1.6900E-01  1.6900E-01  1.6900E-01
  1.6900E-01  1.6900E-01  1.6900E-01  1.6800E-01  1.6800E-01
  1.6700E-01  1.6400E-01  1.5900E-01  1.5100E-01  1.4200E-01
  1.3100E-01  1.1900E-01  9.3100E-02  5.6700E-02  2.0400E-02
  1.0100E-02  9.1000E-03  8.6800E-03  7.1400E-03  3.3000E-03
  5.1000E-04  4.6000E-04  1.8000E-04  5.0000E-05  5.0000E-06
  1.7000E-07
  1.3700E-01  1.3700E-01  1.3700E-01  1.3700E-01  1.3700E-01
  1.3700E-01  1.3700E-01  1.3700E-01  1.3700E-01  1.3700E-01
  1.3700E-01  1.3600E-01  1.3500E-01  1.3400E-01  1.3100E-01
  1.2600E-01  1.2100E-01  1.0700E-01  8.0700E-02  4.0600E-02
  1.6900E-02  6.9000E-03  3.8000E-03  3.2100E-03  3.1000E-03
  1.3000E-03  4.0000E-04  3.8000E-05  5.0000E-06  2.1000E-07
  3.0000E-09
  1.3900E-01  1.3900E-01  1.3900E-01  1.3900E-01  1.3900E-01
  1.3900E-01  1.3900E-01  1.3900E-01  1.3900E-01  1.3900E-01
  1.3900E-01  1.3800E-01  1.3700E-01  1.3500E-01  1.3200E-01
  1.2800E-01  1.2200E-01  1.0700E-01  8.0000E-02  3.9600E-02
  1.6200E-02  6.5900E-03  3.7300E-03  3.2300E-03  3.1000E-03
  1.3000E-03  3.8000E-04  3.4000E-05  4.3000E-06  1.6000E-07
  1.9000E-09
  6.5700E-01  6.5300E-01  6.4300E-01  6.2700E-01  6.0500E-01
  5.4700E-01  4.7500E-01  3.9700E-01  3.2000E-01  2.5000E-01
  1.9000E-01  1.0500E-01  6.2400E-02  4.6900E-02  4.3900E-02
  4.3700E-02  4.2100E-02  3.2500E-02  1.5200E-02  4.2400E-03
  3.6600E-03  3.0200E-03  1.8400E-03  9.3900E-04  3.2000E-04
  2.2000E-04  6.3000E-05  8.5000E-06  7.7000E-06  3.0000E-06
  3.9000E-07
  4.5200E-01  4.5200E-01  4.5200E-01  4.5200E-01  4.5100E-01
  4.4600E-01  4.3300E-01  4.1300E-01  3.8300E-01  3.4500E-01
  3.0200E-01  2.1300E-01  1.3600E-01  7.9700E-02  4.5300E-02
  2.7200E-02  1.9300E-02  1.6300E-02  1.4900E-02  6.8500E-03
  2.1900E-03  1.1600E-03  1.1000E-03  1.0200E-03  5.7000E-04
  6.9000E-05  5.5000E-05  2.6000E-05  8.1000E-06  9.7000E-07
  4.8000E-08
  4.7300E-01  4.7300E-01  4.7300E-01  4.7200E-01  4.7100E-01
  4.6400E-01  4.5000E-01  4.2500E-01  3.9000E-01  3.4700E-01
  2.9900E-01  2.0300E-01  1.2400E-01  7.0300E-02  3.9200E-02
  2.4100E-02  1.8300E-02  1.6600E-02  1.4500E-02  5.9200E-03
  1.8500E-03  1.1400E-03  1.1200E-03  9.8400E-04  4.9000E-04
  6.5000E-05  5.7000E-05  2.3000E-05  6.4000E-06  6.3000E-07
  2.2000E-08
  2.2300E+00  2.1200E+00  1.8200E+00  1.4200E+00  1.0100E+00
  4.0100E-01  1.4400E-01  8.2400E-02  7.7400E-02  7.4500E-02
  6.4000E-02  3.5600E-02  1.5900E-02  7.0200E-03  4.2000E-03
  3.6900E-03  3.6700E-03  3.1200E-03  1.5400E-03  3.6700E-04
  2.8800E-04  2.4400E-04  1.5100E-04  7.7000E-05  2.6000E-05
  1.7000E-05  5.0000E-06  6.6000E-07  6.0000E-07  2.3000E-07
  3.1000E-08