  7.8200E-03  7.8200E-03  7.8200E-03  7.8200E-03  7.8200E-03
  7.8200E-03  7.8200E-03  7.8200E-03  7.8200E-03  7.8200E-03
  7.8200E-03  7.8200E-03  7.8200E-03  7.8200E-03  7.8200E-03
  7.8100E-03  7.8100E-03  7.8100E-03  7.8000E-03  7.7800E-03
  7.7600E-03  7.7400E-03  7.7100E-03  7.6700E-03  7.6000E-03
  7.3000E-03  7.0000E-03  6.1000E-03  5.1000E-03  3.3000E-03
  1.2000E-03
  2.8000E-02  2.8000E-02  2.8000E-02  2.8000E-02  2.8000E-02
  2.8000E-02  2.8000E-02  2.8000E-02  2.8000E-02  2.8000E-02
  2.7900E-02  2.7900E-02  2.7900E-02  2.7800E-02  2.7800E-02
  2.7700E-02  2.7600E-02  2.7500E-02  2.7200E-02  2.6600E-02
  2.5800E-02  2.4900E-02  2.3900E-02  2.2700E-02  2.0000E-02
  1.4000E-02  8.2000E-03  2.3000E-03  8.3000E-04  6.6000E-04
  3.1000E-04
  1.3500E-02  1.3500E-02  1.3500E-02  1.3500E-02  1.3500E-02
  1.3500E-02  1.3500E-02  1.3500E-02  1.3500E-02  1.3500E-02
  1.3500E-02  1.3500E-02  1.3500E-02  1.3500E-02  1.3500E-02
  1.3500E-02  1.3500E-02  1.3500E-02  1.3500E-02  1.3500E-02
  1.3500E-02  1.3500E-02  1.3400E-02  1.3400E-02  1.3000E-02
  1.3000E-02  1.1000E-02  7.8000E-03  4.7000E-03  1.5000E-03
  1.8000E-04
  1.5800E-02  1.5800E-02  1.5800E-02  1.5800E-02  1.5800E-02
  1.5800E-02  1.5800E-02  1.5800E-02  1.5800E-02  1.5800E-02
  1.5800E-02  1.5800E-02  1.5800E-02  1.5800E-02  1.5800E-02
  1.5800E-02  1.5800E-02  1.5800E-02  1.5800E-02  1.5800E-02
  1.5800E-02  1.5800E-02  1.5700E-02  1.5600E-02  1.5000E-02
  1.4000E-02  1.2000E-02  7.3000E-03  3.7000E-03  8.5000E-04
  6.2000E-05
  6.1300E-02  6.1300E-02  6.1300E-02  6.1300E-02  6.1300E-02
  6.1200E-02  6.1100E-02  6.1000E-02  6.0900E-02  6.0800E-02
  6.0600E-02  6.0200E-02  5.9700E-02  5.9100E-02  5.8500E-02
  5.7800E-02  5.7000E-02  5.5100E-02  5.2000E-02  4.5800E-02
  3.8900E-02  3.2100E-02  2.5600E-02  2.0000E-02  1.2000E-02
  4.9000E-03  4.6000E-03  2.0000E-03  4.6000E-04  1.5000E-04
  7.9000E-05
  3.5800E-02  3.5800E-02  3.5800E-02  3.5800E-02  3.5800E-02
  3.5800E-02  3.5800E-02  3.5800E-02  3.5800E-02  3.5800E-02
  3.5800E-02  3.5800E-02  3.5700E-02  3.5700E-02  3.5700E-02
  3.5700E-02  3.5700E-02  3.5700E-02  3.5500E-02  3.5100E-02
  3.4300E-02  3.3100E-02  3.1400E-02  2.9300E-02  2.4000E-02
  1.1000E-02  3.5000E-03  1.3000E-03  1.2000E-03  4.5000E-04
  5.5000E-05
  3.9500E-02  3.9500E-02  3.9500E-02  3.9500E-02  3.9500E-02
  3.9500E-02  3.9500E-02  3.9500E-02  3.9500E-02  3.9500E-02
  3.9500E-02  3.9500E-02  3.9500E-02  3.9500E-02  3.9500E-02
  3.9500E-02  3.9500E-02  3.9400E-02  3.9200E-02  3.8500E-02
  3.7300E-02  3.5500E-02  3.3000E-02  3.0000E-02  2.3000E-02
  8.3000E-03  2.6000E-03  1.7000E-03  1.2000E-03  3.0000E-04
  2.1000E-05
  2.5400E-02  2.5400E-02  2.5400E-02  2.5400E-02  2.5400E-02
  2.5400E-02  2.5400E-02  2.5400E-02  2.5400E-02  2.5400E-02
  2.5400E-02  2.5400E-02  2.5400E-02  2.5400E-02  2.5400E-02
  2.5400E-02  2.5400E-02  2.5400E-02  2.5400E-02  2.5400E-02
  2.5300E-02  2.5200E-02  2.5000E-02  2.4600E-02  2.3000E-02
  1.7000E-02  1.0000E-02  2.8000E-03  6.8000E-04  5.6000E-05
  1.4000E-06
  2.6200E-02  2.6200E-02  2.6200E-02  2.6200E-02  2.6200E-02
  2.6200E-02  2.6200E-02  2.6200E-02  2.6200E-02  2.6200E-02
  2.6200E-02  2.6200E-02  2.6200E-02  2.6200E-02  2.6200E-02
  2.6200E-02  2.6200E-02  2.6200E-02  2.6200E-02  2.6200E-02
  2.6100E-02  2.6000E-02  2.5700E-02  2.5300E-02  2.4000E-02
  1.7000E-02  9.9000E-03  2.5000E-03  5.7000E-04  4.0000E-05
  7.5000E-07
  1.2200E-01  1.2200E-01  1.2200E-01  1.2200E-01  1.2200E-01
  1.2100E-01  1.2100E-01  1.2000E-01  1.1900E-01  1.1700E-01
  1.1600E-01  1.1300E-01  1.0900E-01  1.0400E-01  9.9400E-02
  9.4100E-02  8.8600E-02  7.7100E-02  6.0100E-02  3.6300E-02
  2.1500E-02  1.4700E-02  1.2800E-02  1.2700E-02  1.1000E-02
  3.0000E-03  1.2000E-03  7.5000E-04  1.7000E-04  3.8000E-05
  2.1000E-05
  7.6700E-02  7.6700E-02  7.6700E-02  7.6700E-02  7.6700E-02
  7.6700E-02  7.6700E-02  7.6700E-02  7.6700E-02  7.6700E-02
  7.6600E-02  7.6600E-02  7.6400E-02  7.6200E-02  7.5900E-02
  7.5400E-02  7.4800E-02  7.3100E-02  6.9100E-02  5.8500E-02
  4.5000E-02  3.1400E-02  2.0300E-02  1.2600E-02  6.1000E-03
  4.8000E-03  2.1000E-03  3.3000E-04  2.9000E-04  1.2000E-04
  1.5000E-05
  8.4100E-02  8.4100E-02  8.4100E-02  8.4100E-02  8.4100E-02
  8.4100E-02  8.4100E-02  8.4100E-02  8.4000E-02  8.4000E-02
  8.4000E-02  8.3900E-02  8.3600E-02  8.3300E-02  8.2800E-02
  8.2100E-02  8.1200E-02  7.8600E-02  7.2800E-02  5.8500E-02
  4.1700E-02  2.6700E-02  1.6000E-02  9.8200E-03  6.1000E-03
  4.6000E-03  1.5000E-03  4.0000E-04  3.2000E-04  8.5000E-05
  5.8000E-06
  6.2300E-02  6.2300E-02  6.2300E-02  6.2300E-02  6.2300E-02
  6.2300E-02  6.2300E-02  6.2300E-02  6.2300E-02  6.2300E-02
  6.2300E-02  6.2300E-02  6.2300E-02  6.2300E-02  6.2200E-02
  6.2200E-02  6.2100E-02  6.1900E-02  6.1100E-02  5.7600E-02
  5.1100E-02  4.2100E-02  3.2200E-02  2.3100E-02  1.0000E-02
  2.4000E-03  2.2000E-03  8.4000E-04  2.2000E-04  1.8000E-05
  4.2000E-07
  6.4000E-02  6.4000E-02  6.4000E-02  6.4000E-02  6.4000E-02
  6.4000E-02  6.4000E-02  6.4000E-02  6.4000E-02  6.4000E-02
  6.4000E-02  6.4000E-02  6.4000E-02  6.4000E-02  6.3900E-02
  6.3900E-02  6.3800E-02  6.3500E-02  6.2600E-02  5.8700E-02
  5.1400E-02  4.1600E-02  3.1200E-02  2.1900E-02  9.3000E-03
  2.5000E-03  2.2000E-03  7.7000E-04  1.8000E-04  1.3000E-05
  2.3000E-07
  5.0500E-02  5.0500E-02  5.0500E-02  5.0500E-02  5.0500E-02
  5.0500E-02  5.0500E-02  5.0500E-02  5.0500E-02  5.0500E-02
  5.0500E-02  5.0500E-02  5.0500E-02  5.0500E-02  5.0500E-02
  5.0500E-02  5.0500E-02  5.0400E-02  5.0200E-02  4.9200E-02
  4.6700E-02  4.2600E-02  3.7300E-02  3.1500E-02  2.1000E-02
  5.7000E-03  1.4000E-03  1.1000E-04  1.1000E-05  3.1000E-07
  2.2000E-09
  5.1200E-02  5.1200E-02  5.1200E-02  5.1200E-02  5.1200E-02
  5.1200E-02  5.1200E-02  5.1200E-02  5.1200E-02  5.1200E-02
  5.1200E-02  5.1200E-02  5.1200E-02  5.1200E-02  5.1200E-02
  5.1200E-02  5.1100E-02  5.1100E-02  5.0900E-02  4.9800E-02
  4.7100E-02  4.2800E-02  3.7200E-02  3.1300E-02  2.0000E-02
  5.4000E-03  1.3000E-03  9.7000E-05  9.8000E-06  2.4000E-07
  1.4000E-09
  2.5800E-01  2.5800E-01  2.5700E-01  2.5600E-01  2.5400E-01
  2.5000E-01  2.4400E-01  2.3600E-01  2.2700E-01  2.1700E-01
  2.0500E-01  1.8100E-01  1.5500E-01  1.3000E-01  1.0600E-01
  8.5500E-02  6.8100E-02  4.3700E-02  2.8400E-02  2.5900E-02
  2.1400E-02  1.2900E-02  6.5200E-03  3.7700E-03  3.1000E-03
  1.1000E-03  3.0000E-04  1.9000E-04  4.4000E-05  8.9000E-06
  5.0000E-06
  1.6900E-01  1.6900E-01  1.6900E-01  1.6900E-01  1.6900E-01
  1.6900E-01  1.6900E-01  1.6900E-01  1.6900E-01  1.6800E-01
  1.6700E-01  1.6400E-01  1.5800E-01  1.5100E-01  1.4200E-01
  1.3000E-01  1.1800E-01  9.0500E-02  5.3500E-02  1.9300E-02
  1.1800E-02  1.1500E-02  9.9300E-03  7.0600E-03  2.5000E-03
  1.1000E-03  5.7000E-04  7.3000E-05  6.3000E-05  2.7000E-05
  3.3000E-06
  1.8700E-01  1.8700E-01  1.8700E-01  1.8700E-01  1.8700E-01
  1.8600E-01  1.8600E-01  1.8600E-01  1.8500E-01  1.8400E-01
  1.8200E-01  1.7700E-01  1.7000E-01  1.5900E-01  1.4600E-01
  1.3100E-01  1.1400E-01  8.1900E-02  4.3300E-02  1.5700E-02
  1.2700E-02  1.1800E-02  8.7600E-03  5.3100E-03  1.7000E-03
  1.1000E-03  3.9000E-04  8.3000E-05  6.9000E-05  1.9000E-05
  1.3000E-06
  1.5800E-01  1.5800E-01  1.5800E-01  1.5800E-01  1.5800E-01
  1.5800E-01  1.5800E-01  1.5800E-01  1.5800E-01  1.5800E-01
  1.5800E-01  1.5700E-01  1.5500E-01  1.5100E-01  1.4500E-01
  1.3800E-01  1.2800E-01  1.0500E-01  6.8500E-02  2.5100E-02
  8.7600E-03  5.6200E-03  5.4900E-03  5.0300E-03  2.9000E-03
  4.2000E-04  3.6000E-04  1.5000E-04  4.0000E-05  3.2000E-06
  7.6000E-08
  1.6300E-01  1.6300E-01  1.6300E-01  1.6300E-01  1.6300E-01
  1.6300E-01  1.6300E-01  1.6300E-01  1.6300E-01  1.6300E-01
  1.6300E-01  1.6100E-01  1.5900E-01  1.5500E-01  1.4800E-01
  1.4000E-01  1.2900E-01  1.0400E-01  6.5300E-02  2.2600E-02
  7.9900E-03  5.6500E-03  5.5500E-03  4.9100E-03  2.6000E-03
  4.1000E-04  3.6000E-04  1.4000E-04  3.3000E-05  2.3000E-06
  4.1000E-08
  6.1700E-01  6.1400E-01  6.0600E-01  5.9100E-01  5.7200E-01
  5.2000E-01  4.5500E-01  3.8400E-01  3.1400E-01  2.4900E-01
  1.9200E-01  1.1100E-01  6.8600E-02  5.2800E-02  4.9700E-02
  4.9500E-02  4.7600E-02  3.6500E-02  1.6700E-02  5.5200E-03
  5.1100E-03  3.6300E-03  1.8700E-03  9.1300E-04  5.9000E-04
  2.3000E-04  5.8000E-05  3.7000E-05  8.5000E-06  1.7000E-06
  9.4000E-07
  4.2900E-01  4.2900E-01  4.2900E-01  4.2900E-01  4.2800E-01
  4.2400E-01  4.1400E-01  3.9600E-01  3.7000E-01  3.3700E-01
  2.9900E-01  2.1600E-01  1.4200E-01  8.5700E-02  5.0400E-02
  3.1600E-02  2.3400E-02  2.0600E-02  1.8300E-02  7.4400E-03
  2.4500E-03  1.8500E-03  1.7600E-03  1.3500E-03  5.0000E-04
  1.8000E-04  9.6000E-05  1.2000E-05  1.0000E-05  4.4000E-06
  5.3000E-07
  4.8400E-01  4.8400E-01  4.8400E-01  4.8400E-01  4.8200E-01
  4.7500E-01  4.5800E-01  4.3000E-01  3.9000E-01  3.4300E-01
  2.9100E-01  1.9000E-01  1.1100E-01  6.1200E-02  3.5400E-02
  2.4900E-02  2.2000E-02  2.1500E-02  1.5800E-02  4.6600E-03
  1.9900E-03  1.8900E-03  1.5400E-03  9.7900E-04  3.0000E-04
  1.7000E-04  6.1000E-05  1.2000E-05  1.0000E-05  2.8000E-06
  1.9000E-07
  6.0800E-01  6.0800E-01  6.0800E-01  6.0700E-01  6.0600E-01
  5.9200E-01  5.5500E-01  4.9300E-01  4.1600E-01  3.3600E-01
  2.6100E-01  1.4600E-01  7.5800E-02  3.7400E-02  1.8400E-02
  9.9400E-03  6.7200E-03  5.6500E-03  5.1400E-03  2.3600E-03
  7.5000E-04  3.5400E-04  3.2300E-04  3.0700E-04  1.8000E-04
  2.6000E-05  2.1000E-05  9.2000E-06  2.5000E-06  2.0000E-07
  4.7000E-09
  1.9900E+00  1.9100E+00  1.6800E+00  1.3600E+00  1.0200E+00
  4.7300E-01  1.9000E-01  9.7300E-02  8.2100E-02  8.1300E-02
  7.5200E-02  4.8600E-02  2.4300E-02  1.1300E-02  6.4400E-03
  5.3300E-03  5.2700E-03  4.6000E-03  2.2600E-03  5.8900E-04
  5.1400E-04  3.8100E-04  1.9800E-04  9.4800E-05  5.8000E-05
  2.3000E-05  5.7000E-06  3.6000E-06  8.4000E-07  1.7000E-07
  9.3000E-08