  3.8100E-02  3.8100E-02  3.8100E-02  3.8100E-02  3.8100E-02
  3.8100E-02  3.8100E-02  3.8100E-02  3.8000E-02  3.8000E-02
  3.8000E-02  3.7900E-02  3.7800E-02  3.7600E-02  3.7500E-02
  3.7400E-02  3.7200E-02  3.6800E-02  3.6100E-02  3.4600E-02
  3.2800E-02  3.0800E-02  2.8600E-02  2.6300E-02  2.2000E-02
  1.2000E-02  6.5000E-03  1.8000E-03  5.3000E-04  7.3000E-05
  4.5000E-06
  1.4700E-01  1.4700E-01  1.4700E-01  1.4700E-01  1.4600E-01
  1.4600E-01  1.4500E-01  1.4400E-01  1.4200E-01  1.4100E-01
  1.3900E-01  1.3500E-01  1.3000E-01  1.2400E-01  1.1800E-01
  1.1100E-01  1.0400E-01  9.0400E-02  6.9700E-02  4.0800E-02
  2.1500E-02  1.0800E-02  5.7000E-03  3.6900E-03  3.0000E-03
  2.3000E-03  1.2000E-03  2.5000E-04  6.5000E-05  7.7000E-06
  4.2000E-07
  7.5500E-02  7.5500E-02  7.5500E-02  7.5500E-02  7.5500E-02
  7.5500E-02  7.5500E-02  7.5500E-02  7.5500E-02  7.5500E-02
  7.5400E-02  7.5400E-02  7.5200E-02  7.5000E-02  7.4700E-02
  7.4200E-02  7.3700E-02  7.2000E-02  6.8400E-02  5.9500E-02
  4.8500E-02  3.7600E-02  2.8000E-02  2.0400E-02  1.0000E-02
  1.9000E-03  4.0000E-04  3.2000E-05  4.3000E-06  2.2000E-07
  4.3000E-09
  4.1500E-01  4.1400E-01  4.1200E-01  4.0800E-01  4.0300E-01
  3.8800E-01  3.6800E-01  3.4400E-01  3.1700E-01  2.8800E-01
  2.5800E-01  1.9900E-01  1.4700E-01  1.0400E-01  7.2100E-02
  4.9500E-02  3.4900E-02  2.1600E-02  1.8700E-02  1.6400E-02
  1.0100E-02  4.9400E-03  2.1500E-03  9.4600E-04  4.2000E-04
  3.3000E-04  1.7000E-04  3.5000E-05  8.9000E-06  1.0000E-06
  5.6000E-08
  2.6400E-01  2.6400E-01  2.6400E-01  2.6400E-01  2.6400E-01
  2.6400E-01  2.6300E-01  2.6100E-01  2.5700E-01  2.5200E-01
  2.4500E-01  2.2600E-01  2.0100E-01  1.7300E-01  1.4400E-01
  1.1600E-01  9.1500E-02  5.3200E-02  2.1200E-02  5.8700E-03
  4.4600E-03  4.3400E-03  3.7500E-03  2.9200E-03  1.5000E-03
  2.7000E-04  5.5000E-05  4.1000E-06  5.5000E-07  2.7000E-08
  5.4000E-10
  2.5000E-01  2.5000E-01  2.5000E-01  2.5000E-01  2.5000E-01
  2.5000E-01  2.4900E-01  2.4800E-01  2.4500E-01  2.4000E-01
  2.3300E-01  2.1400E-01  1.9000E-01  1.6500E-01  1.4000E-01
  1.1800E-01  9.8400E-02  6.7400E-02  3.7700E-02  1.4500E-02
  5.7900E-03  2.4300E-03  1.0700E-03  4.9600E-04  1.2000E-04
  7.1000E-06  7.5000E-07  2.3000E-08  1.6000E-09  3.5000E-11
  1.2000E-13
  1.6900E+00  1.6500E+00  1.5100E+00  1.3200E+00  1.0900E+00
  6.4300E-01  3.2400E-01  1.4700E-01  6.9100E-02  4.2000E-02
  3.5600E-02  3.4600E-02  2.9600E-02  2.1700E-02  1.4400E-02
  8.9700E-03  5.3800E-03  2.0300E-03  1.0500E-03  9.6100E-04
  6.2200E-04  3.0800E-04  1.3300E-04  5.6500E-05  2.2000E-05
  1.8000E-05  8.9000E-06  1.9000E-06  4.7000E-07  5.4000E-08
  2.9000E-09