  1.2900E-02  1.2900E-02  1.2900E-02  1.2900E-02  1.2900E-02
  1.2900E-02  1.2900E-02  1.2900E-02  1.2900E-02  1.2900E-02
  1.2900E-02  1.2900E-02  1.2900E-02  1.2900E-02  1.2900E-02
  1.2900E-02  1.2900E-02  1.2900E-02  1.2800E-02  1.2800E-02
  1.2700E-02  1.2600E-02  1.2500E-02  1.2300E-02  1.2000E-02
  1.1000E-02  9.7000E-03  7.1000E-03  4.9000E-03  2.1000E-03
  4.2000E-04
  4.6100E-02  4.6100E-02  4.6100E-02  4.6100E-02  4.6100E-02
  4.6000E-02  4.6000E-02  4.6000E-02  4.5900E-02  4.5900E-02
  4.5800E-02  4.5700E-02  4.5500E-02  4.5300E-02  4.5100E-02
  4.4800E-02  4.4500E-02  4.3800E-02  4.2600E-02  4.0100E-02
  3.7100E-02  3.3800E-02  3.0300E-02  2.6800E-02  2.0000E-02
  7.8000E-03  2.7000E-03  1.1000E-03  1.0000E-03  4.8000E-04
  7.8000E-05
  2.2800E-02  2.2800E-02  2.2800E-02  2.2800E-02  2.2800E-02
  2.2800E-02  2.2800E-02  2.2800E-02  2.2800E-02  2.2800E-02
  2.2800E-02  2.2800E-02  2.2800E-02  2.2800E-02  2.2800E-02
  2.2800E-02  2.2800E-02  2.2800E-02  2.2700E-02  2.2700E-02
  2.2600E-02  2.2400E-02  2.2100E-02  2.1700E-02  2.1000E-02
  1.6000E-02  1.1000E-02  4.3000E-03  1.5000E-03  2.2000E-04
  1.3000E-05
  2.4300E-02  2.4300E-02  2.4300E-02  2.4300E-02  2.4300E-02
  2.4300E-02  2.4300E-02  2.4300E-02  2.4300E-02  2.4300E-02
  2.4300E-02  2.4300E-02  2.4300E-02  2.4300E-02  2.4300E-02
  2.4300E-02  2.4300E-02  2.4300E-02  2.4300E-02  2.4200E-02
  2.4100E-02  2.3800E-02  2.3500E-02  2.3000E-02  2.2000E-02
  1.6000E-02  1.1000E-02  3.7000E-03  1.2000E-03  1.4000E-04
  5.8000E-06
  1.0400E-01  1.0400E-01  1.0400E-01  1.0400E-01  1.0400E-01
  1.0300E-01  1.0300E-01  1.0200E-01  1.0200E-01  1.0100E-01
  1.0000E-01  9.8500E-02  9.6300E-02  9.3700E-02  9.0900E-02
  8.7800E-02  8.4400E-02  7.7200E-02  6.5500E-02  4.6500E-02
  3.0600E-02  1.9300E-02  1.2500E-02  9.1400E-03  7.6000E-03
  5.7000E-03  2.1000E-03  2.6000E-04  2.3000E-04  1.1000E-04
  1.8000E-05
  6.1300E-02  6.1300E-02  6.1300E-02  6.1300E-02  6.1300E-02
  6.1300E-02  6.1300E-02  6.1300E-02  6.1300E-02  6.1300E-02
  6.1300E-02  6.1300E-02  6.1200E-02  6.1200E-02  6.1100E-02
  6.0900E-02  6.0700E-02  6.0100E-02  5.8700E-02  5.4400E-02
  4.8000E-02  4.0000E-02  3.1600E-02  2.3800E-02  1.2000E-02
  2.5000E-03  2.1000E-03  1.2000E-03  4.3000E-04  6.1000E-05
  3.4000E-06
  6.4000E-02  6.4000E-02  6.4000E-02  6.4000E-02  6.4000E-02
  6.4000E-02  6.4000E-02  6.4000E-02  6.4000E-02  6.4000E-02
  6.4000E-02  6.3900E-02  6.3900E-02  6.3800E-02  6.3700E-02
  6.3500E-02  6.3200E-02  6.2500E-02  6.0800E-02  5.5800E-02
  4.8300E-02  3.9400E-02  3.0300E-02  2.2100E-02  1.0000E-02
  2.5000E-03  2.3000E-03  1.1000E-03  3.5000E-04  4.0000E-05
  1.5000E-06
  4.2100E-02  4.2100E-02  4.2100E-02  4.2100E-02  4.2100E-02
  4.2100E-02  4.2100E-02  4.2100E-02  4.2100E-02  4.2100E-02
  4.2100E-02  4.2100E-02  4.2100E-02  4.2100E-02  4.2100E-02
  4.2100E-02  4.2100E-02  4.2100E-02  4.2000E-02  4.1500E-02
  4.0500E-02  3.8600E-02  3.5800E-02  3.2400E-02  2.5000E-02
  9.3000E-03  3.0000E-03  3.4000E-04  4.9000E-05  2.3000E-06
  3.5000E-08
  4.2600E-02  4.2600E-02  4.2600E-02  4.2600E-02  4.2600E-02
  4.2600E-02  4.2600E-02  4.2600E-02  4.2600E-02  4.2600E-02
  4.2600E-02  4.2600E-02  4.2600E-02  4.2600E-02  4.2600E-02
  4.2600E-02  4.2600E-02  4.2600E-02  4.2500E-02  4.2000E-02
  4.0900E-02  3.8900E-02  3.6100E-02  3.2500E-02  2.4000E-02
  9.1000E-03  2.9000E-03  3.0000E-04  4.2000E-05  1.8000E-06
  2.1000E-08
  2.2300E-01  2.2300E-01  2.2200E-01  2.2100E-01  2.2000E-01
  2.1800E-01  2.1400E-01  2.0900E-01  2.0300E-01  1.9600E-01
  1.8900E-01  1.7200E-01  1.5400E-01  1.3600E-01  1.1700E-01
  9.9500E-02  8.3300E-02  5.6700E-02  3.2200E-02  2.0400E-02
  1.9900E-02  1.7100E-02  1.1900E-02  7.1000E-03  2.4000E-03
  1.6000E-03  6.6000E-04  6.4000E-05  5.2000E-05  2.6000E-05
  4.0000E-06
  1.4200E-01  1.4200E-01  1.4200E-01  1.4200E-01  1.4200E-01
  1.4200E-01  1.4200E-01  1.4200E-01  1.4200E-01  1.4200E-01
  1.4100E-01  1.4000E-01  1.3700E-01  1.3400E-01  1.2900E-01
  1.2300E-01  1.1600E-01  9.8900E-02  7.1000E-02  3.2900E-02
  1.4000E-02  8.5700E-03  7.9900E-03  7.7800E-03  5.4000E-03
  7.9000E-04  4.2000E-04  2.6000E-04  9.8000E-05  1.4000E-05
  7.5000E-07
  1.4800E-01  1.4800E-01  1.4800E-01  1.4800E-01  1.4800E-01
  1.4800E-01  1.4800E-01  1.4800E-01  1.4800E-01  1.4700E-01
  1.4700E-01  1.4500E-01  1.4200E-01  1.3800E-01  1.3200E-01
  1.2500E-01  1.1700E-01  9.8200E-02  6.8000E-02  2.9600E-02
  1.2600E-02  8.6300E-03  8.3900E-03  7.9100E-03  5.0000E-03
  6.8000E-04  4.7000E-04  2.5000E-04  8.0000E-05  9.0000E-06
  3.4000E-07
  1.1800E-01  1.1800E-01  1.1800E-01  1.1800E-01  1.1800E-01
  1.1800E-01  1.1800E-01  1.1800E-01  1.1800E-01  1.1800E-01
  1.1800E-01  1.1800E-01  1.1700E-01  1.1700E-01  1.1500E-01
  1.1300E-01  1.1000E-01  1.0200E-01  8.5100E-02  5.2400E-02
  2.6800E-02  1.2300E-02  5.8200E-03  3.5800E-03  3.0000E-03
  1.9000E-03  6.8000E-04  7.8000E-05  1.1000E-05  5.1000E-07
  7.7000E-09
  1.1900E-01  1.1900E-01  1.1900E-01  1.1900E-01  1.1900E-01
  1.1900E-01  1.1900E-01  1.1900E-01  1.1900E-01  1.1900E-01
  1.1900E-01  1.1900E-01  1.1900E-01  1.1800E-01  1.1600E-01
  1.1400E-01  1.1100E-01  1.0300E-01  8.5100E-02  5.1600E-02
  2.6000E-02  1.1700E-02  5.5600E-03  3.5000E-03  3.0000E-03
  1.8000E-03  6.4000E-04  6.9000E-05  9.6000E-06  3.9000E-07
  4.7000E-09
  1.3400E-01  1.3400E-01  1.3400E-01  1.3400E-01  1.3400E-01
  1.3400E-01  1.3400E-01  1.3400E-01  1.3400E-01  1.3400E-01
  1.3400E-01  1.3200E-01  1.3000E-01  1.2600E-01  1.2100E-01
  1.1500E-01  1.0900E-01  9.5000E-02  7.4700E-02  4.7000E-02
  2.8400E-02  1.6900E-02  9.9800E-03  5.9200E-03  2.1000E-03
  2.0000E-04  2.6000E-05  9.2000E-07  6.4000E-08  1.1000E-09
  6.1000E-12
  5.8600E-01  5.8400E-01  5.7600E-01  5.6500E-01  5.4900E-01
  5.0600E-01  4.5300E-01  3.9200E-01  3.3000E-01  2.7000E-01
  2.1600E-01  1.3000E-01  7.6700E-02  5.0200E-02  4.0200E-02
  3.7900E-02  3.7800E-02  3.4600E-02  2.1500E-02  6.0500E-03
  3.3000E-03  3.1800E-03  2.5100E-03  1.5800E-03  4.8000E-04
  2.5000E-04  1.1000E-04  1.0000E-05  7.9000E-06  4.0000E-06
  6.2000E-07
  3.9900E-01  3.9900E-01  3.9900E-01  3.9900E-01  3.9800E-01
  3.9500E-01  3.8800E-01  3.7500E-01  3.5700E-01  3.3200E-01
  3.0200E-01  2.3300E-01  1.6600E-01  1.1000E-01  6.8400E-02
  4.1700E-02  2.6200E-02  1.5200E-02  1.4000E-02  9.5600E-03
  3.9400E-03  1.5400E-03  1.0300E-03  1.0100E-03  7.8000E-04
  1.2000E-04  5.4000E-05  3.5000E-05  1.3000E-05  1.8000E-06
  9.8000E-08
  4.2700E-01  4.2700E-01  4.2700E-01  4.2700E-01  4.2600E-01
  4.2200E-01  4.1200E-01  3.9600E-01  3.7100E-01  3.4000E-01
  3.0400E-01  2.2500E-01  1.5200E-01  9.5300E-02  5.6700E-02
  3.3700E-02  2.1500E-02  1.4300E-02  1.3700E-02  8.2000E-03
  3.0500E-03  1.2600E-03  9.9000E-04  9.7500E-04  6.8000E-04
  8.9000E-05  5.5000E-05  3.0000E-05  9.7000E-06  1.1000E-06
  4.1000E-08
  2.1100E+00  2.0100E+00  1.7600E+00  1.4100E+00  1.0500E+00
  4.6200E-01  1.7300E-01  8.0200E-02  6.4400E-02  6.3700E-02
  5.9600E-02  3.9900E-02  2.1000E-02  9.8600E-03  4.8800E-03
  3.1800E-03  2.8200E-03  2.7300E-03  1.8600E-03  5.0800E-04
  2.3100E-04  2.2100E-04  1.7800E-04  1.1300E-04  3.4000E-05
  1.7000E-05  7.5000E-06  6.9000E-07  5.4000E-07  2.8000E-07
  4.2000E-08