  1.0300E-02  1.0300E-02  1.0300E-02  1.0300E-02  1.0300E-02
  1.0300E-02  1.0300E-02  1.0300E-02  1.0300E-02  1.0300E-02
  1.0300E-02  1.0300E-02  1.0300E-02  1.0300E-02  1.0300E-02
  1.0300E-02  1.0300E-02  1.0300E-02  1.0300E-02  1.0300E-02
  1.0200E-02  1.0200E-02  1.0100E-02  1.0000E-02  9.8000E-03
  9.3000E-03  8.6000E-03  6.9000E-03  5.2000E-03  2.8000E-03
  7.4000E-04
  3.6700E-02  3.6700E-02  3.6700E-02  3.6700E-02  3.6700E-02
  3.6700E-02  3.6700E-02  3.6700E-02  3.6600E-02  3.6600E-02
  3.6600E-02  3.6500E-02  3.6400E-02  3.6300E-02  3.6200E-02
  3.6100E-02  3.5900E-02  3.5600E-02  3.4900E-02  3.3600E-02
  3.2000E-02  3.0100E-02  2.8000E-02  2.5900E-02  2.1000E-02
  1.1000E-02  5.0000E-03  1.1000E-03  9.0000E-04  6.6000E-04
  1.6000E-04
  1.8000E-02  1.8000E-02  1.8000E-02  1.8000E-02  1.8000E-02
  1.8000E-02  1.8000E-02  1.8000E-02  1.8000E-02  1.8000E-02
  1.8000E-02  1.8000E-02  1.8000E-02  1.8000E-02  1.8000E-02
  1.8000E-02  1.8000E-02  1.8000E-02  1.8000E-02  1.8000E-02
  1.7900E-02  1.7900E-02  1.7800E-02  1.7600E-02  1.7000E-02
  1.5000E-02  1.2000E-02  6.3000E-03  2.9000E-03  5.9000E-04
  4.8000E-05
  1.9800E-02  1.9800E-02  1.9800E-02  1.9800E-02  1.9800E-02
  1.9800E-02  1.9800E-02  1.9800E-02  1.9800E-02  1.9800E-02
  1.9800E-02  1.9800E-02  1.9800E-02  1.9800E-02  1.9800E-02
  1.9800E-02  1.9800E-02  1.9800E-02  1.9800E-02  1.9800E-02
  1.9700E-02  1.9600E-02  1.9500E-02  1.9300E-02  1.9000E-02
  1.6000E-02  1.2000E-02  5.5000E-03  2.2000E-03  3.6000E-04
  1.9000E-05
  8.1100E-02  8.1100E-02  8.1000E-02  8.1000E-02  8.1000E-02
  8.0800E-02  8.0600E-02  8.0400E-02  8.0100E-02  7.9800E-02
  7.9400E-02  7.8500E-02  7.7400E-02  7.6100E-02  7.4700E-02
  7.3100E-02  7.1300E-02  6.7500E-02  6.0900E-02  4.9000E-02
  3.7300E-02  2.7100E-02  1.9000E-02  1.3300E-02  7.5000E-03
  6.1000E-03  4.1000E-03  6.5000E-04  2.0000E-04  1.6000E-04
  4.0000E-05
  4.7600E-02  4.7600E-02  4.7600E-02  4.7600E-02  4.7600E-02
  4.7600E-02  4.7600E-02  4.7600E-02  4.7600E-02  4.7600E-02
  4.7600E-02  4.7600E-02  4.7600E-02  4.7600E-02  4.7600E-02
  4.7500E-02  4.7500E-02  4.7300E-02  4.6800E-02  4.5300E-02
  4.2700E-02  3.9100E-02  3.4500E-02  2.9500E-02  2.0000E-02
  4.8000E-03  1.9000E-03  1.6000E-03  8.5000E-04  1.8000E-04
  1.3000E-05
  5.0800E-02  5.0800E-02  5.0800E-02  5.0800E-02  5.0800E-02
  5.0800E-02  5.0800E-02  5.0800E-02  5.0800E-02  5.0800E-02
  5.0800E-02  5.0700E-02  5.0700E-02  5.0700E-02  5.0700E-02
  5.0600E-02  5.0500E-02  5.0300E-02  4.9600E-02  4.7600E-02
  4.4300E-02  3.9800E-02  3.4300E-02  2.8500E-02  1.8000E-02
  3.9000E-03  2.0000E-03  1.6000E-03  7.2000E-04  1.1000E-04
  5.5000E-06
  3.3000E-02  3.3000E-02  3.3000E-02  3.3000E-02  3.3000E-02
  3.3000E-02  3.3000E-02  3.3000E-02  3.3000E-02  3.3000E-02
  3.3000E-02  3.3000E-02  3.3000E-02  3.3000E-02  3.3000E-02
  3.3000E-02  3.3000E-02  3.2900E-02  3.2900E-02  3.2800E-02
  3.2600E-02  3.2000E-02  3.1100E-02  2.9700E-02  2.6000E-02
  1.4000E-02  6.3000E-03  1.0000E-03  1.9000E-04  1.1000E-05
  2.1000E-07
  3.3700E-02  3.3700E-02  3.3700E-02  3.3700E-02  3.3700E-02
  3.3700E-02  3.3700E-02  3.3700E-02  3.3700E-02  3.3700E-02
  3.3700E-02  3.3700E-02  3.3700E-02  3.3700E-02  3.3700E-02
  3.3700E-02  3.3700E-02  3.3600E-02  3.3600E-02  3.3500E-02
  3.3200E-02  3.2600E-02  3.1600E-02  3.0100E-02  2.6000E-02
  1.4000E-02  6.0000E-03  9.3000E-04  1.6000E-04  8.4000E-06
  1.2000E-07
  1.7100E-01  1.7100E-01  1.7100E-01  1.7000E-01  1.7000E-01
  1.6800E-01  1.6700E-01  1.6400E-01  1.6200E-01  1.5800E-01
  1.5500E-01  1.4700E-01  1.3700E-01  1.2700E-01  1.1600E-01
  1.0500E-01  9.3500E-02  7.2700E-02  4.7100E-02  2.3200E-02
  1.6500E-02  1.6000E-02  1.5200E-02  1.2800E-02  6.4000E-03
  1.5000E-03  1.3000E-03  2.2000E-04  4.9000E-05  3.9000E-05
  9.7000E-06
  1.0800E-01  1.0800E-01  1.0800E-01  1.0800E-01  1.0800E-01
  1.0800E-01  1.0800E-01  1.0800E-01  1.0800E-01  1.0800E-01
  1.0800E-01  1.0700E-01  1.0700E-01  1.0500E-01  1.0400E-01
  1.0200E-01  9.9300E-02  9.2500E-02  7.8800E-02  5.2000E-02
  2.9200E-02  1.5100E-02  8.6700E-03  6.7300E-03  6.4000E-03
  2.5000E-03  5.6000E-04  3.5000E-04  2.1000E-04  4.3000E-05
  3.2000E-06
  1.1500E-01  1.1500E-01  1.1500E-01  1.1500E-01  1.1500E-01
  1.1500E-01  1.1500E-01  1.1500E-01  1.1500E-01  1.1500E-01
  1.1500E-01  1.1400E-01  1.1300E-01  1.1200E-01  1.1000E-01
  1.0700E-01  1.0400E-01  9.5100E-02  7.8400E-02  4.8200E-02
  2.5000E-02  1.2600E-02  7.9400E-03  6.9800E-03  6.6000E-03
  2.0000E-03  4.9000E-04  3.7000E-04  1.8000E-04  2.8000E-05
  1.3000E-06
  8.8500E-02  8.8500E-02  8.8500E-02  8.8500E-02  8.8500E-02
  8.8500E-02  8.8500E-02  8.8500E-02  8.8500E-02  8.8500E-02
  8.8500E-02  8.8500E-02  8.8400E-02  8.8200E-02  8.8000E-02
  8.7600E-02  8.6900E-02  8.4900E-02  7.9200E-02  6.3700E-02
  4.4900E-02  2.8100E-02  1.6200E-02  8.9100E-03  3.4000E-03
  2.5000E-03  1.5000E-03  2.7000E-04  5.0000E-05  2.9000E-06
  5.2000E-08
  9.0500E-02  9.0500E-02  9.0500E-02  9.0500E-02  9.0500E-02
  9.0500E-02  9.0500E-02  9.0500E-02  9.0500E-02  9.0500E-02
  9.0500E-02  9.0400E-02  9.0400E-02  9.0200E-02  8.9900E-02
  8.9400E-02  8.8700E-02  8.6400E-02  8.0200E-02  6.3500E-02
  4.3800E-02  2.6900E-02  1.5100E-02  8.2200E-03  3.2000E-03
  2.5000E-03  1.4000E-03  2.4000E-04  4.2000E-05  2.1000E-06
  3.0000E-08
  8.5300E-02  8.5300E-02  8.5300E-02  8.5300E-02  8.5300E-02
  8.5300E-02  8.5300E-02  8.5300E-02  8.5300E-02  8.5300E-02
  8.5200E-02  8.5200E-02  8.5100E-02  8.4800E-02  8.4400E-02
  8.3700E-02  8.2800E-02  8.0000E-02  7.3700E-02  5.9900E-02
  4.5600E-02  3.3300E-02  2.3600E-02  1.6500E-02  7.9000E-03
  1.2000E-03  2.1000E-04  1.0000E-05  8.6000E-07  1.8000E-08
  1.0000E-10
  8.5800E-02  8.5800E-02  8.5800E-02  8.5800E-02  8.5800E-02
  8.5800E-02  8.5800E-02  8.5800E-02  8.5800E-02  8.5800E-02
  8.5800E-02  8.5800E-02  8.5700E-02  8.5500E-02  8.5100E-02
  8.4400E-02  8.3500E-02  8.0700E-02  7.4300E-02  6.0100E-02
  4.5500E-02  3.3000E-02  2.3300E-02  1.6200E-02  7.6000E-03
  1.2000E-03  2.0000E-04  9.3000E-06  7.5000E-07  1.4000E-08
  6.9000E-11
  4.4300E-01  4.4200E-01  4.3900E-01  4.3400E-01  4.2700E-01
  4.0700E-01  3.8100E-01  3.5000E-01  3.1600E-01  2.8100E-01
  2.4500E-01  1.7800E-01  1.2300E-01  8.2700E-02  5.6100E-02
  4.0800E-02  3.3300E-02  2.9800E-02  2.8400E-02  1.5800E-02
  5.9100E-03  2.9900E-03  2.7300E-03  2.5900E-03  1.5000E-03
  2.5000E-04  2.1000E-04  3.8000E-05  8.1000E-06  6.3000E-06
  1.6000E-06
  3.0200E-01  3.0200E-01  3.0200E-01  3.0200E-01  3.0200E-01
  3.0100E-01  2.9900E-01  2.9500E-01  2.8900E-01  2.8000E-01
  2.6800E-01  2.3700E-01  2.0000E-01  1.6000E-01  1.2200E-01
  8.9600E-02  6.3500E-02  3.0400E-02  1.3000E-02  1.0800E-02
  8.4100E-03  4.6800E-03  2.2000E-03  1.1500E-03  8.4000E-04
  4.0000E-04  8.3000E-05  4.6000E-05  2.8000E-05  5.8000E-06
  4.3000E-07
  3.2400E-01  3.2400E-01  3.2400E-01  3.2400E-01  3.2400E-01
  3.2300E-01  3.2000E-01  3.1500E-01  3.0600E-01  2.9500E-01
  2.8000E-01  2.4100E-01  1.9600E-01  1.5100E-01  1.1000E-01
  7.7300E-02  5.2500E-02  2.3900E-02  1.2100E-02  1.1100E-02
  7.4500E-03  3.6300E-03  1.6300E-03  9.8100E-04  8.7000E-04
  3.0000E-04  6.6000E-05  4.8000E-05  2.3000E-05  3.6000E-06
  1.7000E-07
  3.8200E-01  3.8200E-01  3.8200E-01  3.8200E-01  3.8200E-01
  3.8100E-01  3.7600E-01  3.6700E-01  3.5000E-01  3.2800E-01
  3.0100E-01  2.4100E-01  1.8200E-01  1.3300E-01  9.4100E-02
  6.5100E-02  4.4100E-02  1.9500E-02  5.8700E-03  2.6000E-03
  2.4900E-03  1.9100E-03  1.2100E-03  6.8000E-04  2.1000E-04
  1.2000E-04  7.8000E-05  1.5000E-05  2.7000E-06  1.6000E-07
  2.8000E-09
  1.6100E+00  1.5600E+00  1.4400E+00  1.2700E+00  1.0600E+00
  6.4000E-01  3.3300E-01  1.5900E-01  8.0600E-02  5.4200E-02
  4.8700E-02  4.7200E-02  3.8800E-02  2.6900E-02  1.6600E-02
  9.6100E-03  5.5600E-03  2.7100E-03  2.4200E-03  1.5400E-03
  5.7000E-04  2.4500E-04  2.0800E-04  2.0100E-04  1.2000E-04
  1.9000E-05  1.6000E-05  2.9000E-06  6.1000E-07  4.8000E-07
  1.2000E-07