  1.5600E-02  1.5600E-02  1.5600E-02  1.5600E-02  1.5600E-02
  1.5600E-02  1.5600E-02  1.5600E-02  1.5600E-02  1.5600E-02
  1.5600E-02  1.5600E-02  1.5600E-02  1.5600E-02  1.5600E-02
  1.5500E-02  1.5500E-02  1.5500E-02  1.5400E-02  1.5300E-02
  1.5200E-02  1.5000E-02  1.4800E-02  1.4600E-02  1.4000E-02
  1.2000E-02  1.0000E-02  6.9000E-03  4.2000E-03  1.5000E-03
  2.3000E-04
  5.5900E-02  5.5900E-02  5.5900E-02  5.5900E-02  5.5900E-02
  5.5900E-02  5.5800E-02  5.5800E-02  5.5700E-02  5.5600E-02
  5.5500E-02  5.5200E-02  5.4900E-02  5.4600E-02  5.4100E-02
  5.3700E-02  5.3100E-02  5.2000E-02  4.9900E-02  4.5700E-02
  4.0800E-02  3.5700E-02  3.0500E-02  2.5500E-02  1.7000E-02
  4.8000E-03  1.7000E-03  1.3000E-03  9.6000E-04  3.1000E-04
  3.8000E-05
  2.7800E-02  2.7800E-02  2.7800E-02  2.7800E-02  2.7800E-02
  2.7800E-02  2.7800E-02  2.7800E-02  2.7800E-02  2.7800E-02
  2.7800E-02  2.7800E-02  2.7800E-02  2.7800E-02  2.7800E-02
  2.7800E-02  2.7800E-02  2.7800E-02  2.7700E-02  2.7600E-02
  2.7300E-02  2.6900E-02  2.6200E-02  2.5400E-02  2.3000E-02
  1.6000E-02  9.2000E-03  2.6000E-03  7.4000E-04  8.7000E-05
  4.2000E-06
  2.9100E-02  2.9100E-02  2.9100E-02  2.9100E-02  2.9100E-02
  2.9100E-02  2.9100E-02  2.9100E-02  2.9100E-02  2.9100E-02
  2.9100E-02  2.9100E-02  2.9100E-02  2.9100E-02  2.9100E-02
  2.9100E-02  2.9100E-02  2.9100E-02  2.9000E-02  2.8900E-02
  2.8500E-02  2.8000E-02  2.7200E-02  2.6300E-02  2.4000E-02
  1.5000E-02  8.6000E-03  2.2000E-03  5.8000E-04  5.7000E-05
  2.0000E-06
  1.3000E-01  1.3000E-01  1.2900E-01  1.2900E-01  1.2900E-01
  1.2900E-01  1.2800E-01  1.2700E-01  1.2600E-01  1.2500E-01
  1.2300E-01  1.2000E-01  1.1600E-01  1.1100E-01  1.0600E-01
  1.0000E-01  9.4500E-02  8.2400E-02  6.4400E-02  3.8800E-02
  2.1900E-02  1.3100E-02  9.7100E-03  8.9500E-03  8.7000E-03
  3.6000E-03  7.9000E-04  2.6000E-04  2.1000E-04  6.7000E-05
  7.8000E-06
  7.6900E-02  7.6900E-02  7.6900E-02  7.6900E-02  7.6900E-02
  7.6900E-02  7.6900E-02  7.6900E-02  7.6900E-02  7.6900E-02
  7.6900E-02  7.6800E-02  7.6700E-02  7.6500E-02  7.6100E-02
  7.5700E-02  7.5200E-02  7.3600E-02  6.9800E-02  6.0100E-02
  4.7500E-02  3.4600E-02  2.3400E-02  1.5000E-02  5.8000E-03
  2.5000E-03  2.1000E-03  6.9000E-04  1.9000E-04  2.1000E-05
  9.7000E-07
  7.9400E-02  7.9400E-02  7.9400E-02  7.9400E-02  7.9400E-02
  7.9400E-02  7.9400E-02  7.9400E-02  7.9400E-02  7.9400E-02
  7.9400E-02  7.9300E-02  7.9100E-02  7.8900E-02  7.8500E-02
  7.8000E-02  7.7400E-02  7.5500E-02  7.1300E-02  6.0400E-02
  4.6800E-02  3.3200E-02  2.1900E-02  1.3600E-02  5.2000E-03
  2.7000E-03  2.1000E-03  6.1000E-04  1.6000E-04  1.4000E-05
  4.6000E-07
  5.3000E-02  5.3000E-02  5.3000E-02  5.3000E-02  5.3000E-02
  5.3000E-02  5.3000E-02  5.3000E-02  5.3000E-02  5.3000E-02
  5.3000E-02  5.3000E-02  5.3000E-02  5.3000E-02  5.3000E-02
  5.3000E-02  5.3000E-02  5.2800E-02  5.2400E-02  5.0800E-02
  4.7400E-02  4.2500E-02  3.6600E-02  3.0400E-02  1.9000E-02
  5.0000E-03  1.3000E-03  1.0000E-04  1.3000E-05  5.0000E-07
  7.0000E-09
  5.3600E-02  5.3600E-02  5.3600E-02  5.3600E-02  5.3600E-02
  5.3600E-02  5.3600E-02  5.3600E-02  5.3600E-02  5.3600E-02
  5.3600E-02  5.3600E-02  5.3600E-02  5.3600E-02  5.3600E-02
  5.3600E-02  5.3500E-02  5.3400E-02  5.3000E-02  5.1200E-02
  4.7800E-02  4.2700E-02  3.6600E-02  3.0200E-02  1.9000E-02
  4.9000E-03  1.2000E-03  9.4000E-05  1.1000E-05  4.0000E-07
  4.4000E-09
  2.9600E-01  2.9600E-01  2.9500E-01  2.9300E-01  2.9100E-01
  2.8500E-01  2.7600E-01  2.6600E-01  2.5300E-01  2.3900E-01
  2.2400E-01  1.9200E-01  1.6000E-01  1.2900E-01  1.0200E-01
  7.8800E-02  6.0500E-02  3.7000E-02  2.4700E-02  2.3200E-02
  1.8000E-02  1.0300E-02  5.0300E-03  2.6300E-03  1.8000E-03
  9.7000E-04  2.1000E-04  5.2000E-05  4.2000E-05  1.4000E-05
  1.6000E-06
  1.9100E-01  1.9100E-01  1.9100E-01  1.9100E-01  1.9100E-01
  1.9100E-01  1.9100E-01  1.9100E-01  1.9000E-01  1.8900E-01
  1.8700E-01  1.8100E-01  1.7300E-01  1.6200E-01  1.4900E-01
  1.3300E-01  1.1700E-01  8.4300E-02  4.5200E-02  1.4600E-02
  9.0400E-03  8.8300E-03  7.7200E-03  5.7200E-03  2.3000E-03
  4.3000E-04  3.8000E-04  1.3000E-04  3.7000E-05  4.0000E-06
  1.8000E-07
  1.9800E-01  1.9800E-01  1.9800E-01  1.9800E-01  1.9800E-01
  1.9800E-01  1.9800E-01  1.9700E-01  1.9600E-01  1.9500E-01
  1.9300E-01  1.8600E-01  1.7700E-01  1.6400E-01  1.4900E-01
  1.3200E-01  1.1500E-01  8.0700E-02  4.1500E-02  1.3400E-02
  9.2400E-03  9.0100E-03  7.5400E-03  5.3300E-03  2.0000E-03
  4.5000E-04  3.9000E-04  1.2000E-04  3.0000E-05  2.7000E-06
  8.7000E-08
  1.6800E-01  1.6800E-01  1.6800E-01  1.6800E-01  1.6800E-01
  1.6800E-01  1.6800E-01  1.6800E-01  1.6800E-01  1.6800E-01
  1.6700E-01  1.6600E-01  1.6200E-01  1.5600E-01  1.4800E-01
  1.3800E-01  1.2700E-01  1.0100E-01  6.4900E-02  2.4900E-02
  8.5400E-03  3.8200E-03  3.0100E-03  2.9700E-03  2.5000E-03
  8.2000E-04  2.1000E-04  1.7000E-05  2.1000E-06  8.2000E-08
  1.1000E-09
  1.7000E-01  1.7000E-01  1.7000E-01  1.7000E-01  1.7000E-01
  1.7000E-01  1.7000E-01  1.7000E-01  1.7000E-01  1.7000E-01
  1.6900E-01  1.6700E-01  1.6300E-01  1.5800E-01  1.4900E-01
  1.3900E-01  1.2700E-01  1.0100E-01  6.3900E-02  2.4000E-02
  8.1600E-03  3.7400E-03  3.0200E-03  2.9900E-03  2.5000E-03
  7.9000E-04  2.0000E-04  1.6000E-05  1.8000E-06  6.4000E-08
  7.2000E-10
  9.2000E-01  9.1100E-01  8.8600E-01  8.4500E-01  7.9200E-01
  6.5900E-01  5.1200E-01  3.7400E-01  2.5900E-01  1.7300E-01
  1.1400E-01  5.6000E-02  4.2000E-02  4.0900E-02  3.9700E-02
  3.5500E-02  2.9200E-02  1.6400E-02  5.6500E-03  2.7700E-03
  2.5000E-03  1.5600E-03  7.6300E-04  3.6100E-04  2.1000E-04
  1.1000E-04  2.4000E-05  5.8000E-06  4.7000E-06  1.5000E-06
  1.8000E-07
  6.6500E-01  6.6500E-01  6.6400E-01  6.6200E-01  6.5600E-01
  6.2600E-01  5.6900E-01  4.8900E-01  3.9700E-01  3.0700E-01
  2.2700E-01  1.1300E-01  5.1300E-02  2.4300E-02  1.4700E-02
  1.2300E-02  1.2100E-02  1.1300E-02  7.3200E-03  2.0800E-03
  7.7100E-04  6.7800E-04  6.3000E-04  4.8900E-04  2.0000E-04
  3.3000E-05  3.0000E-05  1.1000E-05  2.9000E-06  3.1000E-07
  1.4000E-08
  6.9300E-01  6.9300E-01  6.9300E-01  6.9000E-01  6.8200E-01
  6.4700E-01  5.8100E-01  4.9000E-01  3.9000E-01  2.9400E-01
  2.1200E-01  9.9800E-02  4.3700E-02  2.1000E-02  1.3800E-02
  1.2400E-02  1.2300E-02  1.1100E-02  6.6000E-03  1.7300E-03
  7.2600E-04  6.8000E-04  6.0500E-04  4.4600E-04  1.7000E-04
  3.4000E-05  2.9000E-05  9.1000E-06  2.3000E-06  2.1000E-07
  6.6000E-09