  2.8100E-02  2.8100E-02  2.8100E-02  2.8100E-02  2.8100E-02
  2.8100E-02  2.8100E-02  2.8000E-02  2.8000E-02  2.8000E-02
  2.8000E-02  2.8000E-02  2.7900E-02  2.7900E-02  2.7800E-02
  2.7800E-02  2.7700E-02  2.7500E-02  2.7200E-02  2.6600E-02
  2.5900E-02  2.5000E-02  2.3900E-02  2.2800E-02  2.0000E-02
  1.4000E-02  9.4000E-03  3.6000E-03  1.4000E-03  2.4000E-04
  1.8000E-05
  1.0400E-01  1.0400E-01  1.0400E-01  1.0400E-01  1.0400E-01
  1.0400E-01  1.0300E-01  1.0300E-01  1.0300E-01  1.0200E-01
  1.0100E-01  9.9700E-02  9.7800E-02  9.5600E-02  9.3100E-02
  9.0400E-02  8.7500E-02  8.1100E-02  7.0700E-02  5.3000E-02
  3.7100E-02  2.4500E-02  1.5400E-02  9.4500E-03  3.9000E-03
  2.3000E-03  1.9000E-03  6.8000E-04  2.2000E-04  3.1000E-05
  1.9000E-06
  5.2800E-02  5.2800E-02  5.2800E-02  5.2800E-02  5.2800E-02
  5.2800E-02  5.2800E-02  5.2800E-02  5.2800E-02  5.2800E-02
  5.2800E-02  5.2800E-02  5.2800E-02  5.2700E-02  5.2700E-02
  5.2600E-02  5.2500E-02  5.2100E-02  5.1300E-02  4.8900E-02
  4.5100E-02  4.0300E-02  3.4900E-02  2.9500E-02  2.0000E-02
  6.0000E-03  1.8000E-03  1.9000E-04  3.1000E-05  1.8000E-06
  3.9000E-08
  2.8500E-01  2.8400E-01  2.8400E-01  2.8200E-01  2.8100E-01
  2.7500E-01  2.6900E-01  2.6000E-01  2.5000E-01  2.3800E-01
  2.2600E-01  1.9900E-01  1.7000E-01  1.4300E-01  1.1700E-01
  9.3400E-02  7.3600E-02  4.4300E-02  2.1900E-02  1.3900E-02
  1.3600E-02  1.1400E-02  8.0200E-03  5.0100E-03  1.6000E-03
  3.5000E-04  3.0000E-04  1.1000E-04  3.4000E-05  4.7000E-06
  2.8000E-07
  1.7600E-01  1.7600E-01  1.7600E-01  1.7600E-01  1.7600E-01
  1.7600E-01  1.7500E-01  1.7500E-01  1.7500E-01  1.7400E-01
  1.7300E-01  1.6900E-01  1.6300E-01  1.5500E-01  1.4500E-01
  1.3300E-01  1.2100E-01  9.5200E-02  6.0200E-02  2.3300E-02
  8.5000E-03  4.2400E-03  3.5100E-03  3.4800E-03  3.0000E-03
  1.1000E-03  3.1000E-04  3.2000E-05  4.8000E-06  2.7000E-07
  5.6000E-09
  1.4600E-01  1.4600E-01  1.4600E-01  1.4600E-01  1.4600E-01
  1.4600E-01  1.4600E-01  1.4600E-01  1.4500E-01  1.4500E-01
  1.4500E-01  1.4300E-01  1.4000E-01  1.3500E-01  1.2900E-01
  1.2200E-01  1.1400E-01  9.7100E-02  7.2900E-02  4.2400E-02
  2.3800E-02  1.3300E-02  7.4700E-03  4.2400E-03  1.4000E-03
  1.2000E-04  1.6000E-05  6.4000E-07  5.2000E-08  1.3000E-09
  1.0000E-11
  1.1800E+00  1.1600E+00  1.1100E+00  1.0400E+00  9.4400E-01
  7.2300E-01  5.0600E-01  3.2700E-01  1.9800E-01  1.1600E-01
  6.7300E-02  3.0200E-02  2.4400E-02  2.4100E-02  2.2700E-02
  1.9600E-02  1.5800E-02  8.9900E-03  3.2200E-03  8.9100E-04
  7.8400E-04  7.0100E-04  5.1200E-04  3.2500E-04  1.0000E-04
  1.9000E-05  1.7000E-05  6.0000E-06  1.9000E-06  2.6000E-07
  1.5000E-08
  9.1500E-01  9.1400E-01  9.1200E-01  9.0100E-01  8.7600E-01
  7.7300E-01  6.1800E-01  4.5200E-01  3.0900E-01  2.0100E-01
  1.2600E-01  4.6400E-02  1.6800E-02  7.1200E-03  4.4700E-03
  3.9800E-03  3.9500E-03  3.6700E-03  2.5500E-03  9.8100E-04
  3.2600E-04  1.3100E-04  9.2100E-05  8.9200E-05  8.0000E-05
  2.9000E-05  8.3000E-06  8.5000E-07  1.3000E-07  7.1000E-09
  1.5000E-10