  2.3700E-01  2.3700E-01  2.3600E-01  2.3600E-01  2.3500E-01
  2.3200E-01  2.2800E-01  2.2300E-01  2.1800E-01  2.1100E-01
  2.0400E-01  1.8800E-01  1.7100E-01  1.5300E-01  1.3600E-01
  1.1900E-01  1.0400E-01  7.7100E-02  4.8100E-02  2.1500E-02
  9.8600E-03  4.7700E-03  2.4400E-03  1.3100E-03  4.4000E-04
  5.0000E-05  9.9000E-06  9.4000E-07  1.7000E-07  1.5000E-08
  7.4000E-10
  1.3400E+00  1.3200E+00  1.2500E+00  1.1500E+00  1.0200E+00
  7.4300E-01  4.8600E-01  2.9300E-01  1.6500E-01  8.9200E-02
  4.7500E-02  1.6400E-02  1.0800E-02  1.0400E-02  1.0200E-02
  9.3900E-03  8.2300E-03  5.8000E-03  3.1500E-03  1.1500E-03
  4.6100E-04  2.0400E-04  9.8700E-05  5.1100E-05  1.6000E-05
  1.8000E-06  3.4000E-07  3.2000E-08  5.8000E-09  5.2000E-10
  2.5000E-11