  9.6200E-03  9.6200E-03  9.6200E-03  9.6200E-03  9.6200E-03
  9.6200E-03  9.6200E-03  9.6200E-03  9.6200E-03  9.6200E-03
  9.6200E-03  9.6200E-03  9.6200E-03  9.6200E-03  9.6100E-03
  9.6100E-03  9.6100E-03  9.6000E-03  9.5900E-03  9.5600E-03
  9.5200E-03  9.4800E-03  9.4200E-03  9.3600E-03  9.2000E-03
  8.7000E-03  8.1000E-03  6.7000E-03  5.3000E-03  2.9000E-03
  8.6000E-04
  3.4200E-02  3.4200E-02  3.4200E-02  3.4200E-02  3.4200E-02
  3.4200E-02  3.4200E-02  3.4200E-02  3.4200E-02  3.4100E-02
  3.4100E-02  3.4100E-02  3.4000E-02  3.3900E-02  3.3800E-02
  3.3700E-02  3.3600E-02  3.3300E-02  3.2800E-02  3.1700E-02
  3.0300E-02  2.8800E-02  2.7000E-02  2.5200E-02  2.1000E-02
  1.2000E-02  5.9000E-03  1.3000E-03  8.4000E-04  6.9000E-04
  2.0000E-04
  1.6700E-02  1.6700E-02  1.6700E-02  1.6700E-02  1.6700E-02
  1.6700E-02  1.6700E-02  1.6700E-02  1.6700E-02  1.6700E-02
  1.6700E-02  1.6700E-02  1.6700E-02  1.6700E-02  1.6700E-02
  1.6700E-02  1.6700E-02  1.6700E-02  1.6700E-02  1.6700E-02
  1.6700E-02  1.6600E-02  1.6500E-02  1.6400E-02  1.6000E-02
  1.5000E-02  1.2000E-02  6.8000E-03  3.3000E-03  7.7000E-04
  6.9000E-05
  1.8700E-02  1.8700E-02  1.8700E-02  1.8700E-02  1.8700E-02
  1.8700E-02  1.8700E-02  1.8700E-02  1.8700E-02  1.8700E-02
  1.8700E-02  1.8700E-02  1.8700E-02  1.8700E-02  1.8700E-02
  1.8700E-02  1.8700E-02  1.8700E-02  1.8700E-02  1.8600E-02
  1.8600E-02  1.8500E-02  1.8400E-02  1.8300E-02  1.8000E-02
  1.6000E-02  1.2000E-02  6.1000E-03  2.6000E-03  4.6000E-04
  2.6000E-05
  7.5300E-02  7.5300E-02  7.5300E-02  7.5300E-02  7.5200E-02
  7.5100E-02  7.5000E-02  7.4800E-02  7.4600E-02  7.4300E-02
  7.4000E-02  7.3200E-02  7.2400E-02  7.1300E-02  7.0200E-02
  6.8800E-02  6.7400E-02  6.4200E-02  5.8800E-02  4.8700E-02
  3.8300E-02  2.8900E-02  2.1000E-02  1.5100E-02  8.2000E-03
  5.7000E-03  4.5000E-03  9.2000E-04  2.1000E-04  1.6000E-04
  4.9000E-05
  4.4200E-02  4.4200E-02  4.4200E-02  4.4200E-02  4.4200E-02
  4.4200E-02  4.4200E-02  4.4200E-02  4.4200E-02  4.4200E-02
  4.4200E-02  4.4200E-02  4.4200E-02  4.4100E-02  4.4100E-02
  4.4100E-02  4.4000E-02  4.3900E-02  4.3600E-02  4.2500E-02
  4.0600E-02  3.7800E-02  3.4200E-02  3.0100E-02  2.1000E-02
  6.1000E-03  2.0000E-03  1.6000E-03  9.7000E-04  2.3000E-04
  2.0000E-05
  4.7500E-02  4.7500E-02  4.7500E-02  4.7500E-02  4.7500E-02
  4.7500E-02  4.7500E-02  4.7500E-02  4.7500E-02  4.7500E-02
  4.7500E-02  4.7400E-02  4.7400E-02  4.7400E-02  4.7400E-02
  4.7300E-02  4.7300E-02  4.7100E-02  4.6600E-02  4.5100E-02
  4.2600E-02  3.8900E-02  3.4400E-02  2.9400E-02  2.0000E-02
  4.8000E-03  2.0000E-03  1.7000E-03  8.5000E-04  1.5000E-04
  7.9000E-06
  3.0700E-02  3.0700E-02  3.0700E-02  3.0700E-02  3.0700E-02
  3.0700E-02  3.0700E-02  3.0700E-02  3.0700E-02  3.0700E-02
  3.0700E-02  3.0700E-02  3.0700E-02  3.0700E-02  3.0700E-02
  3.0700E-02  3.0700E-02  3.0700E-02  3.0700E-02  3.0600E-02
  3.0500E-02  3.0100E-02  2.9400E-02  2.8500E-02  2.6000E-02
  1.5000E-02  7.4000E-03  1.4000E-03  2.8000E-04  1.8000E-05
  3.5000E-07
  3.1400E-02  3.1400E-02  3.1400E-02  3.1400E-02  3.1400E-02
  3.1400E-02  3.1400E-02  3.1400E-02  3.1400E-02  3.1400E-02
  3.1400E-02  3.1400E-02  3.1400E-02  3.1400E-02  3.1400E-02
  3.1400E-02  3.1400E-02  3.1400E-02  3.1400E-02  3.1400E-02
  3.1200E-02  3.0700E-02  3.0000E-02  2.8900E-02  2.6000E-02
  1.5000E-02  7.0000E-03  1.2000E-03  2.3000E-04  1.3000E-05
  2.0000E-07
  1.5600E-01  1.5600E-01  1.5600E-01  1.5600E-01  1.5600E-01
  1.5500E-01  1.5300E-01  1.5100E-01  1.4900E-01  1.4700E-01
  1.4400E-01  1.3700E-01  1.3000E-01  1.2100E-01  1.1200E-01
  1.0300E-01  9.3800E-02  7.5600E-02  5.1700E-02  2.6300E-02
  1.6700E-02  1.5100E-02  1.4900E-02  1.3600E-02  8.1000E-03
  1.5000E-03  1.3000E-03  3.2000E-04  5.8000E-05  4.1000E-05
  1.2000E-05
  9.8600E-02  9.8600E-02  9.8600E-02  9.8600E-02  9.8600E-02
  9.8600E-02  9.8600E-02  9.8500E-02  9.8500E-02  9.8500E-02
  9.8400E-02  9.8100E-02  9.7700E-02  9.7000E-02  9.5900E-02
  9.4600E-02  9.2800E-02  8.8000E-02  7.7800E-02  5.5800E-02
  3.4500E-02  1.9200E-02  1.0700E-02  7.1700E-03  6.1000E-03
  3.3000E-03  7.9000E-04  3.5000E-04  2.4000E-04  5.9000E-05
  4.9000E-06
  1.0600E-01  1.0600E-01  1.0600E-01  1.0600E-01  1.0600E-01
  1.0600E-01  1.0600E-01  1.0600E-01  1.0600E-01  1.0600E-01
  1.0500E-01  1.0500E-01  1.0400E-01  1.0300E-01  1.0200E-01
  1.0000E-01  9.7800E-02  9.1500E-02  7.8500E-02  5.2700E-02
  3.0100E-02  1.5800E-02  9.0800E-03  6.9700E-03  6.6000E-03
  2.7000E-03  6.0000E-04  3.9000E-04  2.2000E-04  3.8000E-05
  2.0000E-06
  8.0300E-02  8.0300E-02  8.0300E-02  8.0300E-02  8.0300E-02
  8.0300E-02  8.0300E-02  8.0300E-02  8.0300E-02  8.0300E-02
  8.0300E-02  8.0300E-02  8.0200E-02  8.0200E-02  8.0000E-02
  7.9800E-02  7.9500E-02  7.8300E-02  7.4800E-02  6.3900E-02
  4.8700E-02  3.3300E-02  2.0800E-02  1.2200E-02  4.3000E-03
  2.5000E-03  1.7000E-03  3.8000E-04  7.7000E-05  4.8000E-06
  9.2000E-08
  8.2200E-02  8.2200E-02  8.2200E-02  8.2200E-02  8.2200E-02
  8.2200E-02  8.2200E-02  8.2200E-02  8.2200E-02  8.2200E-02
  8.2200E-02  8.2200E-02  8.2100E-02  8.2100E-02  8.1900E-02
  8.1700E-02  8.1300E-02  7.9900E-02  7.6000E-02  6.4100E-02
  4.7900E-02  3.2100E-02  1.9600E-02  1.1300E-02  4.0000E-03
  2.5000E-03  1.7000E-03  3.4000E-04  6.4000E-05  3.5000E-06
  5.2000E-08
  7.1600E-02  7.1600E-02  7.1600E-02  7.1600E-02  7.1600E-02
  7.1600E-02  7.1600E-02  7.1600E-02  7.1600E-02  7.1600E-02
  7.1600E-02  7.1600E-02  7.1600E-02  7.1500E-02  7.1400E-02
  7.1300E-02  7.1000E-02  7.0200E-02  6.7600E-02  6.0000E-02
  4.9600E-02  3.8900E-02  2.9400E-02  2.1600E-02  1.1000E-02
  2.0000E-03  3.9000E-04  2.1000E-05  1.9000E-06  4.1000E-08
  2.6000E-10
  7.2300E-02  7.2300E-02  7.2300E-02  7.2300E-02  7.2300E-02
  7.2300E-02  7.2300E-02  7.2300E-02  7.2300E-02  7.2300E-02
  7.2300E-02  7.2300E-02  7.2300E-02  7.2200E-02  7.2200E-02
  7.2000E-02  7.1800E-02  7.0900E-02  6.8200E-02  6.0300E-02
  4.9600E-02  3.8700E-02  2.9000E-02  2.1200E-02  1.1000E-02
  1.9000E-03  3.6000E-04  1.9000E-05  1.6000E-06  3.3000E-08
  1.7000E-10
  3.8400E-01  3.8300E-01  3.8100E-01  3.7800E-01  3.7300E-01
  3.6000E-01  3.4200E-01  3.2000E-01  2.9500E-01  2.6900E-01
  2.4200E-01  1.8800E-01  1.4000E-01  1.0000E-01  7.1100E-02
  5.1300E-02  3.9100E-02  2.9800E-02  2.8800E-02  2.0800E-02
  9.4300E-03  4.0400E-03  2.9000E-03  2.8500E-03  2.1000E-03
  3.1000E-04  2.5000E-04  6.4000E-05  1.1000E-05  7.4000E-06
  2.2000E-06
  2.5800E-01  2.5800E-01  2.5800E-01  2.5800E-01  2.5800E-01
  2.5800E-01  2.5700E-01  2.5500E-01  2.5200E-01  2.4700E-01
  2.4100E-01  2.2200E-01  1.9800E-01  1.7000E-01  1.4000E-01
  1.1100E-01  8.5800E-02  4.7200E-02  1.9000E-02  1.1200E-02
  1.0400E-02  7.0500E-03  3.7900E-03  1.9000E-03  9.3000E-04
  6.0000E-04  1.4000E-04  5.2000E-05  3.7000E-05  9.3000E-06
  7.6000E-07
  2.8100E-01  2.8100E-01  2.8100E-01  2.8000E-01  2.8000E-01
  2.8000E-01  2.7800E-01  2.7600E-01  2.7100E-01  2.6400E-01
  2.5500E-01  2.3100E-01  2.0000E-01  1.6500E-01  1.3100E-01
  9.9600E-02  7.3300E-02  3.7200E-02  1.5500E-02  1.1800E-02
  9.7800E-03  5.7200E-03  2.7400E-03  1.4000E-03  9.7000E-04
  4.7000E-04  1.0000E-04  5.8000E-05  3.3000E-05  5.8000E-06
  3.0000E-07
  2.9100E-01  2.9100E-01  2.9100E-01  2.9100E-01  2.9100E-01
  2.9000E-01  2.9000E-01  2.8800E-01  2.8300E-01  2.7700E-01
  2.6700E-01  2.4000E-01  2.0700E-01  1.7000E-01  1.3600E-01
  1.0500E-01  7.9800E-02  4.3000E-02  1.5400E-02  4.1300E-03
  3.5000E-03  3.1700E-03  2.3300E-03  1.4700E-03  4.9000E-04
  1.9000E-04  1.4000E-04  3.2000E-05  6.5000E-06  4.0000E-07
  7.6000E-09
  3.0600E-01  3.0600E-01  3.0600E-01  3.0600E-01  3.0600E-01
  3.0600E-01  3.0500E-01  3.0200E-01  2.9600E-01  2.8700E-01
  2.7500E-01  2.4300E-01  2.0400E-01  1.6500E-01  1.2900E-01
  9.8000E-02  7.2700E-02  3.7800E-02  1.3000E-02  3.7800E-03
  3.4000E-03  2.9800E-03  2.1100E-03  1.2900E-03  4.2000E-04
  1.8000E-04  1.3000E-04  2.7000E-05  5.1000E-06  2.8000E-07
  4.1000E-09
  1.4000E+00  1.3700E+00  1.2900E+00  1.1600E+00  1.0100E+00
  6.8300E-01  4.0700E-01  2.2100E-01  1.1600E-01  6.7000E-02
  4.8300E-02  4.2900E-02  4.0900E-02  3.3900E-02  2.4700E-02
  1.6600E-02  1.0500E-02  4.3100E-03  2.5700E-03  2.1800E-03
  1.0600E-03  4.1100E-04  2.4900E-04  2.3900E-04  1.8000E-04
  2.7000E-05  2.1000E-05  5.3000E-06  9.0000E-07  6.1000E-07
  1.8000E-07