#MCNP     FACEMC
#Energy    Values    Error
 1.12946270589e-11 1.44466203167 1.0 546.225173258 0.454890743178 415.380112556
 1.42190930212e-11 334.63190184 0.4177 127.77681759 0.428656965012 0.228538667659
 1.79007775371e-11 234.346247563 0.3106 227.723342299 0.3406046517 0.447932473609
 2.25357437324e-11 263.734030197 0.2618 399.434454245 0.28883774136 0.590409388841
 2.83708204584e-11 323.763837638 0.247 433.379988936 0.443458761497 0.679466351559
 3.57167468285e-11 572.245969712 0.2147 467.993112383 0.222753038292 0.253015271088
 4.4964720209e-11 620.501552192 0.173 963.345856149 0.174556105265 0.381551915585
 5.66072289053e-11 850.712799568 0.1574 884.690630919 0.166830005163 0.238523005391
 7.12642789602e-11 1113.28885352 0.1205 1093.05936721 0.150990244766 0.18966921149
 8.97164117362e-11 1234.63315019 0.1091 1267.37571302 0.131773829604 0.17561341143
 1.12946270589e-10 1951.92738509 0.0952 1781.55287966 0.103194647975 0.128145198297
 1.42190930213e-10 1783.74539877 0.0759 2241.73085549 0.0809410002732 0.139450287436
 1.79007775371e-10 2733.7962963 0.062 2545.54577737 0.0734596581924 0.0895072674636
 2.25357437324e-10 3689.74061169 0.0531 3743.42908218 0.061042834909 0.0820835989748
 2.83708204584e-10 4392.83517835 0.0454 4517.06860459 0.0512873294975 0.0704319901807
 3.57167468285e-10 5247.65510503 0.0372 5988.40580875 0.0422315893663 0.0642234706649
 4.4964720209e-10 6834.43927047 0.031 7194.59979144 0.0352830212482 0.0494419776876
 5.66072289053e-10 8410.11019496 0.0259 8869.56005651 0.0300175538895 0.0418126615302
 7.12642789602e-10 10704.9641917 0.0222 10662.2855411 0.0255105752835 0.0336827665708
 8.97164117362e-10 13704.3808042 0.0188 14464.9245195 0.0217009629437 0.0303052810149
 1.1294627059e-09 17469.1000386 0.0154 17515.9711667 0.0181545062799 0.0238703045071
 1.42190930212e-09 22567.3312883 0.013 22053.0494264 0.0153506309421 0.0196572995669
 1.79007775371e-09 27113.3040936 0.0111 27815.839153 0.0129147106343 0.0174706286938
 2.25357437324e-09 35237.1273713 0.0092 34302.1955914 0.010941066758 0.0139157139852
 2.83708204584e-09 44354.8585486 0.0078 43651.9181756 0.00923243264979 0.0118947210729
 3.57167468285e-09 54188.568637 0.0066 55515.1270865 0.00775500194563 0.0104326143248
 4.4964720209e-09 68646.2941405 0.0056 69743.4198699 0.00659941055976 0.00879351432225
 5.66072289054e-09 85747.0910072 0.0048 86569.4109965 0.00557415808609 0.00742657897636
 7.12642789602e-09 107315.908674 0.004 108160.584793 0.00474405674337 0.00625416798703
 8.97164117362e-09 133919.871639 0.0034 133970.633268 0.00406729387778 0.00530322430468
 1.12946270589e-08 166296.639629 0.0029 166974.405408 0.00350908333796 0.00457087897994
 1.42190930212e-08 206790.184049 0.0025 208096.498827 0.00302268552246 0.00394735855871
 1.79007775372e-08 257675.438596 0.0022 258042.57952 0.00263261366926 0.00343572710472
 2.25357437324e-08 316655.052265 0.0019 317170.169632 0.00232928496466 0.00301081210119
 2.83708204584e-08 387956.642066 0.0017 387779.18342 0.00207543041917 0.00268157201445
 3.57167468285e-08 471756.228627 0.0015 473153.599485 0.00187257745159 0.00240638718931
 4.4964720209e-08 567815.289096 0.0014 569044.533839 0.00171302151185 0.00221712815966
 5.66072289053e-08 677828.465747 0.0013 678194.035493 0.00159229210247 0.00205668497561
 7.12642789602e-08 797937.197772 0.0012 798717.493846 0.00149628619664 0.00191991431501
 8.97164117362e-08 921967.229056 0.0011 922258.630136 0.00142275925415 0.00179896878169
 1.1294627059e-07 1042031.67246 0.0011 1042681.01242 0.00136608391036 0.00175499865586
 1.42190930212e-07 1145303.68098 0.001 1145400.6522 0.00132537810025 0.00166044991725
 1.79007775372e-07 1214490.74074 0.001 1216603.26665 0.00129434427777 0.00163848781237
 2.25357437324e-07 1234583.81727 0.001 1235027.31896 0.0012710270497 0.00161783474028
 2.83708204584e-07 1187825.95326 0.0009 1187121.89129 0.00125377238517 0.00154244037886
 3.57167468285e-07 1066361.7489 0.0009 1065416.52927 0.00124284053706 0.0015331275673
 4.4964720209e-07 877755.141638 0.0009 877587.703447 0.00123829095015 0.00153051316061
 5.66072289054e-07 650106.34199 0.0009 649973.047545 0.00124461146397 0.00153560750761
 7.12642789602e-07 421115.25984 0.001 421470.639549 0.00126135020623 0.0016110180917
 8.97164117362e-07 232575.971216 0.001 232271.616966 0.00131102667449 0.00164671790322
 1.1294627059e-06 106499.034376 0.0011 106250.86574 0.00142759483726 0.00179802871818
 1.42190930213e-06 40311.6564417 0.0014 40271.9458706 0.00169320076466 0.00219486300349
 1.79007775372e-06 13979.7758285 0.002 13945.012134 0.00222073377845 0.00298115628538
 2.25357437324e-06 6027.81649245 0.0028 6035.55625508 0.00282902731635 0.00398548714215
 2.83708204584e-06 3809.56334563 0.0031 3802.94972342 0.00313373670086 0.00440032953348
 3.57167468285e-06 2860.01465559 0.0032 2863.49643613 0.00320891197265 0.0045373064958
 4.4964720209e-06 2243.50019402 0.0032 2245.75200017 0.00322551313911 0.00454812010998
 5.66072289054e-06 1748.8325499 0.0032 1753.6215016 0.00324197323387 0.004567733636
 7.12642789602e-06 1382.45699945 0.0032 1387.88482862 0.0032416997866 0.00457294922231
 8.97164117362e-06 1092.72621189 0.0032 1090.46218566 0.00324808625328 0.00455016520901
 1.1294627059e-05 863.970645037 0.0033 870.838909986 0.00324998625954 0.00466849491407
 1.42190930213e-05 688.012269939 0.0032 688.069164652 0.00325243411178 0.00456308786997
 1.79007775372e-05 543.408869396 0.0032 541.576437734 0.00325982971832 0.00455258158478
 2.25357437324e-05 433.39527681 0.0032 433.963074967 0.00325521975016 0.00457067694551
 2.83708204584e-05 342.865928659 0.0032 344.359405603 0.00324988720094 0.00458076203121
 3.57167468285e-05 273.969223254 0.0032 273.509933504 0.00324208947029 0.00454770566809
 4.4964720209e-05 216.753977493 0.0032 217.589249743 0.00323599390803 0.00456854363428
 5.66072289053e-05 174.126531556 0.0032 173.33285052 0.00323198605753 0.00452742637373
 7.12642789602e-05 137.602987085 0.0032 138.187666767 0.00323359706137 0.00456863227593
 8.97164117362e-05 109.187047212 0.0032 109.222168507 0.00322496049085 0.00454462877888
 0.000112946270589 87.1147161066 0.0032 87.3849477059 0.00322963677708 0.00456059136084
 0.000142190930213 69.0665644172 0.0032 69.3439262339 0.00323164855358 0.00456618117684
 0.000179007775371 55.2000487329 0.0032 55.5045140438 0.00321427215666 0.00456060336946
 0.000225357437324 44.0582655827 0.0032 43.9576400794 0.00321816362691 0.00452797998512
 0.000283708204584 35.1420664207 0.0032 35.0598259759 0.00320716012094 0.00451994668095
 0.000357167468285 27.9577430386 0.0032 28.0597002082 0.00319529745958 0.00453865097599
 0.00044964720209 22.2201202949 0.0032 22.2411709326 0.00320387126867 0.00453251152097
 0.000566072289054 17.7252831933 0.0032 17.6945128148 0.00320649996359 0.00452221785959
 0.000712642789602 14.0948154496 0.0032 14.0383648451 0.0032000879147 0.00450742047623
 0.000897164117362 11.2128652696 0.0032 11.2327382535 0.00319827557851 0.00453228273785
 0.00112946270589 8.97833140209 0.0032 8.97293211774 0.00319464189492 0.00451897702946
 0.00142190930212 7.09466257669 0.0032 7.1611513138 0.00318810798476 0.0045594148434
 0.00179007775371 5.72102826511 0.0032 5.72798525119 0.00317487483201 0.00451323383021
 0.00225357437324 4.54709639954 0.0032 4.54858364452 0.00318403923667 0.00451568803278
 0.00283708204584 3.64300430504 0.0032 3.61910615873 0.00318363756739 0.00448431682409
 0.00357167468285 2.89371030777 0.0032 2.92686252377 0.0031648908851 0.00455228920279
 0.0044964720209 2.3374951494 0.0032 2.33511368517 0.00317093394787 0.00450038776307
 0.00566072289053 1.860761347 0.0032 1.86938257 0.00315647979998 0.00451564055822
 0.00712642789602 1.50304217421 0.0032 1.4932985625 0.00316418301637 0.00447105508319
 0.00897164117362 1.20356882384 0.0032 1.20809146482 0.00315518497603 0.00451079283718
 0.0112946270589 0.968644264195 0.0032 0.974193821017 0.0031576846782 0.0045214180672
 0.0142190930213 0.78586809816 0.0031 0.793629363575 0.00313771182593 0.00445437026884
 0.0179007775372 0.640660331384 0.0031 0.641940057599 0.00314360306152 0.00442382073794
 0.0225357437324 0.521879597367 0.0031 0.524692231128 0.00313992536052 0.00443616408901
 0.0283708204584 0.428497847478 0.0031 0.430504030211 0.0031340694408 0.0044288574288
 0.0357167468285 0.354607962872 0.0031 0.354587552315 0.0031302904926 0.00440527914833
 0.044964720209 0.294383003492 0.0031 0.296083647682 0.0031222486873 0.00442524004531
 0.0566072289053 0.249046775064 0.0031 0.248581502672 0.00312107055327 0.00439076816276
 0.0712642789602 0.209849421558 0.0031 0.209070940236 0.0031127969033 0.00437682292065
 0.0897164117362 0.179221082316 0.0031 0.179893297609 0.00310695341944 0.00440544362474
 0.11294627059 0.154084974894 0.0031 0.154149141201 0.00308690012321 0.00437663065973
 0.142190930213 0.134035889571 0.0031 0.134082582005 0.00308712121804 0.00437648889999
 0.179007775371 0.117375487329 0.0031 0.117645708492 0.00306985405712 0.00437284172591
 0.225357437324 0.102807394503 0.0031 0.103652420468 0.00305376549769 0.00438725923943
 0.283708204584 0.0918450184502 0.003 0.0924682653679 0.00301974776741 0.00428551222473
 0.357167468285 0.082493282853 0.003 0.0824959975345 0.00299744727692 0.00424097558052
 0.44964720209 0.0740644159876 0.003 0.0740393282321 0.00296935823758 0.00421959951455
 0.566072289053 0.0669868998998 0.0029 0.0666717020103 0.00292720515382 0.00410111271794
 0.712642789602 0.0602625329008 0.0029 0.0602728430627 0.00288314290434 0.00409001656719
 0.897164117362 0.05466913016 0.0028 0.0546447085613 0.00282390349325 0.00397495974354
