#MCNP     FACEMC
#Energy    Values    Error
 1.12946270589e-11 1.44466203167 1.0 545.362116753 0.454890743178 414.723796212
 1.42190930212e-11 334.63190184 0.4177 127.574925368 0.428656965012 0.22817756789
 1.79007775371e-11 234.346247563 0.3106 227.363530775 0.3406046517 0.4472247233
 2.25357437324e-11 263.734030197 0.2618 398.803332647 0.28883774136 0.589476519598
 2.83708204584e-11 323.763837638 0.247 432.695232105 0.443458761497 0.678392768934
 3.57167468285e-11 572.245969712 0.2147 467.253665504 0.222753038292 0.252615497357
 4.4964720209e-11 620.501552192 0.173 961.823733133 0.174556105265 0.380949049076
 5.66072289053e-11 850.712799568 0.1574 883.29278614 0.166830005163 0.238146129988
 7.12642789602e-11 1113.28885352 0.1205 1091.33229192 0.150990244766 0.189369526937
 8.97164117362e-11 1234.63315019 0.1091 1278.59553205 0.130820417087 0.176408677254
 1.12946270589e-10 1951.92738509 0.0952 1778.73795849 0.103194647975 0.12794272402
 1.42190930213e-10 1783.74539877 0.0759 2238.18883566 0.0809410002732 0.139229950689
 1.79007775371e-10 2733.7962963 0.062 2541.52371845 0.0734596581924 0.0893658425846
 2.25357437324e-10 3689.74061169 0.0531 3737.51432214 0.061042834909 0.0819539037728
 2.83708204584e-10 4392.83517835 0.0454 4513.60830251 0.0512524447463 0.0703512007301
 3.57167468285e-10 5247.65510503 0.0372 5978.94390028 0.0422315893663 0.0641219951436
 4.4964720209e-10 6834.43927047 0.031 7199.50259501 0.035275686078 0.0494698657359
 5.66072289053e-10 8410.11019496 0.0259 8858.40434499 0.0300089796447 0.0417532341481
 7.12642789602e-10 10704.9641917 0.0222 10668.7788796 0.0254706536245 0.0336732760936
 8.97164117362e-10 13704.3808042 0.0188 14446.9594305 0.0216950970946 0.0302629691054
 1.1294627059e-09 17469.1000386 0.0154 17500.880145 0.0181460358931 0.0238432683223
 1.42190930212e-09 22567.3312883 0.013 22038.8106437 0.0153407835818 0.0196372699177
 1.79007775371e-09 27113.3040936 0.0111 27808.2584248 0.0129031560919 0.0174568817686
 2.25357437324e-09 35237.1273713 0.0092 34295.1197576 0.0109344610578 0.0139079233835
 2.83708204584e-09 44354.8585486 0.0078 43628.8852031 0.0092265073906 0.0118839933146
 3.57167468285e-09 54188.568637 0.0066 55503.4749519 0.00775197935315 0.0104280671262
 4.4964720209e-09 68646.2941405 0.0056 69716.2267016 0.00659616334566 0.00878757143549
 5.66072289054e-09 85747.0910072 0.0048 86555.7095634 0.00557104868792 0.00742302542818
 7.12642789602e-09 107315.908674 0.004 108099.320711 0.00474214535022 0.00624915368443
 8.97164117362e-09 133919.871639 0.0034 133912.868557 0.00406533349069 0.00529943383415
 1.12946270589e-08 166296.639629 0.0029 166868.599602 0.0035074915292 0.0045667514489
 1.42190930212e-08 206790.184049 0.0025 207998.908449 0.00302096653421 0.00394417516063
 1.79007775372e-08 257675.438596 0.0022 257931.592059 0.00263115379092 0.00343312814777
 2.25357437324e-08 316655.052265 0.0019 316990.972425 0.00232815582851 0.00300823522035
 2.83708204584e-08 387956.642066 0.0017 387601.655721 0.00207446491012 0.00267959820352
 3.57167468285e-08 471756.228627 0.0015 472938.147266 0.00187150252726 0.00240445047347
 4.4964720209e-08 567815.289096 0.0014 568765.417372 0.00171213273516 0.00221535139506
 5.66072289053e-08 677828.465747 0.0013 677856.902824 0.0015914966152 0.00205504642497
 7.12642789602e-08 797937.197772 0.0012 798300.719866 0.00149555649925 0.00191834304494
 8.97164117362e-08 921967.229056 0.0011 921823.634992 0.00142205469515 0.00179756301924
 1.1294627059e-07 1042031.67246 0.0011 1042175.1961 0.00136546129258 0.00175366231773
 1.42190930212e-07 1145303.68098 0.001 1144885.81344 0.0013247612667 0.00165921139271
 1.79007775372e-07 1214490.74074 0.001 1216019.16013 0.00129373513176 0.00163721854993
 2.25357437324e-07 1234583.81727 0.001 1234407.30286 0.00127041198716 0.00161653927062
 2.83708204584e-07 1187825.95326 0.0009 1186546.89397 0.00125316547319 0.00154120081415
 3.57167468285e-07 1066361.7489 0.0009 1064905.99073 0.00124223727848 0.00153190501108
 4.4964720209e-07 877755.141638 0.0009 877172.111564 0.00123771585687 0.00152932351313
 5.66072289054e-07 650106.34199 0.0009 649658.192886 0.00124404952402 0.00153440863076
 7.12642789602e-07 421115.25984 0.001 421270.441473 0.00126082576302 0.00160984178099
 8.97164117362e-07 232575.971216 0.001 232156.691224 0.00131043802056 0.00164543596478
 1.1294627059e-06 106499.034376 0.0011 106193.978853 0.00142699704319 0.0017965939147
 1.42190930213e-06 40311.6564417 0.0014 40246.9526106 0.00169247887572 0.00219294544187
 1.79007775372e-06 13979.7758285 0.002 13933.832709 0.00221992662625 0.00297816860282
 2.25357437324e-06 6027.81649245 0.0028 6029.55042942 0.00282823074731 0.00398095500733
 2.83708204584e-06 3809.56334563 0.0031 3798.5756091 0.0031330403674 0.00439477473427
 3.57167468285e-06 2860.01465559 0.0032 2860.08763095 0.0032082269572 0.00453142009053
 4.4964720209e-06 2243.50019402 0.0032 2243.00554099 0.00322486358201 0.00454209695092
 5.66072289054e-06 1748.8325499 0.0032 1751.54180054 0.00324131957661 0.0045618506442
 7.12642789602e-06 1382.45699945 0.0032 1386.14860489 0.00324121944113 0.00456688578196
 8.97164117362e-06 1092.72621189 0.0032 1089.16498244 0.00324735917454 0.00454423615121
 1.1294627059e-05 863.970645037 0.0033 869.788610767 0.00324946246868 0.00466249435024
 1.42190930213e-05 688.012269939 0.0032 687.238104943 0.00325183548893 0.00455715029113
 1.79007775372e-05 543.408869396 0.0032 540.936306385 0.00325909706657 0.00454668010309
 2.25357437324e-05 433.39527681 0.0032 433.400215432 0.00325474376413 0.00456440924689
 2.83708204584e-05 342.865928659 0.0032 343.937696944 0.0032492726673 0.00457471311131
 3.57167468285e-05 273.969223254 0.0032 273.15929324 0.00324153428758 0.00454148155548
 4.4964720209e-05 216.753977493 0.0032 217.301150796 0.00323552236404 0.00456215853041
 5.66072289053e-05 174.126531556 0.0032 173.1146732 0.00323154358115 0.00452141502462
 7.12642789602e-05 137.602987085 0.0032 138.006672597 0.00323315638302 0.00456233427685
 8.97164117362e-05 109.187047212 0.0032 109.083261006 0.00322448925648 0.00453851479719
 0.000112946270589 87.1147161066 0.0032 87.2708966906 0.00322920449463 0.0045543314604
 0.000142190930213 69.0665644172 0.0032 69.2570272292 0.00323105270895 0.00456003448111
 0.000179007775371 55.2000487329 0.0032 55.432944297 0.00321378061168 0.00455437294083
 0.000225357437324 44.0582655827 0.0032 43.9013538818 0.00321769115319 0.00452184823938
 0.000283708204584 35.1420664207 0.0032 35.0142737749 0.00320671169475 0.00451375777317
 0.000357167468285 27.9577430386 0.0032 28.0238920519 0.00319479277719 0.00453250158233
 0.00044964720209 22.2201202949 0.0032 22.213043293 0.0032033799421 0.00452643190415
 0.000566072289054 17.7252831933 0.0032 17.6712254758 0.00320605658753 0.00451595340904
 0.000712642789602 14.0948154496 0.0032 14.0199438371 0.00319965297844 0.00450119997569
 0.000897164117362 11.2128652696 0.0032 11.2185916368 0.00319784904917 0.00452627307371
 0.00112946270589 8.97833140209 0.0032 8.96113842566 0.00319424072215 0.00451275456965
 0.00142190930212 7.09466257669 0.0032 7.15171974837 0.0031877196779 0.00455313362605
 0.00179007775371 5.72102826511 0.0032 5.72068272767 0.00317442096141 0.0045071603385
 0.00225357437324 4.54709639954 0.0032 4.54249224186 0.00318359827373 0.00450932998186
 0.00283708204584 3.64300430504 0.0032 3.61438724313 0.00318317279585 0.00447814455637
 0.00357167468285 2.89371030777 0.0032 2.92293115771 0.00316446659732 0.00454587320129
 0.0044964720209 2.3374951494 0.0032 2.33195257696 0.00317056117702 0.00449403370967
 0.00566072289053 1.860761347 0.0032 1.86695665753 0.00315607630639 0.00450949628875
 0.00712642789602 1.50304217421 0.0032 1.49135295112 0.0031637331237 0.00446491591203
 0.00897164117362 1.20356882384 0.0032 1.20645440622 0.0031548116932 0.00450441765595
 0.0112946270589 0.968644264195 0.0032 0.972893989715 0.00315724624934 0.00451507601793
 0.0142190930213 0.78586809816 0.0031 0.792578837697 0.00313734867947 0.0044482134967
 0.0179007775372 0.640660331384 0.0031 0.641086626481 0.00314319238588 0.00441764686499
 0.0225357437324 0.521879597367 0.0031 0.524035946955 0.00313975707001 0.00443049509077
 0.0283708204584 0.428497847478 0.0031 0.42993049305 0.00313371249601 0.00442270248739
 0.0357167468285 0.354607962872 0.0031 0.354098502813 0.00312998741979 0.00439898832847
 0.044964720209 0.294383003492 0.0031 0.295672536094 0.00312196906424 0.00441889631397
 0.0566072289053 0.249046775064 0.0031 0.248240289401 0.00312073799657 0.00438450603455
 0.0712642789602 0.209849421558 0.0031 0.208786836218 0.00311247605998 0.00437064912758
 0.0897164117362 0.179221082316 0.0031 0.179646990621 0.00310667519489 0.00439921434434
 0.11294627059 0.154084974894 0.0031 0.153938330621 0.00308661843547 0.00437044671971
 0.142190930213 0.134035889571 0.0031 0.133897740044 0.00308687714549 0.00437028356747
 0.179007775371 0.117375487329 0.0031 0.117482733399 0.00306963891059 0.00436663248784
 0.225357437324 0.102807394503 0.0031 0.103508950937 0.00305358773737 0.00438106105844
 0.283708204584 0.0918450184502 0.003 0.0923397073508 0.00301960142339 0.00427944972777
 0.357167468285 0.082493282853 0.003 0.082380655304 0.00299734862892 0.00423497640809
 0.44964720209 0.0740644159876 0.003 0.0739357274931 0.00296929530478 0.00421365097699
 0.566072289053 0.0669868998998 0.0029 0.0665778405836 0.00292720315827 0.00409533770068
 0.712642789602 0.0602625329008 0.0029 0.0601875280854 0.0028831942174 0.00408426336537
 0.897164117362 0.05466913016 0.0028 0.0545667774468 0.00282401934331 0.00396937299908
