#  Estimators/1/1/processed_bin_data :
1e-11 0.0 0.0
1.25892541179e-11 0.0 0.0
1.58489319246e-11 0.0 0.0
1.99526231497e-11 0.0 0.0
2.51188643151e-11 0.0 0.0
3.16227766017e-11 0.0 0.0
3.98107170553e-11 0.0 0.0
5.01187233627e-11 0.0 0.0
6.3095734448e-11 0.0 0.0
7.94328234724e-11 0.0 0.0
1e-10 0.0 0.0
1.25892541179e-10 0.0 0.0
1.58489319246e-10 0.0 0.0
1.99526231497e-10 0.0 0.0
2.51188643151e-10 0.0 0.0
3.16227766017e-10 0.0 0.0
3.98107170553e-10 0.0 0.0
5.01187233627e-10 0.0 0.0
6.3095734448e-10 0.0 0.0
7.94328234724e-10 0.0 0.0
1e-09 0.0 0.0
1.25892541179e-09 0.0 0.0
1.58489319246e-09 0.0 0.0
1.99526231497e-09 0.0 0.0
2.51188643151e-09 0.0 0.0
3.16227766017e-09 0.0 0.0
3.98107170553e-09 0.0 0.0
5.01187233627e-09 0.0 0.0
6.3095734448e-09 0.0 0.0
7.94328234724e-09 0.0 0.0
1e-08 0.0 0.0
1.25892541179e-08 0.0 0.0
1.58489319246e-08 0.0 0.0
1.99526231497e-08 0.0 0.0
2.51188643151e-08 0.0 0.0
3.16227766017e-08 0.0 0.0
3.98107170553e-08 0.0 0.0
5.01187233627e-08 0.0 0.0
6.3095734448e-08 0.0 0.0
7.94328234724e-08 0.0 0.0
1e-07 0.0 0.0
1.25892541179e-07 0.0 0.0
1.58489319246e-07 0.0 0.0
1.99526231497e-07 0.0 0.0
2.51188643151e-07 0.0 0.0
3.16227766017e-07 0.0 0.0
3.98107170553e-07 0.0 0.0
5.01187233627e-07 0.0 0.0
6.3095734448e-07 0.0 0.0
7.94328234724e-07 0.0 0.0
1e-06 0.0 0.0
1.25892541179e-06 0.0 0.0
1.58489319246e-06 0.0 0.0
1.99526231497e-06 0.0 0.0
2.51188643151e-06 0.0 0.0
3.16227766017e-06 0.0 0.0
3.98107170553e-06 0.0 0.0
5.01187233627e-06 0.0 0.0
6.3095734448e-06 0.0 0.0
7.94328234724e-06 0.0 0.0
1e-05 0.0 0.0
1.25892541179e-05 0.0 0.0
1.58489319246e-05 0.0 0.0
1.99526231497e-05 0.0 0.0
2.51188643151e-05 0.0 0.0
3.16227766017e-05 0.0 0.0
3.98107170553e-05 0.0 0.0
5.01187233627e-05 0.0 0.0
6.3095734448e-05 0.0 0.0
7.94328234724e-05 0.0 0.0
0.0001 0.0 0.0
0.000125892541179 0.0 0.0
0.000158489319246 0.0 0.0
0.000199526231497 0.0 0.0
0.000251188643151 0.0 0.0
0.000316227766017 0.0 0.0
0.000398107170553 0.0 0.0
0.000501187233627 0.0 0.0
0.00063095734448 0.0 0.0
0.000794328234724 0.0 0.0
0.001 0.0 0.0
0.00125892541179 0.0 0.0
0.00158489319246 0.0 0.0
0.00199526231497 0.0 0.0
0.00251188643151 0.0 0.0
0.00316227766017 0.0 0.0
0.00398107170553 0.0 0.0
0.00501187233627 0.0 0.0
0.0063095734448 0.0 0.0
0.00794328234724 0.0 0.0
0.01 0.0 0.0
0.0125892541179 0.0 0.0
0.0158489319246 0.0 0.0
0.0199526231497 0.0 0.0
0.0251188643151 0.0 0.0
0.0316227766017 0.0 0.0
0.0398107170553 0.0 0.0
0.0501187233627 0.0 0.0
0.063095734448 0.0 0.0
0.0794328234724 0.0 0.0
0.1 0.0 0.0
0.125892541179 0.0 0.0
0.158489319246 0.0 0.0
0.199526231497 0.0 0.0
0.251188643151 0.0 0.0
0.316227766017 0.0 0.0
0.398107170553 0.0 0.0
0.501187233627 0.0 0.0
0.63095734448 0.0 0.0
0.794328234724 0.0 0.0
1.0 0.0 0.0
