#  Estimators/2/1/processed_bin_data :
1e-11 0.0 0.0
1.25892541179e-11 1.41208110655e-09 0.454890743178
1.58489319246e-11 4.15853152915e-10 0.428656965012
1.99526231497e-11 9.33029726148e-10 0.3406046517
2.51188643151e-11 2.06031419402e-09 0.28883774136
3.16227766017e-11 2.81421183644e-09 0.443458761497
3.98107170553e-11 3.82584518987e-09 0.222753038292
5.01187233627e-11 9.91448510774e-09 0.174556105265
6.3095734448e-11 1.14625002773e-08 0.166830005163
7.94328234724e-11 1.78291928083e-08 0.150990244766
1e-10 2.62971000151e-08 0.130820417087
1.25892541179e-10 4.60560458369e-08 0.103194647975
1.58489319246e-10 7.29577447479e-08 0.0809410002732
1.99526231497e-10 1.04296285818e-07 0.0734596581924
2.51188643151e-10 1.93089003473e-07 0.061042834909
3.16227766017e-10 2.93561124956e-07 0.0512524447463
3.98107170553e-10 4.89552366309e-07 0.0422315893663
5.01187233627e-10 7.42125181595e-07 0.035275686078
6.3095734448e-10 1.14955611383e-06 0.0300089796447
7.94328234724e-10 1.74296790338e-06 0.0254706536245
1e-09 2.97133164894e-06 0.0216950970946
1.25892541179e-09 4.53142259824e-06 0.0181460358931
1.58489319246e-09 7.18394219412e-06 0.0153407835818
1.99526231497e-09 1.14116506083e-05 0.0129031560919
2.51188643151e-09 1.77176859464e-05 0.0109344610578
3.16227766017e-09 2.83758442523e-05 0.0092265073906
3.98107170553e-09 4.54459147874e-05 0.00775197935315
5.01187233627e-09 7.18635304568e-05 0.00659616334566
6.3095734448e-09 0.00011232344025 0.00557104868792
7.94328234724e-09 0.000176602822593 0.00474214535022
1e-08 0.000275420960692 0.00406533349069
1.25892541179e-08 0.000432065208667 0.0035074915292
1.58489319246e-08 0.000678009425688 0.00302096653421
1.99526231497e-08 0.00105847161101 0.00263115379092
2.51188643151e-08 0.0016376518108 0.00232815582851
3.16227766017e-08 0.00252092717095 0.00207446491012
3.98107170553e-08 0.00387238938805 0.00187150252726
5.01187233627e-08 0.0058628375097 0.00171213273516
6.3095734448e-08 0.0087965565422 0.0015914966152
7.94328234724e-08 0.0130419099287 0.00149555649925
1e-07 0.0189593094282 0.00142205469515
1.25892541179e-07 0.0269845641808 0.00136546129258
1.58489319246e-07 0.0373195887727 0.0013247612667
1.99526231497e-07 0.0499016715696 0.00129373513176
2.51188643151e-07 0.0637724582293 0.00127041198716
3.16227766017e-07 0.077171969223 0.00125316547319
3.98107170553e-07 0.0871938684078 0.00124223727848
5.01187233627e-07 0.0904189565868 0.00123771585687
6.3095734448e-07 0.0843062157074 0.00124404952402
7.94328234724e-07 0.068823327057 0.00126082576302
1e-06 0.0477480765046 0.00131043802056
1.25892541179e-06 0.0274963197042 0.00142699704319
1.58489319246e-06 0.0131192098212 0.00169247887572
1.99526231497e-06 0.00571801470201 0.00221992662625
2.51188643151e-06 0.00311501116373 0.00282823074731
3.16227766017e-06 0.00247056025756 0.0031330403674
3.98107170553e-06 0.00234182272143 0.0032082269572
5.01187233627e-06 0.00231209152641 0.00322486358201
6.3095734448e-06 0.0022729777362 0.00324131957661
7.94328234724e-06 0.00226456331591 0.00324121944113
1e-05 0.00224010484616 0.00324735917454
1.25892541179e-05 0.00225210374213 0.00324946246868
1.58489319246e-05 0.0022401747986 0.00325183548893
1.99526231497e-05 0.00221983557385 0.00325909706657
2.51188643151e-05 0.00223905003406 0.00325474376413
3.16227766017e-05 0.00223694061298 0.0032492726673
3.98107170553e-05 0.0022366120274 0.00324153428758
5.01187233627e-05 0.00223994163301 0.00323552236404
6.3095734448e-05 0.00224651103314 0.00323154358115
7.94328234724e-05 0.00225462729618 0.00323315638302
0.0001 0.00224353468531 0.00322448925648
0.000125892541179 0.00225966528629 0.00322920449463
0.000158489319246 0.00225755594617 0.00323105270895
0.000199526231497 0.00227479687093 0.00321378061168
0.000251188643151 0.00226804981641 0.00321769115319
0.000316227766017 0.00227729765411 0.00320671169475
0.000398107170553 0.00229457959399 0.00319479277719
0.000501187233627 0.00228972190371 0.0032033799421
0.00063095734448 0.0022931968889 0.00320605658753
0.000794328234724 0.00229045070583 0.00319965297844
0.001 0.00230734754585 0.00319784904917
0.00125892541179 0.00232026645697 0.00319424072215
0.00158489319246 0.00233123021435 0.0031877196779
0.00199526231497 0.00234759155111 0.00317442096141
0.00251188643151 0.00234676104134 0.00318359827373
0.00316227766017 0.00235076575991 0.00318317279585
0.00398107170553 0.00239327862693 0.00316446659732
0.00501187233627 0.00240377818719 0.00317056117702
0.0063095734448 0.00242275172406 0.00315607630639
0.00794328234724 0.00243643659293 0.0031637331237
0.01 0.00248133607452 0.0031548116932
0.0125892541179 0.00251906976915 0.00315724624934
0.0158489319246 0.0025835516473 0.00313734867947
0.0199526231497 0.00263082156362 0.00314319238588
0.0251188643151 0.00270729608131 0.00313975707001
0.0316227766017 0.00279623021613 0.00313371249601
0.0398107170553 0.00289933745574 0.00312998741979
0.0501187233627 0.00304779436698 0.00312196906424
0.063095734448 0.00322141698738 0.00312073799657
0.0794328234724 0.00341096913041 0.00311247605998
0.1 0.00369483136875 0.00310667519489
0.125892541179 0.00398585456463 0.00308661843547
0.158489319246 0.00436463491588 0.00308687714549
0.199526231497 0.00482112862149 0.00306963891059
0.251188643151 0.00534752203318 0.00305358773737
0.316227766017 0.0060056935718 0.00301960142339
0.398107170553 0.00674527900158 0.00299734862892
0.501187233627 0.00762129945341 0.00296929530478
0.63095734448 0.00863981375289 0.00292720315827
0.794328234724 0.00983289004489 0.0028831942174
1.0 0.0112228454429 0.00282401934331
