#  Estimators/1/1/processed_bin_data :
1e-11 0.0 0.0
1.25892541179e-11 0.0 0.0
1.58489319246e-11 0.0 0.0
1.99526231497e-11 0.0 0.0
2.51188643151e-11 0.0 0.0
3.16227766017e-11 0.0 0.0
3.98107170553e-11 0.0 0.0
5.01187233627e-11 0.0 0.0
6.3095734448e-11 0.0 0.0
7.94328234724e-11 0.0 0.0
1e-10 0.0 0.0
1.25892541179e-10 0.0 0.0
1.58489319246e-10 0.0 0.0
1.99526231497e-10 0.0 0.0
2.51188643151e-10 0.0 0.0
3.16227766017e-10 1e-06 0.9999995
3.98107170553e-10 0.0 0.0
5.01187233627e-10 0.0 0.0
6.3095734448e-10 0.0 0.0
7.94328234724e-10 1e-06 0.9999995
1e-09 2e-06 0.707106074079
1.25892541179e-09 1e-06 0.9999995
1.58489319246e-09 4e-06 0.499998999999
1.99526231497e-09 3e-06 0.577349403164
2.51188643151e-09 1e-05 0.316226184874
3.16227766017e-09 8e-06 0.353551976377
3.98107170553e-09 1.1e-05 0.301509686261
5.01187233627e-09 2.7e-05 0.192447491636
6.3095734448e-09 4.2e-05 0.154300109558
7.94328234724e-09 6.8e-05 0.121263689342
1e-08 9.4e-05 0.103137276832
1.25892541179e-08 0.000142 0.0839121774305
1.58489319246e-08 0.000241 0.064407900085
1.99526231497e-08 0.000421 0.0487267576606
2.51188643151e-08 0.000679 0.0383634467961
3.16227766017e-08 0.001064 0.0306406531272
3.98107170553e-08 0.001711 0.0241547828793
5.01187233627e-08 0.00263 0.0194737807547
6.3095734448e-08 0.004153 0.0154851474166
7.94328234724e-08 0.006411 0.0124491729082
1e-07 0.009851 0.0100255940871
1.25892541179e-07 0.014675 0.00819408936436
1.58489319246e-07 0.021187 0.0067969665258
1.99526231497e-07 0.029734 0.00571240167751
2.51188643151e-07 0.039654 0.00492119262822
3.16227766017e-07 0.050267 0.00434669613416
3.98107170553e-07 0.059181 0.00398714371658
5.01187233627e-07 0.064133 0.00382002573749
6.3095734448e-07 0.062339 0.00387831438213
7.94328234724e-07 0.052702 0.00423964762323
1e-06 0.038401 0.00500409717291
1.25892541179e-06 0.022795 0.00654746283507
1.58489319246e-06 0.011215 0.00938969089696
1.99526231497e-06 0.00483 0.0143540704148
2.51188643151e-06 0.00264 0.0194367661608
3.16227766017e-06 0.002147 0.0215584365244
3.98107170553e-06 0.001982 0.0224397163041
5.01187233627e-06 0.001958 0.0225770952478
6.3095734448e-06 0.001968 0.0225195488698
7.94328234724e-06 0.001902 0.0229076920578
1e-05 0.001852 0.0232154432104
1.25892541179e-05 0.001891 0.0229743493874
1.58489319246e-05 0.001896 0.0229439787382
1.99526231497e-05 0.00182 0.0234190211036
2.51188643151e-05 0.001884 0.0230170711133
3.16227766017e-05 0.001914 0.0228356309242
3.98107170553e-05 0.001781 0.0236745076677
5.01187233627e-05 0.001866 0.0231280280309
6.3095734448e-05 0.001797 0.023568687432
7.94328234724e-05 0.001793 0.0235950097289
0.0001 0.001873 0.0230846882085
0.000125892541179 0.001821 0.023412578229
0.000158489319246 0.001861 0.0231591345513
0.000199526231497 0.001883 0.0230231936439
0.000251188643151 0.001802 0.0235359078158
0.000316227766017 0.001845 0.0232595232121
0.000398107170553 0.001817 0.0234383816106
0.000501187233627 0.00184 0.0232911627204
0.00063095734448 0.00179 0.0236148092916
0.000794328234724 0.001821 0.023412578229
0.001 0.001843 0.0232721635736
0.00125892541179 0.001846 0.0232532107314
0.00158489319246 0.001816 0.0234448457651
0.00199526231497 0.001922 0.0227879653142
0.00251188643151 0.001904 0.0228956346065
0.00316227766017 0.001882 0.0230293210507
0.00398107170553 0.001916 0.0228236865571
0.00501187233627 0.001865 0.0231342393324
0.0063095734448 0.001959 0.0225713208013
0.00794328234724 0.002048 0.022074447898
0.01 0.00197 0.0225080921714
0.0125892541179 0.001971 0.0225023703583
0.0158489319246 0.002108 0.0217573735021
0.0199526231497 0.00212 0.0216955781948
0.0251188643151 0.002213 0.0212338240179
0.0316227766017 0.002367 0.0205298735419
0.0398107170553 0.002477 0.020067739543
0.0501187233627 0.00272 0.0191480301552
0.063095734448 0.002917 0.0184883196549
0.0794328234724 0.003067 0.0180291851213
0.1 0.00333 0.017300297694
0.125892541179 0.003959 0.015861558487
0.158489319246 0.004469 0.014925270702
0.199526231497 0.00495 0.0141781593312
0.251188643151 0.005865 0.013019331158
0.316227766017 0.00677 0.0121124104721
0.398107170553 0.00779 0.0112858187452
0.501187233627 0.009232 0.0103594831345
0.63095734448 0.010557 0.00968110943488
0.794328234724 0.012041 0.00905812235508
1.0 0.01351 0.00854512989976
