#  Estimators/2/1/processed_bin_data :
1e-11 0.0 0.0
1.25892541179e-11 1.41431577916e-09 0.454890743178
1.58489319246e-11 4.16511256509e-10 0.428656965012
1.99526231497e-11 9.34506281541e-10 0.3406046517
2.51188643151e-11 2.0635747204e-09 0.28883774136
3.16227766017e-11 2.81866543481e-09 0.443458761497
3.98107170553e-11 3.83189973689e-09 0.222753038292
5.01187233627e-11 9.93017516139e-09 0.174556105265
6.3095734448e-11 1.14806401245e-08 0.166830005163
7.94328234724e-11 1.7857408191e-08 0.150990244766
1e-10 2.60663400164e-08 0.131773829604
1.25892541179e-10 4.61289312991e-08 0.103194647975
1.58489319246e-10 7.30732031824e-08 0.0809410002732
1.99526231497e-10 1.04461338697e-07 0.0734596581924
2.51188643151e-10 1.93394574241e-07 0.061042834909
3.16227766017e-10 2.93786179968e-07 0.0512873294975
3.98107170553e-10 4.9032710174e-07 0.0422315893663
5.01187233627e-10 7.41619800294e-07 0.0352830212482
6.3095734448e-10 1.15100379175e-06 0.0300175538895
7.94328234724e-10 1.74190708089e-06 0.0255105752835
1e-09 2.97502656051e-06 0.0217009629437
1.25892541179e-09 4.53533004725e-06 0.0181545062799
1.58489319246e-09 7.18858357854e-06 0.0153506309421
1.99526231497e-09 1.14147615051e-05 0.0129147106343
2.51188643151e-09 1.77213414928e-05 0.010941066758
3.16227766017e-09 2.83908246956e-05 0.00923243264979
3.98107170553e-09 4.54554554858e-05 0.00775500194563
5.01187233627e-09 7.18915611919e-05 0.00659941055976
6.3095734448e-09 0.000112341220615 0.00557415808609
7.94328234724e-09 0.00017670291027 0.00474405674337
1e-08 0.000275539766394 0.00406729387778
1.25892541179e-08 0.000432339166787 0.00350908333796
1.58489319246e-08 0.000678327538878 0.00302268552246
1.99526231497e-08 0.00105892706928 0.00263261366926
2.51188643151e-08 0.00163857758679 0.00232928496466
3.16227766017e-08 0.00252208179553 0.00207543041917
3.98107170553e-08 0.00387415349799 0.00187257745159
5.01187233627e-08 0.005865714644 0.00171302151185
6.3095734448e-08 0.00880093151658 0.00159229210247
7.94328234724e-08 0.0130487188023 0.00149628619664
1e-07 0.0189682560501 0.00142275925415
1.25892541179e-07 0.0269976610506 0.00136608391036
1.58489319246e-07 0.0373363708576 0.00132537810025
1.99526231497e-07 0.0499256414979 0.00129434427777
2.51188643151e-07 0.0638044897562 0.0012710270497
3.16227766017e-07 0.0772093665446 0.00125377238517
3.98107170553e-07 0.0872356709997 0.00124284053706
5.01187233627e-07 0.0904617958243 0.00123829095015
6.3095734448e-07 0.0843470744314 0.00124461146397
7.94328234724e-07 0.0688560335949 0.00126135020623
1e-06 0.047771713485 0.00131102667449
1.25892541179e-06 0.0275110491648 0.00142759483726
1.58489319246e-06 0.0131273568187 0.00169320076466
1.99526231497e-06 0.00572260239283 0.00222073377845
2.51188643151e-06 0.00311811391811 0.00282902731635
3.16227766017e-06 0.00247340514315 0.00313373670086
3.98107170553e-06 0.00234461383081 0.00320891197265
5.01187233627e-06 0.00231492257826 0.00322551313911
6.3095734448e-06 0.00227567656657 0.00324197323387
7.94328234724e-06 0.00226739980007 0.0032416997866
1e-05 0.00224277282692 0.00324808625328
1.25892541179e-05 0.00225482323371 0.00324998625954
1.58489319246e-05 0.00224288378549 0.00325243411178
1.99526231497e-05 0.00222246247525 0.00325982971832
2.51188643151e-05 0.00224195790216 0.00325521975016
3.16227766017e-05 0.00223968336911 0.00324988720094
3.98107170553e-05 0.002239483049 0.00324208947029
5.01187233627e-05 0.00224291135877 0.00323599390803
6.3095734448e-05 0.00224934232265 0.00323198605753
7.94328234724e-05 0.00225758421405 0.00323359706137
0.0001 0.00224639162041 0.00322496049085
0.000125892541179 0.0022626183569 0.00322963677708
0.000158489319246 0.00226038857374 0.00323164855358
0.000199526231497 0.00227773387235 0.00321427215666
0.000251188643151 0.00227095769712 0.00321816362691
0.000316227766017 0.00228026032931 0.00320716012094
0.000398107170553 0.00229751154451 0.00319529745958
0.000501187233627 0.00229262130257 0.00320387126867
0.00063095734448 0.00229621888946 0.00320649996359
0.000794328234724 0.00229346016232 0.0032000879147
0.001 0.00231025710549 0.00319827557851
0.00125892541179 0.00232332014355 0.00319464189492
0.00158489319246 0.0023343046008 0.00318810798476
0.00199526231497 0.00235058828128 0.00317487483201
0.00251188643151 0.00234990800686 0.00318403923667
0.00316227766017 0.00235383490123 0.00318363756739
0.00398107170553 0.00239649760605 0.0031648908851
0.00501187233627 0.00240703665952 0.00317093394787
0.0063095734448 0.00242589983336 0.00315647979998
0.00794328234724 0.00243961515555 0.00316418301637
0.01 0.00248470304185 0.00315518497603
0.0125892541179 0.0025224353627 0.0031576846782
0.0158489319246 0.00258697602319 0.00313771182593
0.0199526231497 0.00263432378141 0.00314360306152
0.0251188643151 0.00271068660362 0.00313992536052
0.0316227766017 0.00279996045152 0.0031340694408
0.0398107170553 0.00290334176394 0.0031302904926
0.0501187233627 0.00305203210782 0.0031222486873
0.063095734448 0.00322584491577 0.00312107055327
0.0794328234724 0.00341561056305 0.0031127969033
0.1 0.00369989720805 0.00310695341944
0.125892541179 0.00399131298625 0.00308690012321
0.158489319246 0.00437066016828 0.00308712121804
0.199526231497 0.00482781661609 0.00306985405712
0.251188643151 0.00535493401513 0.00305376549769
0.316227766017 0.00601405487247 0.00301974776741
0.398107170553 0.00675472315473 0.00299744727692
0.501187233627 0.00763197862412 0.00296935823758
0.63095734448 0.00865199416063 0.00292720515382
0.794328234724 0.00984682802869 0.00288314290434
1.0 0.0112388736728 0.00282390349325
