    1.0000E-11   7.64010E-10 0.3149
    1.2589E-11   3.74023E-12 1.0000
    1.5849E-11   1.09090E-09 0.4177
    1.9953E-11   9.61757E-10 0.3106
    2.5119E-11   1.36245E-09 0.2618
    3.1623E-11   2.10576E-09 0.2470
    3.9811E-11   4.68555E-09 0.2147
    5.0119E-11   6.39613E-09 0.1730
    6.3096E-11   1.10397E-08 0.1574
    7.9433E-11   1.81878E-08 0.1205
    1.0000E-10   2.53927E-08 0.1091
    1.2589E-10   5.05354E-08 0.0952
    1.5849E-10   5.81501E-08 0.0759
    1.9953E-10   1.12195E-07 0.0620
    2.5119E-10   1.90612E-07 0.0531
    3.1623E-10   2.85710E-07 0.0454
    3.9811E-10   4.29678E-07 0.0372
    5.0119E-10   7.04494E-07 0.0310
    6.3096E-10   1.09138E-06 0.0259
    7.9433E-10   1.74887E-06 0.0222
    1.0000E-09   2.81858E-06 0.0188
    1.2589E-09   4.52275E-06 0.0154
    1.5849E-09   7.35695E-06 0.0130
    1.9953E-09   1.11273E-05 0.0111
    2.5119E-09   1.82035E-05 0.0092
    3.1623E-09   2.88484E-05 0.0078
    3.9811E-09   4.43696E-05 0.0066
    5.0119E-09   7.07606E-05 0.0056
    6.3096E-09   1.11274E-04 0.0048
    7.9433E-09   1.75322E-04 0.0040
    1.0000E-08   2.75433E-04 0.0034
    1.2589E-08   4.30542E-04 0.0029
    1.5849E-08   6.74136E-04 0.0025
    1.9953E-08   1.05750E-03 0.0022
    2.5119E-08   1.63584E-03 0.0019
    3.1623E-08   2.52327E-03 0.0017
    3.9811E-08   3.86274E-03 0.0015
    5.0119E-08   5.85304E-03 0.0014
    6.3096E-08   8.79618E-03 0.0013
    7.9433E-08   1.30359E-02 0.0012
    1.0000E-07   1.89621E-02 0.0011
    1.2589E-07   2.69782E-02 0.0011
    1.5849E-07   3.73369E-02 0.0010
    1.9953E-07   4.98427E-02 0.0010
    2.5119E-07   6.37786E-02 0.0010
    3.1623E-07   7.72562E-02 0.0009
    3.9811E-07   8.73137E-02 0.0009
    5.0119E-07   9.04790E-02 0.0009
    6.3096E-07   8.43643E-02 0.0009
    7.9433E-07   6.87976E-02 0.0010
    1.0000E-06   4.78339E-02 0.0010
    1.2589E-06   2.75726E-02 0.0011
    1.5849E-06   1.31416E-02 0.0014
    1.9953E-06   5.73730E-03 0.0020
    2.5119E-06   3.11397E-03 0.0028
    3.1623E-06   2.47774E-03 0.0031
    3.9811E-06   2.34178E-03 0.0032
    5.0119E-06   2.31260E-03 0.0032
    6.3096E-06   2.26946E-03 0.0032
    7.9433E-06   2.25852E-03 0.0032
    1.0000E-05   2.24741E-03 0.0032
    1.2589E-05   2.23682E-03 0.0033
    1.5849E-05   2.24292E-03 0.0032
    1.9953E-05   2.23015E-03 0.0032
    2.5119E-05   2.23892E-03 0.0032
    3.1623E-05   2.23000E-03 0.0032
    3.9811E-05   2.24326E-03 0.0032
    5.0119E-05   2.23430E-03 0.0032
    6.3096E-05   2.25964E-03 0.0032
    7.9433E-05   2.24802E-03 0.0032
    1.0000E-04   2.24565E-03 0.0032
    1.2589E-04   2.25540E-03 0.0032
    1.5849E-04   2.25157E-03 0.0032
    1.9953E-04   2.26541E-03 0.0032
    2.5119E-04   2.27605E-03 0.0032
    3.1623E-04   2.28564E-03 0.0032
    3.9811E-04   2.28918E-03 0.0032
    5.0119E-04   2.29045E-03 0.0032
    6.3096E-04   2.30021E-03 0.0032
    7.9433E-04   2.30267E-03 0.0032
    1.0000E-03   2.30615E-03 0.0032
    1.2589E-03   2.32449E-03 0.0032
    1.5849E-03   2.31286E-03 0.0032
    1.9953E-03   2.34791E-03 0.0032
    2.5119E-03   2.34903E-03 0.0032
    3.1623E-03   2.36941E-03 0.0032
    3.9811E-03   2.36937E-03 0.0032
    5.0119E-03   2.40949E-03 0.0032
    6.3096E-03   2.41471E-03 0.0032
    7.9433E-03   2.45552E-03 0.0032
    1.0000E-02   2.47538E-03 0.0032
    1.2589E-02   2.50782E-03 0.0032
    1.5849E-02   2.56193E-03 0.0031
    1.9953E-02   2.62927E-03 0.0031
    2.5119E-02   2.69603E-03 0.0031
    3.1623E-02   2.78695E-03 0.0031
    3.9811E-02   2.90353E-03 0.0031
    5.0119E-02   3.03450E-03 0.0031
    6.3096E-02   3.23188E-03 0.0031
    7.9433E-02   3.42831E-03 0.0031
    1.0000E-01   3.68604E-03 0.0031
    1.2589E-01   3.98926E-03 0.0031
    1.5849E-01   4.36957E-03 0.0031
    1.9953E-01   4.81709E-03 0.0031
    2.5119E-01   5.31103E-03 0.0031
    3.1623E-01   5.97360E-03 0.0030
    3.9811E-01   6.75455E-03 0.0030
    5.0119E-01   7.63456E-03 0.0030
    6.3096E-01   8.69289E-03 0.0029
    7.9433E-01   9.84509E-03 0.0029
    1.0000E+00   1.12438E-02 0.0028
